mlp_weights
I:4
J:5
K:1
V:
-1.30912041981207005747478433477227
-0.60806315784940867530394825735129
2.89270897691924488981385366059840
0.64463330274919961038193605418201
0.83582461941999464105634842781001
1.36022993485170928806837764568627
0.23731749545182387328701167916734
2.69880221630912320307515983586200
1.08968632803296894273614725534571
-0.81754511961298392819230684835929
-1.00294060938881357536445193545660
3.01278047360466594284389429958537
-0.72876523786842639651695208158344
-1.11181096900434628338416587212123
0.65083250940727732647417269618018
-0.98451628799557500126837794596213
-0.54240516944772720897560702724149
0.31535830127617292539810023299651
1.59689332802899741636792896315455
-0.63891238178653020352015801108791
0.07827865596777343337731025485482
-1.51091827662630184825331980391638
-0.14405544938077977090706838225742
0.48489232429828560411166904486890
0.13164635546600830795505032710935
W:
-0.96158455550597521366285036492627
0.96841241654347642864308909338433
0.79504636018580032708058524804073
-1.18294502480249308362658666737843
1.28272845751223263377482908254024
-0.49626999875363086989210614774493
