mlp_weights
I:4
J:5
K:1
V:
1.53188698288857838569754221680341
0.87756133527440838282274171433528
-0.43629136384212363619639063472277
0.29572330656050455077732408426527
-0.28102858154619070329971464161645
-0.26253631323987636214667418244062
1.50665380866980402885246803634800
-0.76839444531219724954240746228606
-1.80606457137366915866039107640972
0.28512969643444652234620662056841
-0.65259315615955038047957259550458
0.38856192271148931594026976199530
0.91785662230517495174808573210612
-0.02106093226414192109974266031713
-1.13063831678078607900772567518288
-0.31814176787121428713334125859546
-0.35545074842824436744948002342426
1.96644794276546241995617947395658
-1.73589842320524878616083697124850
-1.75002854463860346712067439511884
-1.51986670949102808947372977854684
1.87683735843893995109965544543229
-1.25736086268171787239111836242955
-1.12768691307180080052319226524560
3.55163225257199588469347872887738
W:
1.69035874627325410912703773647081
0.75176923812259199841889767412795
-2.32246354424062273480444673623424
0.89607753049047333959720162965823
-1.38053663153805161734055673150579
-0.80911373030226829694555590322125
