mlp_weights
I:4
J:5
K:1
V:
-2.79691948266582102178290369920433
2.03963977925468320506752206711099
3.38994785514721153063533165550325
-1.31902251247729029870470185414888
0.88110170428776002360393704293529
0.82395080148324839619533577206312
-0.36008337875290991059173961730266
1.32170072031750507335345901083201
2.28256886231271094445105518389028
0.72641855698013624298425838787807
-0.29091847962665878801757912697212
-0.02345725701398283791210275239791
-1.40729006413618851212277149898000
0.44180384239792780398659033380682
0.28561582196498885855007188183663
-0.53828943763836845093351257673930
-2.27322261348244980538879644882400
-1.29345839337369894472828946163645
-0.91664730163782159877428057370707
0.17824791715495225119525457557756
-1.52894300701445473578132805414498
3.33537849417007326024986468837596
-3.53792184227424755249558074865490
-0.56550718012237122245267073594732
-0.77855416421533851778491452932940
W:
-0.72387282655681406406955602506059
2.19245957940444036182725540129468
-0.72703620567619731129838100969209
-0.02353236047224858962234605996855
1.16216482011873600832529973558849
0.04301601279033686470176789384823
