565.782,581.127,100.695,178.908,612.329,511.617,492.061,537.572,467.212,649.317,214.916,708.68,294.556,405.942,242.419,
169.874,298.842,151.32,395.77,131.861,416.368,567.95,67.5237,572.522,121.338,130.114,586.718,62.0668,192.403,319.859,
366.623,172.379,182.525,77.8174,211.003,213.012,257.39,59.0148,158.796,280.556,181.665,209.841,365.554,232.738,190.24,
68.5322,97.4446,383.305,203.943,152.549,244.763,216.84,180.326,361.377,188.233,151.18,76.1173,175.236,426.582,299.144,
54.1934,121.892,539.319,129.329,187.718,250.748,48.8537,614.633,314.065,190.891,184.643,109.755,458.887,365.408,74.1058,
68.004,61.1617,106.709,192.474,408.803,70.0271,236.679,102.075,61.6264,242.923,69.5945,55.1382,112.028,123.485,73.3074,
53.6857,398.4,87.6524,244.237,52.6948,138.527,222.852,62.1993,293.417,322.95,210.447,164.506,208.842,47.4631,56.4034,
193.475,58.6729,122.114,59.7982,65.5506,223.608,115.047,52.8342,143.557,61.209,47.9365,59.864,56.2036,379.584,353.46,
104.955,62.708,168.942,159.002,63.0393,75.3568,224.417,56.9105,143.714,128.086,142.446,57.4253,55.8984,58.7546,59.5967,
362.43,47.5053,60.8726,48.2964,72.978,73.7515,50.8192,87.7309,85.5825,58.2263,74.1031,55.5207,226.345,147.572,181.411,
55.516,734.486,333.8,53.8018,100.795,74.0585,156.583,158.693,77.9567,76.4543,237.116,122.824,58.6041,64.7372,53.1122,
64.9623,148.016,697.515,63.7035,163.433,56.1306,317.679,62.5276,51.9773,50.7313,416.425,97.6226,294.834,203.942,56.4066,
163.126,227.272,153.822,47.0331,308.19,65.2957,128.73,441.551,70.9972,98.7396,52.0565,152.111,58.5808,105.793,56.0377,
52.5356,48.688,53.5954,127.785,111.34,46.6916,162.88,56.4024,54.2687,56.8356,58.208,71.8909,93.4481,57.1232,61.2742,
129.143,64.4652,55.5891,56.5735,53.2075,69.1912,66.4826,55.6739,255.713,328.541,48.5933,247.554,75.5165,53.5312,190.717,
52.3163,138.18,49.763,71.6053,51.3306,51.8669,58.2818,325.683,49.0498,55.9941,63.598,84.8914,59.255,161.134,193.883,
55.4892,59.359,56.2653,215.157,57.2342,62.113,168.824,58.2794,59.9805,243.721,55.8493,72.2939,69.6191,241.69,324.051,
217.152,52.6751,167.511,56.7363,149.379,198.385,60.7097,102.591,109.351,80.7981,59.1371,49.9238,58.5116,53.0142,62.8472,
107.166,84.7367,208.587,50.3701,234.234,280.086,231.85,263.705,109.146,60.6019,154.166,136.978,193.037,48.3777,93.6518,
51.0074,54.1008,61.8463,57.7498,57.0921,139.918,56.2088,56.6117,55.6623,145.736,286.84,61.2378,53.5847,141.241,58.8688,
97.2229,64.6757,65.98,293.426,146.273,88.8373,77.358,126.847,104.445,51.787,66.3184,150.031,48.6042,184.236,51.6867,
153.476,64.6581,141.742,70.6328,52.3037,111.405,77.9006,137.059,106.319,264.634,50.0276,156.961,109.8,58.3416,63.1898,
100.201,53.3591,255.787,48.3603,66.3253,50.6028,363.113,46.5418,56.7347,158.205,56.4259,49.1026,51.2642,47.6092,75.7588,
148.264,60.8331,57.4747,136.648,64.2507,99.1534,158.149,54.2261,183.262,136.427,72.216,238.857,145.541,56.1488,51.4537,
92.3405,57.5933,62.1431,128.982,54.7226,72.726,129.805,127.608,102.85,120.648,60.4824,107.065,144.49,51.4292,60.7086,
57.7299,198.746,60.0368,272.815,275.319,388.491,156.74,189.083,47.5372,67.9884,73.2601,57.5139,158.261,269.109,170.956,
62.1541,49.6914,56.7151,113.929,112.488,63.8993,116.038,49.2538,53.219,48.1007,52.7056,52.429,49.0735,365.944,226.435,
51.9493,59.5072,270.815,55.0856,195.964,61.8554,56.366,151.356,59.8216,61.533,88.271,195.93,58.7861,52.247,59.9469,
62.9357,178.151,115.201,75.0683,60.7111,355.023,49.067,73.6984,55.2703,53.549,51.1698,53.546,62.8901,105.272,91.2037,
52.7528,82.2681,58.0478,85.7025,60.1623,83.9135,70.6431,54.2376,355.92,53.3421,77.9154,177.052,66.0234,50.1729,59.0258,
462.054,55.2028,54.0192,61.1175,120.513,197.414,346.232,48.8753,408.559,55.3502,60.0703,275.097,107.61,62.5137,494.255,
59.8559,57.5046,106.019,125.02,90.828,64.686,55.0144,57.9152,62.2469,250.874,183.459,158.424,56.893,360.705,66.2121,
51.5314,68.0886,106.482,79.5368,60.9106,55.2809,110.696,88.4201,83.267,101.221,109.115,354.594,65.5277,92.3476,395.445,
54.5045,48.4838,106.493,276.788,56.2271,51.3042,67.5651,49.8442,48.1096,62.1308,55.9451,57.2825,51.3065,53.4412,148.231,
54.1495,58.0557,56.294,55.9327,56.9929,51.935,62.5919,163.784,57.3374,58.6314,51.2544,203.191,57.2981,58.6308,57.3502,
51.171,50.3156,56.126,259.043,51.7016,62.6454,49.8723,246.261,69.0364,73.8932,172.013,58.5175,52.7809,69.1239,240.378,
52.1892,54.1218,53.6493,94.3573,210.812,192.407,62.3714,56.5294,60.3109,54.8547,64.61,52.9152,48.0018,179.897,260.317,
59.4017,190.273,69.7255,161.472,58.5627,99.7988,128.74,281.391,357.98,375.542,58.0795,321.234,146.968,54.1418,108.482,
55.6338,53.8335,52.612,51.8777,109.366,55.9955,51.0713,51.3516,52.1799,56.6818,92.4226,131.13,268.528,127.968,54.0738,
50.0936,147.161,76.0729,48.762,95.4253,53.692,182.485,53.5267,66.3872,255.023,201.634,478.287,53.1444,270.584,460.096,
210.897,63.1566,228.922,59.7221,51.9247,107.288,57.6295,74.1474,55.8165,225.577,100.878,56.2487,52.9542,170.351,133.833,
112.27,59.8349,63.1498,53.8812,55.5463,200.664,334.943,53.8771,57.5633,56.2545,57.9644,53.933,63.5063,54.7663,55.1881,
49.2651,75.0927,51.8687,54.2856,257.063,150.534,56.0311,58.6355,154.066,56.2861,70.9525,145.824,60.7518,239.976,70.0814,
70.8048,60.3997,215.742,82.1732,78.859,370.805,358.734,201.988,91.2814,52.9764,74.3045,158.944,50.0369,103.893,275.819,
77.3667,61.9427,197.589,56.023,48.7318,190.539,56.4156,110.414,60.097,230.672,70.0831,50.0907,55.7551,50.7561,53.6727,
71.3843,178.728,54.1476,50.5808,53.7514,59.3625,95.1187,150.443,56.5285,95.9435,49.4368,66.4125,272.665,55.4192,59.0079,
58.906,61.7434,54.8738,66.4888,60.9404,55.7671,247.257,60.3018,346.867,82.3862,58.1447,92.7715,51.0937,59.2488,50.5748,
95.9014,57.8181,61.8807,203.027,45.2602,47.8283,368.546,116.524,50.8945,49.532,99.9834,50.3209,60.2287,136.852,51.872,
306.059,60.2737,114.675,226.446,63.8968,59.8652,53.0747,57.4421,67.0542,71.715,60.3641,62.6686,68.5559,92.0191,47.6391,
52.1739,103.361,137.201,168.055,122.531,132.22,57.7746,51.2118,78.5393,55.008,48.1109,47.9811,198.436,54.5745,50.0447,
