360.273,56.5163,245.109,712.979,504.704,85.333,445.148,469.553,601.956,602.838,538.026,451.098,656.509,102.916,585.745,
51.3112,173.047,298.063,305.477,423.106,55.0956,665.137,406.904,49.4606,545.876,56.5486,466.571,59.6426,467.141,195.959,
122.723,47.6787,49.8435,109.738,48.7313,49.3286,49.5579,123.696,53.9204,49.9083,49.0899,49.2849,73.3325,137.302,61.982,
66.9023,350.209,54.8405,168.861,58.195,49.4592,61.9363,50.5432,52.2325,50.4395,51.0617,91.9786,46.7783,65.7886,52.5399,
146.1,48.6355,59.7152,173.86,242.685,49.9785,93.3995,187.18,95.5048,64.1804,47.8152,63.8843,58.0148,129.676,401.413,
47.8222,64.7195,58.4355,344.907,61.4414,55.06,129.869,54.6572,57.6013,51.9955,52.8006,130.065,52.6742,258.726,50.354,
47.9451,231.999,66.2689,188.932,56.6751,46.6745,49.629,54.5403,55.8165,192.682,150.701,52.4759,52.1582,48.5037,134.421,
51.8831,55.3135,321.066,55.0835,48.2404,139.308,52.6435,46.3081,203.747,48.3218,57.5602,49.4922,52.284,50.2259,262.584,
149.743,48.4618,46.8279,53.8037,47.3027,58.9974,66.0013,49.1771,48.9829,57.2147,49.9318,259.809,72.7739,57.4284,115.763,
118.054,50.2962,57.4951,49.6523,49.5523,54.1128,217.802,241.021,502.937,49.4785,206.417,55.9683,152.09,54.2204,59.7995,
57.1692,52.8464,114.857,450.222,53.4772,59.7023,51.8246,52.7535,46.908,50.929,61.7627,190.7,51.2655,50.226,60.6241,
54.0106,58.6188,46.6646,51.0173,285.485,50.9459,53.2821,52.4619,61.9637,50.9267,82.9422,90.7659,57.4833,211.782,53.3525,
88.5965,54.1982,57.9757,67.6864,48.2959,55.6323,50.848,49.6881,242.199,56.149,59.2283,48.2977,48.3319,51.9512,56.2217,
57.974,56.8784,306.532,56.7197,167.374,63.8659,47.1611,58.9327,53.3167,46.52,48.1629,330.732,184.007,56.5045,113.302,
101.996,49.7516,52.2757,56.1518,64.0421,219.661,52.5968,52.2189,48.8183,50.5644,173.373,55.3575,191.776,48.924,49.9015,
51.5392,58.0052,51.7391,54.8474,422.098,51.1648,61.6904,549.062,63.6658,54.8879,63.4814,116.489,49.7935,61.6009,48.3078,
185.765,68.5079,186.338,62.2146,51.2412,149.386,65.3963,62.0263,55.9019,45.9037,51.0019,66.3864,47.9756,333.875,50.2608,
47.0083,53.9017,51.5584,60.3884,139.61,177.591,49.1138,52.0533,47.9738,54.1026,56.3154,52.2548,52.3018,59.2417,182.503,
52.8673,51.7491,63.3631,170.48,58.3496,52.869,258.29,46.9276,48.8322,54.3602,187.979,56.2335,58.54,110.813,59.3268,
49.6645,120.331,185.192,49.2837,53.7535,49.8759,55.3204,57.6487,50.1863,53.9462,193.824,46.3322,48.0134,51.4138,52.5057,
168.72,56.5731,53.1544,56.1431,54.74,54.4878,154.783,47.4035,48.0856,53.3658,64.8747,51.3601,62.6916,48.8136,67.358,
64.5262,54.172,54.8614,53.8503,186.577,61.1195,61.6078,66.0287,52.3355,56.033,60.0254,275.374,49.6742,115.083,51.1406,
51.4568,248.442,121.691,52.1013,52.3876,95.1594,52.1531,47.1795,49.2809,61.8362,54.8067,157.159,54.4328,133.185,54.6031,
142.689,151.311,52.2626,283.331,260.513,58.5574,141.085,61.5636,53.0766,77.655,65.627,48.5679,54.1605,59.246,55.5883,
278.872,278.076,55.5289,50.1996,51.8353,51.7466,291.706,196.89,104.716,51.1829,51.4991,56.8745,53.5154,53.9517,164.424,
47.5316,51.2232,120.515,56.5131,49.0468,108.651,49.1845,66.3934,61.2585,46.1728,50.8587,48.7649,59.2325,48.7416,52.501,
63.6756,52.5046,47.7558,57.9172,59.7597,58.1095,164.579,53.6687,154.501,45.6513,47.2907,48.8512,57.6914,49.325,187.314,
49.6275,53.5398,48.3259,148.394,50.1702,150.879,236.476,62.1865,57.2441,48.1379,201.639,49.3986,181.554,186.321,55.435,
173.662,173.529,109.411,48.1435,140.244,54.8231,59.8626,48.7681,49.5657,47.6768,65.3375,59.8196,160.351,50.0425,50.7924,
185.311,53.464,53.3907,48.4986,51.76,61.8807,340.035,49.5973,50.5493,59.557,94.487,62.8696,50.3302,55.0171,54.5222,
485.94,47.6537,122.163,264.647,51.4239,59.9324,47.4871,62.6833,48.2246,51.7761,189.29,51.192,224.464,48.8929,55.6672,
58.7835,47.392,284.021,69.6504,236.405,51.0244,47.6122,57.5018,54.2719,255.442,53.8291,50.4452,122.102,149.525,61.4391,
129.826,48.9272,53.3057,50.6593,107.75,51.0812,48.9646,73.1003,312.206,49.6092,66.1672,48.5607,72.8047,61.1367,58.0076,
49.575,56.6208,47.4516,53.382,62.9555,51.3273,70.1366,54.6114,59.7226,46.0642,49.1263,54.8152,45.824,137.068,53.0923,
53.2891,52.4883,46.7476,49.5101,55.3438,48.2357,49.4408,96.6666,50.63,52.3688,119.126,390.558,177.097,200.407,48.5586,
56.6666,51.5568,51.8222,47.8159,68.481,51.263,49.1317,140.58,53.729,135.562,59.5518,49.5944,50.4354,49.863,161.382,
48.5552,52.3632,49.7811,51.9078,232.888,54.6177,69.7592,46.6111,55.2812,48.1385,320.197,54.565,277.409,60.5942,58.2968,
172.699,57.7817,46.0621,47.1624,49.831,55.3501,50.1281,52.1461,136.265,51.5418,49.3685,49.9924,52.2447,50.3724,48.3339,
299.329,46.7731,50.4276,50.9424,55.3334,62.6009,49.9531,66.4949,54.7569,345.06,224.565,87.3266,50.5152,65.1881,51.4986,
49.1106,57.8354,52.0345,65.1819,52.9979,67.5218,70.6834,52.9945,69.3465,51.0106,46.9031,168.725,48.6363,64.8177,197.864,
296.122,296.823,47.8796,284.664,50.4433,192.806,59.6227,71.8259,425.731,57.5558,154.934,69.6646,50.5213,57.5062,46.8671,
54.0629,47.8104,153.431,50.815,121.297,99.0185,211.545,55.6762,53.2409,89.6471,170.249,51.3072,52.9999,54.1527,172.757,
67.2619,53.3525,150.715,67.8401,52.1629,53.3307,169.529,191.829,53.8196,160.5,53.367,61.3806,55.4494,51.4391,53.0937,
142.438,50.5754,56.5122,59.9258,50.7591,58.805,61.0611,63.9338,47.7336,53.9926,53.9656,55.5586,249.69,189.204,61.6984,
53.1953,53.0387,54.4954,56.9329,50.6385,50.4154,55.9905,47.3055,66.0923,158.178,50.1206,59.1329,64.5381,50.9089,56.5649,
51.4658,57.1269,61.1241,86.2519,54.9585,128.891,58.9369,47.4192,51.2926,55.539,55.1319,177.041,56.4844,64.3071,60.0304,
54.4583,56.7405,73.2968,185.309,61.7502,144.911,135.235,50.1209,57.8406,63.3845,185.601,112.01,57.6579,51.6995,84.0446,
65.9821,53.1694,147.616,68.2268,75.4422,67.184,49.7055,56.2012,63.8835,52.9487,57.5933,196.28,45.3809,174.723,54.402,
77.7644,50.4979,59.5595,73.5149,148.69,125.998,108.063,273.402,143.318,62.6094,66.2331,47.5447,55.4266,166.116,54.3945,
58.909,50.424,49.8898,59.022,49.445,317.207,205.359,85.1607,64.8194,49.9165,55.469,55.5079,51.6098,46.9438,144.661,
