720.55,98.4766,369.275,566.968,585.519,661.391,569.874,257.415,458.79,360.303,565.095,416.086,627.867,107.915,583.331,
147.267,369.912,441.464,316.515,192.898,418.396,546.571,602.886,298.734,419.138,357.453,371.5,300.927,48.4421,236.658,
48.6663,211.115,271.632,57.8069,81.1094,69.2617,188.702,55.4066,194.598,52.6236,57.3194,163.694,59.4831,59.5782,49.4124,
53.4745,51.9704,56.3777,51.1223,127.641,90.3585,134.589,73.8887,62.1413,54.4841,65.4579,92.4545,46.0075,65.5166,66.2158,
54.7067,178.987,50.9681,51.1345,49.2739,46.825,240.072,50.0286,347.143,174.233,136.098,96.3948,159.404,43.8383,53.5223,
52.7832,51.13,129.733,53.9553,265.318,59.6909,335.375,52.0577,47.532,48.085,80.8964,53.3886,49.0235,132.837,55.7685,
52.8479,54.9697,56.9786,119.848,52.6121,51.7436,105.994,50.6399,56.1812,51.8647,65.3664,58.0465,52.9168,61.2803,201.275,
48.7048,51.1034,56.9187,202.687,58.5994,44.8172,61.5552,50.5661,49.9485,192.217,49.3366,54.72,56.957,49.5725,48.1181,
50.4913,48.5031,50.6214,70.0235,47.5423,52.865,159.081,47.0604,66.2688,122.997,45.8207,344.033,271.641,48.2978,51.3123,
48.1939,53.1799,52.0365,50.4528,54.6622,55.914,165.621,47.0655,141.829,47.834,61.8713,50.2971,50.6021,50.157,125.095,
49.1382,51.7645,56.1924,229.577,64.3521,275.502,55.9941,49.3043,49.97,49.7057,55.0446,48.9446,56.4216,132.265,54.683,
656.422,51.3254,221.845,47.4672,52.1011,61.6011,91.9156,46.6176,53.1956,105.434,128.544,49.342,52.5749,62.2413,50.3453,
53.2872,60.7417,153.079,49.1322,252.183,56.0485,51.5265,125.301,48.8059,48.0953,52.9118,58.6036,66.8803,46.7837,51.0616,
121.194,49.9269,46.6571,49.4204,190.482,49.4238,55.5291,49.6417,51.0197,202.631,55.5039,72.0275,50.2186,56.8715,50.1501,
51.9766,53.3987,60.2081,140.03,46.7723,53.621,47.7392,52.277,57.3362,62.7399,49.2006,49.4577,51.7073,58.9671,46.2495,
45.2648,115.142,55.0055,57.5591,49.3456,316.787,254.353,53.1309,57.3055,119.156,57.1785,54.3389,54.086,50.0681,54.4118,
48.6462,173.856,277.09,56.5363,92.198,46.4457,52.64,66.0918,48.0855,51.6046,287.47,52.5688,56.0516,48.4153,53.3877,
53.8884,52.7822,294.011,241.78,61.069,58.929,64.1895,142.615,54.2704,45.0763,137.224,248.828,54.3626,53.6088,46.0354,
154.751,65.6295,49.534,54.5261,51.0175,50.9333,52.0842,101.875,47.3759,59.1327,47.3542,46.3884,260.488,52.5268,95.2007,
51.2143,250.907,50.7277,53.7978,64.3024,48.066,55.4579,47.5479,52.0355,51.0816,58.6164,55.3067,48.4095,68.7863,53.0391,
342.849,47.9083,147.913,221.03,54.9492,198.203,45.4775,49.9546,49.9014,56.1379,118.114,475.837,53.6726,57.6669,47.6928,
226.647,273.922,49.2688,51.5625,286.034,49.4776,314.955,47.8297,49.8645,47.6504,58.5959,58.8634,50.8102,51.3337,52.6024,
62.623,143.323,67.8599,192.958,60.1255,55.1564,51.4487,45.8929,57.4538,48.1155,52.48,55.347,55.4462,47.165,57.1958,
45.8764,65.1018,52.6374,53.7083,59.4524,55.9915,178.668,53.7448,71.7132,579.499,260.933,58.9211,164.835,150.253,49.3785,
56.9691,55.2754,53.3928,60.2313,49.4694,47.7738,90.6044,130.346,48.0703,49.1248,50.042,51.4381,183.118,49.1654,56.7109,
601.51,57.3723,50.9073,175.382,48.5913,47.1245,55.7357,92.9584,67.8586,50.7981,49.4049,51.0049,400.512,49.2849,52.0003,
55.3849,436.068,150.014,52.2968,49.871,52.4689,58.0577,56.8963,328.315,95.9461,282.245,162.053,52.7109,49.6896,46.1848,
58.7511,51.0895,61.1882,48.9945,49.7028,57.3005,47.1295,55.0196,47.1023,110.385,166.683,58.1065,46.3548,55.899,54.6797,
111.752,48.4238,50.6756,84.5457,111.667,58.975,60.8555,69.7015,50.9369,281.958,46.3434,58.7486,57.4758,187.491,58.0034,
45.3811,52.7895,49.3513,53.1068,55.9336,50.1629,48.1923,45.6931,46.3298,380.114,479.682,267.051,429.895,46.1169,46.2853,
292.547,52.1807,47.8586,51.4207,50.1561,55.854,73.3696,62.3534,121.237,59.0315,60.3368,46.635,50.9233,50.2904,53.8799,
48.1887,57.7383,56.4684,48.5412,47.837,51.1064,55.065,118.785,72.6463,58.5471,46.956,55.863,54.2821,48.5153,59.4116,
49.6756,65.1082,54.7744,335.57,44.4697,46.327,172.438,61.4165,137.763,170.279,111.962,126.403,47.5553,61.4656,48.5263,
48.4623,54.1148,63.0381,52.765,45.432,44.7577,103.663,191.354,49.171,52.8057,132.151,49.7163,51.6936,46.4228,55.7577,
183.483,53.9663,200.003,51.8307,412.315,48.5824,53.1734,71.8918,49.3574,48.8121,175.973,77.0345,50.0032,67.3675,116.082,
62.8896,46.1613,52.1058,54.0631,55.5217,46.4534,54.9085,57.9955,52.6345,311.1,46.7688,50.2178,54.995,178.018,81.209,
58.9991,56.4906,119.345,57.49,116.023,53.0019,54.2044,54.5945,541.789,49.722,131.532,266.319,252.51,49.8034,129.594,
51.1515,73.4899,48.6291,50.7476,50.7367,141.258,53.1417,54.6857,50.6537,52.9447,67.0916,55.2127,57.513,69.0457,62.8519,
57.2155,194.345,57.2668,51.9369,49.1908,269.359,46.049,49.025,48.7546,95.9117,47.9468,70.5868,58.2448,50.5367,49.5633,
50.5787,134.114,55.5823,55.57,49.8069,50.2364,47.9334,155.077,140.079,48.5178,54.3359,120.153,48.2785,52.4746,61.2257,
54.3254,53.051,288.138,64.2308,49.118,139.884,133.81,165.031,56.8565,55.1517,49.6129,50.5466,52.1466,53.2348,45.0481,
116.246,48.3645,57.1882,51.7967,47.1821,213.65,53.5025,47.1514,179.353,58.9182,62.3273,218.18,50.9166,53.7356,57.2313,
57.8012,97.1502,63.0819,47.8225,55.016,53.4188,48.338,53.3269,53.3966,47.7833,315.378,51.6039,48.2838,50.6359,53.2361,
55.9873,51.8232,133.51,60.5794,49.9766,57.2151,47.3236,48.7114,59.7328,54.4492,50.6134,48.5191,64.0333,56.037,237.303,
48.8375,49.4684,46.3878,56.5583,54.5728,63.8056,93.4132,186.621,60.6215,53.1231,182.876,311.113,65.6455,51.2576,52.4617,
58.4396,49.9222,56.4458,52.2681,68.1151,59.8599,56.0184,65.227,91.2855,54.2352,265.711,59.5224,59.3644,447.931,57.343,
54.5048,44.9719,142.792,314.988,46.5883,56.4075,135.025,49.7998,52.7752,49.9112,55.8077,48.8506,109.766,51.2354,49.0898,
45.7383,47.5312,50.6655,56.1452,299.228,56.5539,47.8627,204.111,58.8847,50.0461,50.4418,261.817,50.8475,56.0302,51.3628,
78.1472,63.1066,259.367,53.3695,62.7632,64.1677,49.1174,88.9506,49.8634,53.943,46.0696,55.4078,53.8656,54.0867,46.4786,
53.8027,48.7789,52.0168,78.166,181.383,55.7731,48.2525,182.778,50.5411,209.765,60.3119,48.6156,58.0722,49.9075,48.5435,
