404.609,496.788,468.207,469.435,375.883,522.462,477.693,631.718,448.974,398.194,413.795,589.327,561.937,547.318,308.033,
245.041,407.843,426.795,591.563,662.274,298.106,480.828,446.475,525.602,657.828,389.937,512.545,505.272,549.785,527.82,
364.717,556.664,488.689,454.551,247.154,492.268,514.349,683.11,371.382,314.255,417.268,590.934,679.922,474.76,305.998,
467.247,473.848,434.324,440.029,361.175,330.943,354.352,292.339,416.118,600.015,97.1715,241.045,261.002,426.832,635.536,
644.929,320.461,307.553,494.918,466.608,438.71,180.16,370.614,459.842,455.557,489.124,557.554,401.065,231.117,199.531,
393.709,172.936,479.203,304.264,438.349,490.269,321.112,428.955,507.09,153.958,354.466,215.406,260.258,260.756,226.133,
334.767,380.964,367.021,267.609,559.691,247.582,261.97,179.594,165.992,211.229,251.701,301.713,428.845,268.602,289.799,
326.339,258.497,306.272,436.901,289.695,274.705,233.982,537.867,349.924,235.3,278.887,426.693,278.101,591.166,237.131,
216.543,255.125,304.27,96.198,286.178,381.868,569.888,211.434,246.326,243.985,333.317,317.059,280.055,196.162,681.762,
208.266,318.283,202.58,242.634,302.665,219.84,237.295,337.753,222.443,201.651,517.858,292.211,162.253,342.439,176.373,
364.774,520.548,510.141,213.904,348.332,188.893,423.76,462.386,246.124,197.091,212.595,641.156,279,247.846,218.194,
404.685,360.557,464.387,403.694,251.454,399.873,448.829,303.662,631.096,317.352,402.282,612.816,386.454,276.707,231.781,
365.98,273.086,263.472,188.115,406.055,466.952,281.022,356.95,255.5,559.809,122.659,140.666,405.335,218.222,427.414,
563.724,563.528,194.919,221.445,353.578,444.673,640.064,552.235,482.158,221.113,454.616,442.322,361.221,275.898,453.708,
683.475,318.287,343.053,339.005,336.752,229.146,248.318,147.34,214.349,265.015,224.98,272.656,183.931,245.15,466.528,
439.671,175.905,414.398,394.79,165.221,291.026,323.441,333.686,174.746,284.036,320.629,394.919,292.833,576.462,181.666,
208.325,348.941,319.93,181.683,256,136.409,209.448,391.774,161.708,301.234,246.92,214.221,339.025,271.378,436.813,
291.302,322.895,202.961,323.492,242.18,481.523,384.702,474.119,347.818,214.628,364.513,178.81,195.244,319.091,283.761,
304.948,177.428,328.377,245.089,117.75,351.04,314.174,270.679,279.348,207.667,661.087,564.282,594.631,148.874,293.207,
510.038,256.197,344.848,638.237,393.128,401.452,246.513,304.935,488.436,235.84,342.925,197.866,92.0788,156.083,275.238,
244.465,270.002,213.367,223.451,313.876,535.586,201.727,214.094,337.205,685.026,546.887,329.174,305.228,190.325,289.716,
294.21,397.698,373.87,248.657,450.359,487.431,199.414,233.959,544.078,509.001,197.128,358.443,233.37,178.426,677.803,
212.228,166.438,598.09,549.08,261.572,176.332,261.625,528.439,145.073,299.348,516.836,443.228,492.212,305.582,294.909,
261.27,582.8,275.198,289.176,599.507,326.848,412.699,271.443,438.389,277.17,452.052,145.033,204.256,235.246,304.982,
236.408,153.983,490.287,169.768,248.968,483.649,231.862,329.129,234.187,172.764,294.379,273.892,343.807,478.589,397.942,
412.27,420.176,193.098,222.747,228.373,184.057,229.511,372.74,458.265,464.803,347.019,438.421,280.113,658.986,301.238,
233.8,158.471,330.723,264.667,121.98,352.574,479.151,216.7,315.736,320.869,233.909,137.44,501.448,324.309,210.103,
181.082,514.82,316.565,386.293,198.691,182.414,184.11,432.632,557.085,228.284,270.016,559.597,198.005,416.128,265.211,
189.831,153.14,146.491,316.629,293.275,299.348,355.495,409.762,180.612,286.681,295.482,169.373,318.184,353.558,275.355,
184.297,219.664,273.098,501.472,464.637,356.203,119.359,319.337,363.975,241.562,430.377,474.201,216.093,614.569,193.145,
510.643,468.822,601.911,498.742,200.648,245.321,335.562,231.822,340.542,591.593,179.697,356.327,180.063,540.849,371.718,
233.647,111.23,373.022,312.181,194.156,272.856,181.375,170.819,226.297,458.77,260.636,502.292,252.283,232.975,237.176,
302.848,279.666,249.943,298.166,288.46,385.507,540.468,401.329,370.954,204.59,279.326,104.023,270.54,161.259,361.43,
176.952,396.384,281.423,243.345,315.522,220.551,307.326,525.165,370.809,165.708,432.524,488.2,245.113,389.787,332.225,
407.242,268.566,455.933,435.88,233.372,467.148,571.321,275.839,364.169,301.848,118.91,356.44,225.427,375.23,232.573,
566.026,445.698,411.624,245.888,199.746,390.92,410.449,539.744,140.193,260.481,486.511,481.863,417.782,343.443,164.98,
268.015,444.796,456.79,209.828,492.506,423.399,495.174,276.093,479.703,175.382,368.747,241.106,210.401,261.51,388.144,
297.995,497.916,259.604,426.555,222.295,197.166,224.38,242.928,461.832,328.928,176.25,405.263,345.124,126.789,365.008,
143.086,244.61,251.88,516.537,203.902,203.941,345.585,350.303,348.223,305.682,321.935,433.78,364.542,445.651,245.018,
507.089,196.585,295.439,499.809,190.084,160.643,515.162,257.74,157.796,322.238,473.249,145.668,228.217,228.91,252.687,
310.625,243.204,278.505,605.41,360.705,201.56,287.53,204.109,193.205,566.092,401.243,675.116,234.941,344.84,404.315,
381.459,171.583,252.775,437.954,236.327,235.919,315.744,267.091,297.401,337.217,397.325,216.822,228.816,292.108,342.792,
258.673,287.939,390.966,143.095,241.561,294.033,324.496,239.793,364.356,260.682,680.411,252.74,192.652,303.318,571.678,
289.092,236.636,260.579,250.999,521.449,311.897,256.064,706.435,242.552,242.102,392.28,433.66,140.629,232.392,278.259,
149.976,491.176,262.198,385.564,645.825,328.629,390.783,298.495,314.419,346.708,234.46,248.465,251.565,214.606,133.895,
233.638,365.916,236.895,464.987,196.24,354.92,181.829,600.032,313.184,259.734,342.484,240.708,263.845,209.454,217.258,
315.538,278.805,188.867,331.417,516.117,433.232,403.575,363.979,277.358,186.137,192.789,267.518,217.99,495.237,347.641,
408.355,444.837,646.17,471.644,136.52,454.658,238.317,118.502,256.051,339.143,330.21,149.557,191.297,172.941,446.065,
559.476,495.239,235.533,219.84,344.342,324.686,246.198,443.232,383.593,520.398,455.805,176.725,539.978,146.839,212.929,
289.078,188.39,163.638,301.985,228.789,478.817,343.044,220.864,319.12,295.553,279.608,239.079,219.304,218.384,231.928,
