352.388,666.534,417.947,392.682,672.459,273.53,274.288,333.235,623.759,331.161,678.329,287.97,376.446,707.487,644.764,
482.394,493.912,662.824,738.069,296.587,550.689,486.181,274.204,341.227,457.537,516.806,576.575,711.939,490.737,699.725,
340.332,612.379,600.116,557.361,659.511,398.189,429.046,341.796,454.091,234.062,682.454,700.196,256.034,346.093,586.504,
561.268,527,639.988,721.527,650.866,680.641,459.251,616.127,489.763,569.268,464.163,298.237,670.633,591.368,584.083,
370.792,605.518,306.793,394.572,605.746,681.939,582.536,399.228,756.127,712.727,485.593,472.878,345.806,672.019,622.021,
389.649,738.424,663.504,749.534,298.528,638.967,732.245,360.425,194.096,310.614,308.083,721.335,668.938,426.258,641.05,
403.175,437.912,327.067,480.946,413.392,750.041,710.635,628.525,671.721,627.383,603.734,279.652,392.266,667.521,661.679,
671.948,281.839,524.271,676.156,719.339,347.462,664.07,656.387,617.252,293.072,638.615,466.995,620.296,284.762,482.271,
590.762,583.165,667.568,628.109,322.579,387.358,246.906,642.808,310.904,533.101,338.228,395.522,333.954,297.629,556.819,
571.059,670.353,595.085,446.831,504.792,330.618,479.804,771.385,645.426,522.079,535.856,702.611,309.983,683.771,469.542,
663.647,396.372,429.081,223.953,378.776,338.105,584.264,659.177,507.877,344.234,343.891,697.698,640.008,541.318,732.489,
764.981,550.181,554.488,453.364,678.869,607.07,619.602,465.626,399.603,348.86,268.833,678.164,275.771,286.087,718.805,
414.853,607.555,469.537,520.044,448.652,271.093,265.286,336.69,679.835,546.459,702.539,285.465,650.927,311.878,276.655,
634.866,498.367,473.33,598.939,539.158,428.457,354.612,309.882,300.371,664.158,495.515,486.532,505.042,535.597,204.254,
694.694,333.96,361.764,370.413,531.574,323.252,608.958,225.809,360.003,718.043,385.612,681.72,551.136,484.746,611.156,
416.207,599.355,627.119,667.976,322.334,418.874,562.705,691.286,265.156,310.665,666.957,235.127,519.454,436.717,661.062,
638.561,603.972,488.531,329.028,384.517,330.605,368.416,632.528,665.779,641.372,713.682,647.037,382.367,333.126,517.651,
443.216,314.445,322.91,666.388,313.484,316.072,597.395,371.72,702.278,412.008,611.988,632.69,636.871,378.733,571.576,
696.545,568.846,667.965,298.391,558.46,695.46,336.197,401.605,567.09,554.591,224.898,717.254,375.948,270.75,723.894,
649.205,505.163,742.064,374.532,635.579,540.191,659.35,244.349,300.471,312.388,638.978,293.002,576.486,677.458,547.041,
541.701,657.458,537.44,597.256,394.759,561.971,575.157,538.195,325.915,512.04,330.479,535.531,500.039,329.583,610.091,
584.345,329.899,699.66,296.332,291.423,688.201,597.713,712.393,339.512,597.566,615.401,423.424,463.976,623.4,334.635,
234.975,654.404,435.325,697.265,654.534,677.044,572.1,441.583,348.336,666.94,466.083,532.978,652.892,589.128,436.815,
628.815,393.158,636.416,325.299,346.643,569.331,621.633,664.496,500.438,684.094,347.059,383.903,485.873,719.7,382.304,
659.334,663.061,466.303,560.136,665.122,636.582,675.544,629.968,492.117,554.294,722.377,626.358,611.226,408.821,506.84,
357.767,508.422,505.431,529.198,367.195,666.621,689.18,327.351,622.82,310.35,334.183,722.701,683.097,467.555,598.672,
424.325,723.393,255.645,686.24,620.789,261.179,368.272,286.01,472.281,310.503,351.403,242.68,429.676,362.61,706.602,
654.837,592.009,570.3,309.102,401.18,376.102,640.49,668.801,444.558,497.155,644.422,290.802,634.208,615.909,379.569,
540.874,389.479,614.551,374.397,690.768,430.02,645.089,541.411,585.753,451.521,433.587,370.65,445.745,685.15,541.942,
672.948,604.026,387.675,735.052,453.001,495.153,554.216,345.14,299.628,462.338,465.14,420.59,727.6,314.012,355.164,
691.52,695.557,357.309,696.535,346.701,356.703,633.464,357.829,515.194,327.875,377.513,368.117,663.016,277.099,704.473,
615.839,623.17,438.363,272.138,702.976,444.182,513.264,237.374,335.652,734.541,681.724,623.454,470.508,610.708,367.668,
632.269,430.76,382.015,640.718,733.895,371.901,686.266,682.245,714.834,396.943,690.393,560.305,629.161,288.959,540.103,
283.895,355.587,296.999,400.656,546.415,700.075,690.431,674.599,189.679,693.994,553.488,406.319,620.808,656.709,535.497,
515.663,301.988,630.019,597.44,410.328,659.492,265.91,448.474,641.482,593.724,660.583,587.997,286.909,424.985,722.661,
629.97,461.5,723.667,584.045,661.105,684.118,341.973,423.544,605.228,668.768,645.719,335.153,400.419,579.925,336.148,
626.462,639.713,376.064,530.907,513.122,735.172,736.234,379.393,403.381,492.76,271.899,593.331,443.149,309.36,551.045,
359.954,635.146,312.576,657.414,616.915,419.735,387.381,642.09,669.332,602.631,726.14,735.384,282.442,603.635,450.881,
313.51,609.417,482.3,287.803,504.637,536.205,653.669,434.521,543.371,618.587,608.42,440.522,674.096,620.392,290.191,
355.487,468.209,517.039,281.269,235.075,450.139,356.802,403.269,686.081,780.042,322.727,492.928,751.775,324.695,328.937,
684.042,693.212,722.59,309.732,412.4,301.838,502.468,552.87,427.072,646.013,607.608,668.59,371.953,693.501,355.506,
656.195,496.567,445.045,715.589,412.549,346.93,341.438,725.892,660.974,644.796,640.307,420.636,581.49,688.877,610.937,
549.449,629.508,413.734,683.668,487.027,660.325,347.165,344.708,580.214,664.809,640.925,698.002,325.91,499.035,672.111,
182.466,378.69,355.487,658.985,655.753,495.279,492.226,351.282,397.599,374.501,594.421,423.305,566.67,316.472,431.56,
492.607,767.262,312.991,265.969,460.051,259.136,757.595,617.168,596.384,611.184,620.78,649.154,379.732,338.838,457.725,
537.705,523.077,311.291,622.703,753.821,407.635,741.363,343.884,419.572,296.432,667.604,676.17,401.092,661.229,378.165,
395.525,393.277,352.842,350.216,325.145,466.962,463.643,267.977,362.07,522.894,403.529,718.368,641.024,381.402,465.602,
311.092,520.085,506.819,413.42,641.621,643.199,447.738,650.237,450.561,246.013,296.964,392.838,470.825,685.481,552.446,
357.984,455.234,674.119,321.824,703.518,552.383,251.459,639.826,609.782,303.443,307.901,367.997,288.271,455.401,447.258,
368.021,574.874,615.945,422.641,282.263,474.639,478.182,355.149,696.505,635.919,340.285,356.712,368.659,380.754,439.117,
