419.975,595.202,709.577,268.067,710.304,357.445,530.438,96.6638,548.502,315.416,299.386,309.857,380.325,149.042,683.657,
427.233,127.836,155.896,634.547,390.017,185.752,285.896,188.015,160.406,554.707,153.662,117.02,298.467,569.053,295.163,
176.22,115.774,135.8,275.557,197.958,213.678,106.906,395.519,127.201,204.002,280.435,225.529,86.5041,159.158,273.633,
272.941,623.621,422.526,311.641,169.74,278.428,195.74,401.92,115.567,486.667,126.183,213.322,375.494,215.83,173.372,
94.7299,131.117,181.831,480.481,256.551,114.356,456.796,611.404,448.788,151.098,128.13,422.133,169.099,185.942,182.241,
192.983,111.067,165.944,352.239,138.378,142.167,398.628,94.3354,294.23,252.274,136.013,327.598,250.341,349.582,216.897,
234.799,279.73,277.207,150.51,299.654,343.801,203.943,397.437,119.071,193.237,302.97,143.356,243.908,202.388,122.235,
219.602,378.416,455.004,179.558,116.855,136.607,404.582,142.146,198.627,394.875,236.606,530.171,248.825,281.623,293.718,
112.721,149.175,533.618,152.663,142.638,155.206,186.696,297.807,360.333,243.039,306.214,339.267,248.626,598.159,465.328,
146.732,108.407,116.279,268.905,324.563,452.419,170.202,185.177,201.812,224.257,251.266,489.532,65.9442,146.741,335.872,
203.258,186.435,391.147,489.075,199.416,236.26,71.3639,301.854,255.405,316.974,175.717,126.623,238.485,88.0856,367.142,
150.626,114.019,415.82,67.0612,356.524,119.547,218.772,129.788,358.31,169.596,279.803,146.292,196.398,104.154,246.497,
101.276,161.991,348.897,311.708,66.7825,236.066,96.6243,111.782,220.827,127.341,138.199,108.872,243.846,285.275,174.047,
204.211,584.801,132.244,250.345,264.194,146.864,216.828,173.806,450.484,506.709,99.725,73.7276,85.9406,193.072,68.5931,
298.525,321.665,189.728,354.536,171.629,141.744,130.744,96.2664,358.89,143.808,108.115,265.243,123.359,151.196,123.422,
216.268,490.128,499.891,283.362,87.8052,88.3488,467.453,210.729,387.71,243.947,167.7,397.945,546.862,137.249,134.943,
349.029,154.977,104.779,111.161,181.067,177.505,115.706,300.963,206.122,157.36,448.463,145.232,163.498,238.728,190.928,
319.589,369.471,59.501,263.381,123.691,308.453,124.273,279.062,235.461,392.296,170.762,348.548,338.271,286.919,402.114,
407.103,404.046,410.463,290.206,236.488,267.967,582.323,75.1437,82.499,576.799,637.851,330.793,379.809,156.04,196.939,
225.641,311.995,133.82,267.407,76.4034,221.825,214.473,243.465,63.9519,271.364,539.659,300.385,420.785,182.809,348.24,
85.3758,221.192,150.276,78.3456,192.023,295.322,244.104,143.21,118.412,180.011,231.539,101.065,555.628,243.138,232.753,
341.318,161.395,217.181,171.678,196.221,287.471,242.549,216.616,258.24,510.301,194.352,142.22,234.074,268.777,129.424,
295.139,229.481,141.829,209.344,133.043,212.395,441.451,360.952,328.252,301.459,451.117,209.648,97.916,162.449,177.975,
468.745,164.253,178.359,102.477,215.563,234.514,231.594,316.577,63.7342,67.4322,317.214,189.759,157.869,125.001,184.598,
136.573,204.73,267.572,158.173,108.724,235.121,149.062,157.512,122.905,178.886,319.978,227.363,162.602,172.852,275.689,
293.44,433.045,107.382,113.163,101.117,501.578,114.432,263.65,341.783,271.369,152.496,170.566,295.952,332.023,376.644,
70.9748,154.808,192.684,507.151,260.581,316.625,367.347,514.944,584.412,198.556,344.805,404.695,180.743,184.499,240.829,
220.237,494.886,342.631,118.638,134.434,263.095,353.337,194.543,434.828,143.75,225.004,128.812,488.13,102.583,225.084,
507.596,304.905,147.015,95.0825,97.2916,182.566,263.475,203.188,362.089,162.217,342.062,415.413,277.924,184.364,221.162,
134.198,229.203,204.288,184.948,402.783,82.0268,248.386,411.021,308.079,189.116,220.935,161.395,589.277,111.382,86.6164,
145.067,217.679,273.28,151.871,91.9003,78.8702,191.309,169.254,271.617,361.176,343.269,630.063,561.276,304.978,131.815,
277.255,194.116,284.581,101.109,173.625,271.824,95.6947,131.02,384.135,110.728,212.489,169.311,347.322,262.518,204.67,
388.465,300.225,198.223,176.418,383.955,154.294,423.675,168.865,397.725,144.403,248.254,282.754,73.4259,294.308,312.503,
316.273,362.765,208.809,306.495,99.7483,419.526,144.499,209.536,105.527,246.42,224.396,70.8861,144.089,164.198,380.276,
268.042,109.238,158.915,73.5826,120.646,440.763,229.91,360.623,213.508,495.006,497.031,447.992,587.147,158.247,197.348,
578.198,72.5316,106.02,212.795,256.366,205.295,187.411,290.004,447.895,228.724,77.7762,136.043,218.942,80.5432,183.235,
168.391,163.988,350.007,298.736,178.682,185.857,126.768,290.378,223.378,225.161,455.567,321.958,122.867,117.42,211.959,
390.03,192.828,212.288,91.4967,208.426,400.332,158.637,156.975,305.229,158.504,319.232,110.232,314.216,120.955,300.945,
229.778,188.367,144.911,184.588,576.847,128.302,137.995,143.578,179.877,159.888,648.695,188.97,214.409,82.3268,458.841,
81.406,465.685,295.866,127.744,149.35,79.2251,278.36,150.036,130.183,254.49,179.074,129.458,428.971,307.662,247.695,
260.788,212.869,442.298,239.214,75.8011,70.836,92.6172,504.101,161.555,135.283,98.2225,210.518,97.1523,416.543,487.092,
144.524,216.315,238.619,79.9684,449.271,312.708,114.151,195.774,161.261,128.9,162.349,186.996,193.119,288.202,243.653,
375.159,88.1686,70.0437,547.266,326.664,88.3943,151.432,136.598,214.549,157.209,95.5893,128.06,175.482,77.1222,63.3286,
313.509,160.226,395.742,327.504,537.67,89.7814,281.741,105.854,376.435,202.162,197.685,592.779,128.817,163.83,67.4479,
151.645,121.457,297.279,459.662,273.88,218.542,284.111,238.795,215.307,225.664,208.47,452.649,229.926,219.5,215.756,
285.456,186.744,82.6439,324.607,284.941,278.458,475.052,152.941,134.74,495.304,548.255,162.814,231.039,561.329,120.824,
262.923,213.583,207.222,287.835,177.178,475.095,155.722,362.193,243.988,122.38,454.363,265.292,307.725,513.233,195.014,
143.493,487.677,163.843,74.305,70.8744,350.253,92.4387,239.764,243.795,158.005,206.373,144.818,163.323,84.5156,267.343,
303.379,465.337,232.145,118.966,252.511,424.259,136.074,217.237,220.945,518.213,226.159,107.055,87.1782,151.562,127.595,
243.522,272.898,95.5638,123.997,300.384,150.799,187.701,158.536,113.508,367.873,227.076,172.142,121.987,182.992,225.204,
