290.259,124.097,591.497,311.892,327.723,496.602,524.518,564.341,477.022,668.368,372.184,737.122,302.791,331.431,750.312,
280.843,617.724,609.18,273.05,188.962,155.42,401.8,422.551,277.405,334.75,174.795,306.855,239.056,476.864,369.079,
321.23,199.182,286.575,244.237,238.623,160.769,151.412,271.285,203.773,238.484,568.496,251.554,259.025,341.878,150.095,
287.204,273.96,186.809,420,199.037,162.206,513.612,119.039,267.049,330.671,208.07,225.178,258.998,247.547,229.739,
241.252,236.847,135.278,186.256,294.174,124.194,396.707,101.636,192.862,194.137,252.15,201.185,249.741,466.419,191.108,
114.72,104.373,205.785,256.009,533.637,142.871,260.879,362.448,354.647,220.426,562.366,189.321,133.287,204.724,94.3639,
166.561,340.988,129.235,144.726,103.481,236.067,207.37,81.3702,339.847,168.869,561.21,484.095,228.47,151.637,114.168,
380.86,97.725,425.933,268.026,94.9552,92.0786,136.661,654.168,396.321,226.453,208.049,291.801,554.075,127.955,275.61,
195.509,156.836,474.311,271.119,279.169,68.8996,188.262,129.632,225.009,178.234,52.4491,338.771,339.268,385.792,141.041,
65.866,97.1851,217.613,215.258,108.068,51.0508,128.211,96.8381,58.6386,510.649,76.8868,124.583,74.6589,252.604,262.725,
188.575,64.4691,57.252,241.742,64.0565,177.273,214.494,392.174,226.553,269.191,54.9106,55.084,164.742,56.6615,66.4119,
57.6508,52.5409,55.9822,58.8457,76.0795,377.862,63.8835,72.9514,194.797,64.0428,204.22,62.6091,168.616,115.541,170.73,
55.0464,145.593,56.9401,56.9567,67.7,296.782,59.9896,129.32,62.0818,192.158,61.5305,63.5403,134.164,431.336,62.8122,
339.114,140.795,85.3569,141.15,144.051,47.0659,52.4165,55.7248,64.5307,211.801,139.873,51.0347,157.887,59.5472,59.7026,
64.1256,52.2074,54.6572,61.9491,143.556,70.9057,59.8568,60.9857,140.395,47.5624,56.7194,129.315,76.5753,53.3189,54.4431,
51.6525,71.5132,49.8502,58.6301,51.2554,79.8865,74.8112,49.8776,130.046,430.986,192.176,52.2227,61.2239,51.8402,72.1081,
45.9792,55.9125,57.1594,50.2842,63.7214,61.7263,51.8374,51.9609,365.268,158.219,47.5107,51.0982,56.1833,59.1169,331.31,
50.0214,159.792,55.0352,56.5529,51.4201,69.2318,193.414,50.8768,57.9671,68.9081,181.885,112.57,85.8781,60.3938,51.2796,
55.4863,79.2109,58.8148,53.7297,55.1111,65.236,49.5745,65.7376,64.6532,57.2249,48.3518,45.7308,52.9803,56.9576,61.0003,
51.9314,51.9124,188.66,431.766,63.1464,51.3561,50.7449,55.3293,294.738,61.3074,56.4683,62.4441,45.5074,51.4842,54.3522,
230.751,51.7493,59.846,51.9273,47.5495,58.5987,55.2619,58.151,55.6698,59.31,53.9921,127.083,216.02,65.6347,54.9947,
50.6903,46.9598,57.6744,49.6961,51.8796,57.7461,61.6623,58.1688,166.271,365.115,56.5277,50.7334,296.806,68.6747,59.4319,
52.7463,61.8607,81.1036,146.746,233.462,55.3032,63.0597,109.581,61.4609,51.6071,57.7437,48.9591,52.5578,50.1061,153.559,
55.5428,49.8819,194.206,50.749,49.3249,199.533,103.384,66.2816,116.917,54.9331,62.9476,72.4719,50.9119,57.4756,52.8919,
143.953,58.955,56.7294,57.725,64.5536,298.127,50.7475,52.1547,296.904,271.549,58.2792,53.5143,55.027,54.8042,46.4652,
50.86,47.8123,55.8187,47.9108,143.613,53.7013,52.932,162.654,241.007,71.408,265.367,246.38,47.9638,49.7517,51.079,
199.034,58.8288,58.2725,61.9808,73.9745,49.142,61.0273,49.2837,79.2474,51.1896,186.189,90.6998,54.906,58.2108,50.141,
333.353,52.5131,51.371,53.084,54.6767,49.1141,106.26,123.843,53.1924,177.904,53.5206,173.115,51.6717,56.3575,153.655,
51.6735,54.9467,83.9766,173.987,178.936,69.0561,51.0516,51.1667,50.7549,96.1244,55.4317,213.45,53.2105,50.0287,50.1891,
60.8674,62.2012,53.2819,209.928,54.4377,54.7274,44.6929,131.159,46.8619,54.0064,48.4138,154.793,51.005,51.4677,56.2166,
50.4585,52.551,60.0559,55.2006,63.7444,204.454,258.805,50.4724,46.8933,51.4305,46.704,49.252,50.4633,263.942,238.562,
98.6916,50.6604,54.9186,60.8864,71.8725,48.0563,49.5236,171.853,291.569,71.4133,46.4541,48.1311,55.2758,67.0567,180.003,
97.2988,51.3793,70.7269,60.8816,47.2008,54.9439,182.609,229.418,63.0937,50.2315,151.41,60.988,57.3941,51.6359,49.8171,
51.7775,57.2527,57.5303,196.143,51.0535,238.498,54.9877,125.079,302.572,57.2696,139.432,185.068,55.7612,72.0126,62.7191,
47.3778,49.5098,53.1378,50.358,74.5075,142.204,145.045,54.0658,283.709,47.9472,47.7714,49.7696,48.541,112.272,184.112,
50.2112,53.036,219.157,136.739,385.517,52.0863,70.9587,55.2354,50.6546,51.0922,56.3943,46.8553,50.8073,50.3939,160.648,
64.3268,235.116,53.7761,62.0633,82.2114,47.5099,55.9572,49.5202,52.0304,294.384,110.825,49.0957,74.758,71.9017,59.0269,
281.067,66.585,45.757,49.6227,52.0188,93.6585,58.9052,54.4443,179.145,54.5382,47.7526,75.0221,48.9228,55.9055,90.1691,
196.662,177.081,52.4866,56.6493,184.406,47.2729,120.243,56.7828,51.576,142.192,91.1132,81.9221,52.2809,123.962,56.4235,
48.8766,63.9116,132.027,71.1218,55.463,47.6333,58.4632,74.7797,58.9076,63.2939,68.5015,56.0513,53.9402,58.907,255.678,
51.6925,50.658,57.3026,68.7972,52.547,169.887,129.219,47.4871,51.032,50.9333,64.5436,51.519,53.8169,75.2122,60.354,
317.964,82.7801,344.718,127.154,194.859,59.5866,294.623,87.1518,61.4952,54.6621,44.7848,56.4338,68.4311,44.4358,76.6753,
51.5818,53.919,135.639,50.3196,68.024,51.9494,320.743,59.068,49.7456,49.2113,56.8139,50.6555,113.881,118.443,49.7442,
50.9928,251.846,66.339,49.6325,127.405,342.646,55.9184,53.6992,50.1704,49.0155,59.1175,56.6113,58.6566,73.9435,49.6054,
51.9102,49.3239,415.792,56.0987,60.1728,64.036,56.9563,52.5475,49.7953,55.7534,60.4551,132.99,58.1513,53.7324,49.7072,
54.4773,48.5609,56.456,56.1394,48.863,48.135,53.4315,59.0564,70.6097,324.745,122.983,51.672,57.2145,59.6435,48.5266,
112.568,51.0967,56.5092,48.482,56.9064,54.5354,77.4999,50.1617,56.1471,195.433,171.947,46.3266,63.2323,54.4828,51.3832,
51.7941,59.0243,48.793,51.3836,49.7919,55.2229,45.2674,166.832,56.0257,49.2326,74.1855,47.4737,68.9278,53.5859,60.6288,
50.2506,125.24,53.9827,187.985,307.269,63.647,59.6881,79.0691,50.584,48.1766,56.5334,54.6647,161.059,61.2294,175.024,
59.1866,46.4343,47.9446,277.376,52.3404,51.8273,52.6872,56.1871,73.0828,62.9977,58.9064,65.5396,48.0663,48.8193,51.7627,
