436.182,620.44,145.625,491.545,465.62,508.877,378.687,517.983,481.937,265.916,548.789,584.712,610.815,365.051,672.2,
515.352,338.092,392.884,571.328,269.006,289.937,395.651,344.596,599.023,486.691,608.512,452.161,538.281,696.327,240.559,
322.321,316.435,449.01,258.107,424.385,164.156,412.052,366.883,436.038,408.506,521.318,171.474,437.262,542.873,570.989,
315.697,625.7,256.309,377.316,438.895,117.23,254.224,228.74,254.213,305.688,457.748,574.138,651.54,388.409,598.499,
250.602,239.962,262.729,571.929,270.214,583.6,403.166,481.956,176.353,645.221,470.638,198.418,471.186,285.427,386.404,
356.605,176.776,399.669,283.912,208.547,339.347,381.268,315.088,469.686,671.173,429.182,355.542,215.883,269.332,272.294,
324.784,171.546,285.428,493.656,400.743,375.755,533.25,220.852,269.057,196.801,429.195,413.488,289.888,201.258,479.03,
333.046,382.497,501.649,407.496,184.37,376.511,348.664,366.582,165.028,511.653,211.53,295.3,318.262,191.192,210.878,
233.031,337.829,546.637,293.987,714.597,399.284,573.26,473.362,558.916,274.262,433.546,174.345,278.801,337.206,410.345,
271.733,183.715,352.226,208.096,297.925,155.537,256.359,473.835,567.606,379.502,514.399,133.217,438.251,651.452,287.263,
446.36,178.247,228.054,203.11,167.659,514.925,395.182,134.223,526.248,192.323,401.717,264.526,361.908,224.019,518.604,
456.041,533.941,592.592,203.671,161.059,474.339,529.818,141.809,329.626,253.011,615.986,725.473,390.388,340.178,176.422,
321.202,228.347,260.309,209.984,271.035,510.683,460.943,575.689,257.042,162.109,691.963,399.322,245.963,630.439,182.802,
521.479,242.703,227.356,264.03,585.094,337.629,183.845,355.762,511.324,359.797,238.339,375.069,380.117,592.375,235.503,
252.213,372.701,160.809,405.596,369.658,450.453,553.066,241.047,516.197,393.183,160.113,725.328,231.856,229.267,177.055,
172.477,497.295,277.477,299.912,312.948,243.583,257.583,199.115,407.509,453.664,450.965,583.988,654.311,313.129,352.375,
458.6,268.135,473.319,421.744,329.177,440.803,238.74,609.957,343.321,370.475,363.687,532.694,240.782,466.835,398.913,
513.664,233.504,242.792,231.006,640.058,189.596,240.884,317.266,268.087,257.747,222.319,293.386,318.736,342.35,203.807,
194.354,265.577,432.421,410.114,160.229,501.353,291.034,446.477,295.485,325.474,333.099,323.34,229.715,546.837,189.698,
276.956,164.783,258.261,572.954,274.141,279.761,267.779,399.099,268.144,333.051,348.246,308.461,256.839,291.628,157.85,
412.541,256.032,706.635,406.496,225.556,612.262,219.356,468.756,530.204,329.683,175.987,375.491,379.681,157.988,153.277,
442.103,498.939,503.523,216.338,384.853,534.613,488.929,225.69,444.473,203.124,366.81,183.548,381.214,197.575,460.657,
308.16,254.695,551.705,333.462,293.712,290.145,443.35,239.661,547.64,292.658,159.513,317.738,578.659,181.947,288.578,
247.793,319.369,386.775,568.26,201.314,311.234,122.583,277.505,507.121,443.854,489.024,233.629,148.034,377.433,285.849,
383.901,374.496,383,373.28,295.274,416.415,221.712,560.904,347.426,213.986,182.801,478.686,394.733,655.049,419.677,
305.955,351.993,183.59,375.652,165.035,284.495,182.233,294.806,322.36,498.697,178.566,261.689,198.466,154.059,344.717,
234.726,325.66,199.28,133.914,270.021,349.557,525.544,389.604,251.756,230.57,350.335,495.041,271.372,254.457,289.937,
467.912,322.08,490.501,575.425,469.151,344.777,312.895,419.324,433.503,263.895,254.655,618.981,644.55,295.834,348.718,
179.193,135.968,137.837,152.634,233.884,277.005,252.319,214.87,260.334,448.096,420.89,135.442,344.773,232.802,494.214,
189.999,235.77,170.891,260.456,158.521,365.305,309.186,388.474,222.358,217.988,192.69,308.982,372.083,194.617,242.758,
155.858,301.297,230.362,338.096,262.034,133.929,607.766,157.09,153.251,614.105,593.433,171.256,205.587,200.756,114.407,
356.582,387.479,248.579,198.67,244.749,176.742,214.317,396.678,336.507,409.731,165.472,480.468,545.345,260.837,177.772,
180.523,367.658,512.499,164.872,571.048,189.11,506.214,171.443,429.291,259.728,353.376,628.089,484.711,306.077,171.509,
401.765,175.921,307.264,208.973,218.332,491.396,294.772,259.794,430.698,347.456,242.162,346.368,223.861,238.832,221.716,
270.822,355.324,217.212,183.472,585.259,413.152,167.594,311.232,284.396,341.825,257.534,559.959,148.02,249.162,250.903,
248.963,289.278,512.185,415.241,210.288,161.78,353.963,155.668,204.742,203.518,135.228,361.213,257.87,190.747,307.853,
589.516,507.115,497.954,259.275,265.125,363.04,179.87,229.363,172.825,161.148,304.793,148.092,126.854,589.911,164.061,
313.681,292.084,192.551,168.733,411.658,203.153,581.345,461.001,291.91,526.529,168.874,148.395,259.422,300.917,135.529,
190.917,219.231,450.861,251.863,247.331,222.185,431.201,520.854,409.095,395.549,237.175,214.26,304.327,636.254,303.598,
201.831,231.163,209.467,151.803,199.613,142.761,449.597,202.581,225.943,307,237.569,251.882,442.413,276.108,320.467,
186.47,291.68,454.386,119.766,703.611,244.08,292.709,224.896,280.686,341.641,321.055,308.933,473.188,350.965,412.546,
164.492,255.945,288.693,260.784,583.41,306.427,325.106,213.619,659.996,321.266,300.196,239.19,236.917,191.429,253.473,
308.106,221.194,252.296,334.053,290.66,501.711,248.807,180.034,446.243,239.508,318.115,242.169,518.125,285.043,144.476,
299.711,377.51,480.372,221.386,519.145,449.544,469.612,262.428,212.427,401.392,102.321,242.132,308.863,208.886,157.35,
440.07,456.931,565.814,648.886,241.03,163.375,246.747,284.029,296.221,159.122,224.899,320.206,531.208,259.02,426.1,
120.788,184.016,256.026,298.416,155.534,367.521,249.809,535.919,201.932,441.568,748.108,237.995,387.216,220.314,527.29,
377.879,243.312,224.753,372.404,649.432,585.511,513.139,195.644,574.626,299.642,262.59,239.358,226.971,118.86,335.49,
147.159,328.744,266.048,221.484,209.381,193,504.028,423.105,161.951,258.332,390.362,300.049,193.356,199.778,163.067,
309.12,516.871,298.092,241.703,445.379,247.69,335.176,184.694,342.211,244.556,370.834,338.887,216.732,194.512,463.595,
615.64,252.304,248.62,319.961,356.055,275.624,296.645,281.106,498.806,291.105,367.09,190.037,262.223,469.173,476.13,
