537.577,463.076,562.592,386.619,634.952,664.928,588.508,403.735,462.566,428.355,634.582,364.676,672.859,668.97,120.63,
505.786,253.505,268.184,418.156,534.909,106.399,255.505,329.921,383.576,382.759,434.168,421.122,372.561,366.688,410.707,
101.928,202.805,133.057,419.519,124.015,158.889,302.905,89.1941,189.327,242.897,376.456,352.361,538.269,323.661,343.8,
210.922,357.147,282.374,116.943,216.038,98.3486,199.577,96.8939,345.096,86.0638,142.797,60.8417,104.529,183.29,311.081,
93.0034,88.6895,142.224,310.187,265.875,301.438,176.197,59.7183,219.478,207.496,133.471,177.949,273.238,362.338,123.4,
140.054,289.691,484.777,234.034,176.463,103.679,82.6018,145.44,236.95,80.3996,368.42,97.0539,88.8702,123.566,214.544,
328.335,123.201,114.291,245.936,121.191,383.083,71.4519,119.123,270.473,326.902,88.0706,88.6021,184.524,180.239,138.187,
197.095,146.42,121.216,87.6257,232.104,153.26,388.961,267.911,176.507,571.654,284.148,213.636,155.955,206.957,72.6583,
186.495,233.96,232.283,217.562,148.981,124.149,392.897,131.139,268.251,255.187,146.916,164.64,221.98,90.6058,126.941,
192.093,151.181,197.245,367.653,205.826,302.169,308.857,104.381,283.892,231.52,124.288,181.675,135.759,141.015,236.372,
150.097,128.764,364.371,179.827,172.509,300.836,401.128,479.486,198.722,383.76,294.122,64.9718,378.609,236.208,69.5006,
374.931,149.314,189.228,368.153,125.277,95.2419,62.9587,152.193,143.351,93.5736,126.447,94.8208,290.6,297.972,154.42,
150.405,66.2113,154.304,125.753,164.206,116.78,85.2053,173.308,142.009,345.53,711.891,416.769,112.812,184.358,229.529,
235.249,137.773,285.494,175.974,61.3518,295.022,127.102,345.708,592.425,471.965,176.743,132.607,113.902,257.536,238.852,
69.7955,147.525,220.082,93.2616,106.032,149.955,253.08,142.043,268.393,122.951,134.057,286.145,212.007,119.469,403.48,
232.172,170.486,75.3836,128.381,255.28,210.885,370.598,100.151,76.1477,351.484,76.4902,263.527,357.469,210.729,324.449,
121.998,234.442,97.9681,98.5105,142.695,174.627,485.102,62.0953,224.025,244.081,92.2642,87.6049,126.323,123.688,420.989,
110.831,299.875,270.279,337.418,75.2539,98.2413,237.318,143.155,72.4056,67.5433,80.0777,119.453,140.56,184.071,83.425,
262.536,100.951,110.757,72.5778,86.1585,223.008,76.6291,356.291,280.98,70.4792,288.423,94.5888,162.636,87.5341,80.6122,
76.4218,114.318,101.297,345.598,351.578,224.381,127.172,73.8739,240.797,191.765,81.9888,126.262,137.999,485.071,127.398,
91.0551,94.5836,69.557,109.944,88.2707,122.993,118.544,234.039,235.618,230.945,173.553,77.6218,225.231,224.41,132.446,
113.976,370.833,179.341,63.0712,117.627,77.7591,604.71,260.154,260.096,83.0204,144.62,313.448,392.934,219.89,148.577,
128.212,331.715,247.041,104.892,260.731,149.741,127.514,224.664,370.85,176.62,404.641,164.98,257.253,128.919,150.177,
151.01,241.13,112.071,459.117,185.824,233.222,77.1739,213.253,178.07,193.311,347.482,107.491,145.624,316.581,289.197,
146.022,224.528,263.601,368.462,240.227,111.508,238.439,157.449,189.603,412.737,86.4485,105.012,146.939,101.371,93.0066,
119.274,137.346,508.306,289.195,142.783,82.469,269.48,187.896,251.06,234.762,362.963,161.657,238.951,120.803,153.269,
552.279,147.849,169.957,69.1364,186.497,190.455,474.865,101.237,319.282,90.6869,141.884,330.933,353.595,255.812,585.589,
85.302,80.7635,105.885,86.6182,120.588,78.1795,54.7037,177.259,78.1016,126.966,94.7578,47.566,256.241,89.541,65.0587,
236.964,64.4853,113.664,130.896,387.454,241.313,204.481,442.89,139.397,219.02,210.654,232.245,230.975,68.2478,151.231,
70.0929,92.8421,67.4233,74.147,139.304,75.6321,150.846,271.295,322.518,423.99,77.7772,344.345,454.124,85.9529,119.568,
106.725,65.5719,60.3169,157.403,114.806,269.327,123.765,92.0354,211.061,259.731,305.07,258.257,77.5071,423.096,267.1,
139.815,141.999,93.406,110.91,74.835,120.557,95.5113,107.453,95.1983,206.077,254.455,168.361,198.789,151.277,308.923,
94.3649,150.729,83.0257,167.734,200.692,100.999,79.9425,250.747,89.5546,123.295,307.281,453.918,268.772,132.572,376.817,
217.747,262.528,88.1601,159.773,223.405,186.997,131.682,87.8959,364.532,78.7669,85.3734,105.426,271.291,89.6968,160.408,
490.118,136.435,80.312,127.519,84.144,382.027,191.149,204.726,71.0278,90.8826,138.599,82.5081,110.777,164.924,194.753,
81.6222,90.1165,98.2225,71.3534,206.346,105.862,87.7168,211.082,278.661,139.216,243.858,60.5043,231.97,68.3665,109.694,
108.433,97.1763,295.548,251.473,111.096,96.7004,167.292,164.922,107.221,181.262,121.68,320.763,179.561,206.494,148.383,
164.791,64.0364,158.065,86.08,81.2584,257.566,172.229,106.023,133.154,145.571,144.989,184.304,117.137,126.274,331.517,
218.381,121.938,177.683,70.1954,136.494,84.4242,159.225,334.436,339.302,185.755,50.2982,235.02,115.65,173.546,232.577,
70.2774,90.7294,53.3327,92.5455,279.016,131.83,158.155,85.7067,102.211,172.692,153.955,92.0758,105.236,62.3775,96.7013,
95.8116,101.073,88.2796,86.3719,261.025,165.922,138.566,83.3893,218.58,343.913,128.627,93.2423,93.4445,569.647,162.513,
117.749,164.488,282.465,97.7971,283.086,216.149,86.596,117.378,294.334,65.8553,138.988,107.89,202.224,224.742,87.1503,
175.218,287.734,132.751,88.8025,114.465,100.542,375.447,405.786,300.753,156.233,92.8999,244.521,100.571,135.191,83.3076,
103.983,304.367,118.848,85.0452,170.625,376.975,211.651,85.3435,208.806,69.8114,224.697,98.8848,298.538,71.0291,189.163,
92.5753,163.689,216.186,96.7838,145.52,68.4481,187.969,193.175,150.743,461.684,168.359,88.4081,58.6272,188.8,275.41,
139.035,275.469,141.917,518.362,237.334,138.331,644.92,80.6363,341.148,182.084,194.791,190.531,60.3854,537.84,93.9492,
189.753,206.013,100.285,108.385,59.0569,80.6548,176.406,331.172,168.882,117.369,114.735,313.668,231.202,106.812,62.4421,
101.151,72.3273,73.6881,136.457,229.921,98.59,266.696,246.47,522.99,354.912,475.875,73.6617,427.407,99.7323,264.911,
81.2084,116.734,111.59,153.119,106.044,138.902,86.7268,254.339,264.126,74.0668,159.45,451.012,103.578,234.318,511.116,
107.856,657.376,352.151,88.4412,106.444,126.158,211.511,191.01,82.6371,359.077,107.317,82.402,371.039,94.8193,353.443,
