387.778,384.767,652.403,649.741,714.807,176.043,297.305,301.459,257.989,701.696,636.447,503.681,431.84,619.223,500.244,
151.731,409.941,338.155,533.177,635.201,304.323,206.763,330.182,467.436,619.19,288.23,294.782,449.716,367.739,320.047,
401.036,511.845,418.961,416.001,509.566,507.034,628.406,359.734,578.9,283.438,351.58,397.591,691.71,198.994,744.183,
606.596,200.488,282.382,420.918,476.554,535.256,266.446,363.269,451.733,504.815,216.288,485.381,650.629,318.89,592.408,
245.974,328.362,404.912,227.969,516.944,308.561,412.157,275.493,513.239,425.012,409.433,334.533,441.126,705.083,428.775,
264.645,136.568,437.148,394.249,250.187,469.285,312.65,489.074,282.504,669.596,566.901,221.853,386.229,205.727,198.142,
169.357,217.625,554.072,319.67,488.208,297.342,250.566,546.514,168.12,269.138,398.282,217.788,209.947,235.22,629.764,
276.731,613.465,160.582,570.978,286.867,460.036,579.746,152.121,685.518,532.489,286.923,151.897,657.434,368.46,184.476,
319.613,609.851,244.155,433.565,328.352,613.789,224.842,495.027,505.828,339.567,352.935,567.629,305.616,261.766,304.286,
542.752,181.179,212.395,176.684,349.147,369.72,308.942,215.957,129.837,594.794,597.494,410.758,192.676,474.629,401.558,
298.817,210.116,292.608,353.561,286.959,626.455,358.086,667.507,428.762,287.197,334.047,599.591,429.009,356.184,319.406,
571.412,247.024,160.827,456.75,172.316,182.895,146.855,256.635,236.322,443.179,313.132,510.429,249.664,275.248,600.938,
385.713,237.006,488.46,340.715,248.973,247.426,591.129,308.33,354.151,733.473,468.914,167.912,400.977,352.414,233.625,
323.55,479.019,376.805,229.876,432.61,93.0957,456.479,335.758,214.354,301.295,261.404,397.394,692.942,250.863,246.613,
332.656,247.078,306.979,233.775,341.06,274.228,243.6,312.283,313.879,212.183,195.437,199.891,318.976,362.024,349.134,
284.378,228.081,177.893,580.259,191.646,321.475,214.321,636.6,190.48,341.636,217.002,232.578,176.326,383.786,210.292,
252.956,381.108,422.311,334.085,620.319,133.443,536.706,164.512,423.023,345.149,243.523,161.483,410.938,342.124,269.135,
248.531,626.699,479.747,527.554,460.428,618.454,485.764,564.662,360.07,328.332,223.882,146.425,231.335,230.446,253.782,
294.834,308.21,425.4,265.929,449.384,322.447,614.521,303.521,516.614,238.443,182.827,231.855,548.697,296.689,383.351,
634.332,257.169,261.626,261.481,600.01,493.536,551.371,531.544,188.983,542.209,424.154,454.3,583.732,517.113,146.695,
200.171,230.992,615.669,220.156,166.4,425.49,565.037,545.213,323.759,213.575,187.305,438.687,221.602,409.749,332.876,
456.493,302.342,169.557,534.107,375.741,175.813,529.81,162.159,148.939,274.924,538.448,185.208,333.301,638.576,259.078,
464.766,491.79,180.803,285.558,410.675,248.743,197.048,459.072,297.375,266.784,506.577,419.719,143.275,428.511,528.293,
552.436,191.059,415.165,248.897,410.73,482.538,228.38,216.789,590.367,305.424,173.05,207.696,260.162,448.525,246.429,
458.039,607.51,585.389,253.817,261.287,327.991,621.641,547.501,441.3,621.269,486.678,230.752,271.242,211.913,261.241,
173.949,391.827,257.293,174.663,628.387,357.062,456.522,227.978,276.892,325.545,227.339,218.596,262.344,293.167,356.022,
179.806,295.831,128.045,519.211,320.671,292.035,219.462,207.044,190.936,311.271,194.039,459.75,301.293,276.921,217.601,
343.123,145.727,464.553,448.17,317.496,399.2,336.356,500.135,502.581,220.983,417.128,575.949,280.974,548.764,397.498,
215.982,245.635,200.697,346.917,372.368,308.211,317.117,187.331,199.064,456.494,229.98,482.582,277.984,310.908,314.674,
303.847,215.02,211.793,410.394,255.237,296.796,200.66,262.857,310.876,408.109,671.87,224.677,417.936,254.988,462.239,
609.819,286.766,254.746,382.718,137.617,343.455,289.643,558.055,234.145,311.61,605.517,480.88,219.474,236.506,563.179,
288.323,151.962,378.256,461.504,410.191,632.082,253.606,415.375,187.017,201.818,421.881,102.807,258.123,352.132,351.519,
156.967,176.727,214.586,424.604,186.89,276.301,284.061,414.343,223.698,560.868,340.731,305.343,379.377,167.843,402.672,
489.786,558.844,298.662,232.064,340.141,297.216,164.666,274.611,302.549,209.456,139.017,179.271,302.667,371.642,274.47,
142.649,165.456,341.734,350.839,579.578,372.185,162.998,412.42,160.387,477.494,402.274,542.075,132.541,458.952,296.968,
321.112,496.37,539.893,341.578,246.711,248.207,262.984,189.982,238.569,400.023,437.965,310.034,389.022,411.02,295.508,
221.171,265.904,130.058,532.45,244.771,548.104,221.495,222.625,176.943,211.043,489.684,304.783,225.636,220.407,296.285,
281.419,425.44,373.215,188.383,386.169,448.865,302.927,220.228,177.189,139.267,626.132,315.255,241.368,140.338,195.718,
284.811,253.625,318.714,465.353,190.422,119.931,515.895,309.654,300.172,169.189,318.209,329.276,373.631,304.752,423.654,
333.087,222.472,222.554,155.406,123.791,103.806,209.153,489.213,233.437,188.748,525.553,531.14,520.283,344.038,335.153,
188.824,263.584,495.895,131.921,407.381,285.674,151.753,251.613,316.198,338.778,305.503,405.873,538.618,264.986,306.58,
322.619,396.013,239.039,308.449,481.794,154.66,297.035,608.205,203.43,550.091,295.442,534.545,413.071,350.812,119.384,
269.121,158.159,205.464,261.101,709.932,422.103,264.786,297.361,422.503,208.874,536.998,376.075,296.702,398.842,361.08,
125.243,171.653,568.782,109.708,327.879,285.482,204.244,201.471,355.864,184.02,436.392,294.16,161.638,227.241,442.017,
213.422,214.099,183.787,460.769,467.282,224.616,415.618,154.591,408.363,148.317,155.854,230.621,528.631,395.206,248.796,
286.217,272.191,196.317,322.167,266.061,153.29,503.155,220.217,687.689,169.035,260.754,261.35,274.735,145.773,278.674,
124.641,291.825,488.004,271.631,217.975,173.482,539.334,397.625,151.335,511.01,386.221,192.048,488.247,183.237,540.501,
602.499,454.721,428.663,407.06,335.734,336.369,144.121,582.697,223,323.589,517.507,426.679,243.522,208.936,526.404,
575.513,258.053,441.441,118.04,518.278,369.662,379.694,288.126,332.172,434.03,380.092,504.506,400.291,212.746,434.574,
225.181,309.645,404.085,416.615,596.581,181.225,502.031,156.158,285.05,190.887,304.705,413.146,204.639,288.388,341.73,
