64.09,75.8372,460.171,589.812,602.795,627.581,453.004,513.218,434.114,363.521,611.732,190.27,191.87,394.229,414.709,
260.941,48.4101,350.727,389.28,549.202,240.461,431.987,80.6336,61.7505,591.082,276.305,46.6664,51.7635,55.0208,47.5328,
231.936,55.0563,57.6493,64.5533,227.887,50.2042,67.5974,51.9795,141.186,243.288,48.2622,64.1286,130.452,67.7518,119.538,
55.1715,55.943,57.0711,139.731,111.384,52.174,72.2553,224.893,50.9974,55.6442,52.7609,163.774,53.7578,47.4853,64.4846,
134.524,55.0907,49.1572,47.2433,57.6686,54.5657,48.9825,54.179,62.3723,51.4865,51.4864,366.678,55.8805,109.12,54.0169,
53.0421,171.449,54.4761,67.5204,51.1388,61.8406,46.1976,62.8619,48.5303,51.1696,58.4127,67.9831,52.2774,50.2024,71.7531,
60.4631,52.9207,51.9337,56.1074,51.1433,124.022,47.376,63.6467,63.2014,49.9803,49.1341,54.9327,48.8537,127.318,68.8635,
47.7971,61.9004,58.48,48.8707,49.0782,49.9001,48.0357,47.5579,55.9651,55.9265,52.0327,50.0607,113.752,103.235,51.8894,
305.576,46.7084,124.378,54.3123,174.467,53.6037,139.159,49.9053,49.8432,278.611,244.702,49.4339,52.1681,221.467,75.6342,
47.2418,99.5266,239.397,59.5866,67.22,48.4255,50.3062,45.2129,161.086,152.739,50.2743,91.6211,61.2398,316.182,56.1431,
54.2344,49.7753,49.7664,252.774,51.2038,47.3485,157.909,133.501,55.7937,118.494,52.9645,51.0241,49.9768,117.435,48.8759,
50.2376,264.52,55.3664,269.601,282.206,53.9147,48.4279,58.7993,52.8679,53.3252,303.647,398.18,145.859,52.3979,45.0782,
61.2744,51.6943,140.534,342.311,56.1001,231.421,52.2224,325.215,297.49,48.2475,47.5949,47.8192,48.086,50.9692,55.9741,
52.635,240.314,157.006,50.405,47.0684,49.1758,60.883,45.775,176.762,59.0818,133.909,212.137,206.429,51.5712,49.2187,
97.8936,53.8346,51.0215,121.636,62.5493,112.891,152.245,84.6058,56.7564,506.387,57.0025,47.9819,140.923,53.6792,93.1072,
151.529,51.5665,115.929,59.9958,49.4362,45.3801,71.3467,172.002,56.9883,50.6614,48.0049,51.9207,48.2552,67.7129,78.6227,
122.719,59.7316,384.562,51.6069,50.3906,254.723,56.5958,46.8083,62.0036,48.47,55.2847,49.6934,241.381,246.975,48.2074,
111.653,45.8622,55.3016,62.8741,51.252,65.3011,125.19,104.605,70.9739,48.3397,57.3125,76.1549,51.6143,54.7165,179.314,
51.7179,117.962,54.2863,56.6221,50.8734,189.786,51.7489,229.108,57.7118,85.1323,49.3731,57.1717,64.9505,102.817,141.452,
53.7668,51.9925,58.5913,51.4363,205.778,62.9082,61.7416,49.4459,166.362,282.191,126.714,48.9349,51.6537,161.183,55.5371,
194.518,56.9515,58.0331,53.7519,52.8458,53.2171,55.5682,132.124,240.159,315.776,57.8203,49.3171,47.9623,73.3577,52.1566,
131.185,46.4985,45.9219,47.5875,53.9705,162.809,55.5154,269.462,50.2331,52.003,308.207,46.9736,76.3168,176.763,49.6741,
47.7884,52.4399,57.2918,50.3404,91.5227,634.081,338.991,51.3102,163.235,54.6082,49.962,59.6143,50.8783,53.1952,200.277,
188.57,56.9683,43.2341,49.8689,51.8761,59.2366,150.158,63.2802,51.9506,60.9274,53.7469,520.387,128.93,55.3171,127.105,
227.202,184.891,55.1342,49.4489,62.8007,52.8897,52.709,55.8753,191.083,45.6906,52.1837,55.542,52.6244,50.875,46.1961,
138.216,261.546,341.068,101.514,114.323,53.9512,162.115,52.0573,48.3746,67.243,50.1714,100.489,120.389,50.1824,47.2204,
470.287,50.0911,49.3728,48.9755,46.8851,49.4339,54.7213,54.9896,370.449,339.436,218.597,48.813,47.4493,47.5726,49.741,
66.5054,50.34,329.222,50.0166,45.3569,49.0316,54.0215,51.3664,50.285,47.6933,44.4712,48.5425,48.2282,51.9441,48.7301,
161.754,203.612,49.8494,47.3755,48.9347,62.9086,57.1038,84.5547,247.333,47.5209,452.52,137.683,47.4098,59.9184,351.967,
53.6156,183.47,58.7378,50.4559,96.1041,52.8167,354.525,47.7434,158.83,48.0229,59.2291,151.318,220.052,59.9879,61.7205,
50.3909,58.6432,168.001,161.933,64.326,57.5268,47.1233,52.2453,51.8438,296.813,48.9566,114.365,47.4265,105.811,55.1898,
55.5282,48.5459,50.177,308.351,113.664,114.264,60.3532,49.038,51.2716,385.678,187.497,204.631,230.942,281.181,63.0794,
45.9574,319.738,154.541,213.452,55.3283,56.6363,48.675,55.3591,52.9401,46.9246,194.963,152.538,50.2858,61.4796,59.1545,
73.1985,403.085,46.1627,66.4071,47.6078,120.076,51.4025,46.6426,180.142,49.9191,53.6627,212.842,65.7295,44.9433,57.9353,
253.273,204.784,151.402,56.6997,305.705,232.44,51.0017,94.4667,53.2544,216.118,81.2911,55.9066,65.3545,48.5337,51.5436,
50.1924,51.1968,80.4446,47.9602,48.9655,59.415,358.495,50.0383,49.0162,51.5167,56.664,298.623,115.064,136.399,60.6976,
51.3471,45.2923,115.535,79.8882,84.8405,60.2425,61.0791,160.652,50.9374,55.2935,267.904,109.322,49.1937,198.949,51.5253,
59.536,51.7292,208.352,45.1582,48.5699,46.3583,62.0206,53.559,186.245,54.0215,59.83,53.911,53.17,55.2751,48.1869,
122.96,48.2907,80.1676,52.0786,50.7512,52.313,48.8899,61.5092,50.4826,59.5558,49.6446,389.69,182.571,51.5422,59.369,
47.472,53.2739,47.9723,45.9469,65.3676,49.3542,52.3179,50.9348,62.338,124.581,132.429,169.883,47.3637,60.5005,83.7651,
47.8445,46.4602,46.2061,50.6346,159.326,54.2846,303.141,48.6953,340.877,46.6397,57.5396,172.462,54.5053,52.3454,52.2262,
162.161,51.553,147.582,260.087,50.5658,47.5146,214.376,49.6619,148.574,56.3048,52.328,54.595,47.5913,51.0425,134.417,
148.402,81.3611,54.0521,50.5591,270.917,59.9868,53.5026,58.6578,49.0863,46.7867,50.5983,53.3322,58.8279,55.7815,48.5137,
244.541,47.6709,48.4141,76.5333,511.947,299.07,222.526,53.24,45.5593,44.2548,277.562,158.539,54.6619,53.8617,49.6814,
420.838,54.8112,207.568,92.8663,55.9352,49.3394,339.359,300.354,227.331,49.3444,56.249,52.9628,65.408,52.3321,48.0017,
53.5147,47.2821,52.575,60.0492,47.6256,104.321,54.6096,134.672,255.834,61.247,314.642,61.4311,508.459,49.835,49.2294,
47.065,56.4936,101.647,136.878,234.658,50.3901,195.25,345.502,49.7307,130.186,45.9466,54.0137,47.5303,192.214,251.981,
54.319,197.48,116.368,48.6651,45.1869,55.2222,50.0688,48.3347,49.3649,50.1281,58.0591,52.2722,51.0139,56.4835,54.4713,
46.1167,50.9551,78.7565,50.6751,62.5087,46.2526,51.5499,98.6118,239.715,56.7248,54.1649,49.58,294.588,54.0542,54.5583,
54.4002,157.403,48.5241,62.143,50.8927,47.9023,51.9735,100.307,56.6844,50.4541,53.4244,81.1544,90.9951,158.408,56.5805,
