691.486,613.663,271.629,728.979,550.041,718.97,278.551,609.661,789.542,696.515,698.01,247.568,722.972,459.969,217.826,
675.707,229.022,655.861,184.972,615.881,317.733,334.727,179.503,159.633,395.837,483.196,241.197,360.91,227.044,349.226,
199.473,581.238,309.282,208.966,194.339,256.535,93.483,377.277,193.824,271.216,600.271,294.347,210.818,261.095,289.113,
301.093,269.297,126.932,639.851,147.962,528.365,560.512,241.713,504.124,307.861,127.695,303.223,126.332,175.309,264.803,
284.749,226.259,175.95,243.357,324.641,268.663,259.951,412.742,133.527,309.737,201.271,438.609,508.281,244.435,300.781,
236.752,169.281,102.831,151.993,250.59,360.521,135.822,419.362,453.963,352.978,252.712,351.789,354.824,323.828,300.324,
160.666,69.9514,247.213,512.54,405.427,86.3551,152.034,86.8332,493.093,130.682,190.653,288.989,417.932,149.787,124.21,
65.5787,110.908,164.156,393.47,340.822,259.69,213.737,175.587,246.24,372.07,349.752,220.365,565.941,248.294,188.11,
103.23,211.934,132.723,58.1579,120.552,160.042,176.459,125.922,95.6856,175.747,117.771,255.137,309.221,264.166,222.264,
149.547,137.893,94.7159,85.4618,267.173,119.708,62.4371,620.498,99.3311,354.278,424.064,509.517,355.032,268.138,314.971,
59.2082,360.521,150.485,215.064,419.512,175.731,64.2238,134.194,129.36,456.684,390.783,486.639,385.362,173.498,125.143,
57.7296,123.285,140.62,130.379,143.44,96.2555,294.673,449.121,427.692,60.8867,59.4336,109.896,278.031,490.978,132.842,
60.6053,430.78,382.578,56.7828,65.007,121.796,223.758,480.408,118.466,379.468,266.962,380.619,157.746,71.323,145.669,
401.172,71.7066,77.3108,330.959,199.129,502.376,83.6498,178.935,59.3615,71.4773,209.937,106.682,68.0354,90.5201,246.204,
353.068,121.57,65.6948,129.593,119.384,107.225,167.555,68.5554,271.908,252.114,208.36,174.884,379.57,108.282,185.39,
395.722,103.922,143.618,122.68,303.772,141.698,137.367,128.019,92.8831,59.7122,62.9847,386.357,106.026,58.4833,139.928,
306.043,267.826,115.492,145.364,245.537,108.004,195.903,74.6744,179.451,70.9917,292.756,111.514,118.557,132.126,83.6826,
58.941,84.8524,206.107,218.991,63.6519,165.047,336.455,63.4626,175.235,422.46,182.947,185.752,478.374,365.842,415.65,
131.635,59.8304,538.484,106.568,85.5277,336.729,260.259,153.163,60.1146,165.589,318.138,168.044,177.16,94.7426,59.0457,
110.787,143.699,137.021,421.726,174.227,414.528,166.55,163.02,162.129,87.7522,176.541,169.754,216.301,215.996,89.6987,
92.2117,79.4234,159.593,133.895,449.28,151.957,240.859,297.967,129.407,132.861,197.047,52.7288,195.224,382.918,75.9412,
179.924,115.925,344.46,312.039,161.077,294.71,327.76,193.665,146.996,62.1976,220.045,220.159,204.358,129.148,389.087,
262.229,92.5624,117.708,176.601,182.713,554.61,75.5367,111.791,237.371,199.96,148.46,258.764,401.909,606.43,60.7204,
96.4107,136.366,205.798,218.42,151.115,304.557,293.651,140.718,392.014,102.512,119.658,244.065,199.234,103.118,238.801,
194.859,78.6855,87.2929,269.106,84.7877,125.369,363.908,212.571,89.903,163.79,166.203,276.111,471.813,246.644,289.642,
183.075,322.733,154.991,299.613,294.669,109.487,480.983,255.471,112.592,366.816,133.696,287.248,149.545,109.609,249.394,
353.487,59.3914,544.54,404.673,242.868,303.287,75.4856,272.593,192.952,103.884,328.818,213.364,220.977,460.777,65.7109,
68.5662,272.433,295.732,100.877,494.835,183.927,55.6896,64.5159,117.855,53.1817,216.824,111.366,331.273,149.139,226.08,
107.48,62.633,56.4978,149.833,250.784,325.195,341.027,193.86,192.142,69.2311,91.1005,137.576,236.219,234.349,370.115,
454.266,307.152,410.079,53.8667,56.3598,241.597,259.268,361.815,323.53,287.556,126.455,117.346,108.674,76.7705,385.462,
210.096,199.166,62.1983,116.466,227.885,306.86,164.266,257.538,293.989,222.438,306.118,85.1288,227.558,349.031,64.8068,
314.7,244.799,61.4839,224.114,139.026,73.0611,67.3546,311.491,290.742,131.055,309.939,148.31,87.1127,126.464,103.69,
442.592,137.677,594.495,67.4409,92.0632,193.864,177.954,156.227,95.3585,284.383,192.701,60.4247,324.16,138.81,68.6579,
193.251,84.9361,225.035,131.063,95.44,318.328,124.491,245.525,219.264,95.9137,83.0854,142.859,206.909,245.042,158.272,
179.161,57.9389,144.732,530.882,284.949,99.7605,143.973,146.669,181.549,70.5622,551.245,101.681,218.46,291.241,321.834,
80.862,71.0579,78.3173,243.346,481.512,165.083,349.392,263.882,549.825,126.946,203.444,88.5265,177.82,236.101,303.916,
178.646,66.9055,165.684,170.483,154.214,397.562,217.903,85.733,132.835,220.475,135.842,134.862,72.8663,167.765,454.432,
63.552,328.662,382.858,66.8549,90.3837,435.584,193.063,294.05,58.4047,204.435,97.2416,75.1748,166.905,153.023,274.213,
246.972,295.298,219.759,670.345,226.557,144.169,109.89,261.267,165.251,196.651,229.797,301.258,76.8477,66.3692,75.2674,
112.717,65.2207,200.97,150.247,284.617,529.434,59.8836,431.268,118.323,334.789,316.946,172.979,199.96,262.48,300.819,
426.923,133.816,293.009,90.4019,95.773,229.863,229.369,218.292,55.2545,75.5319,148.502,259.998,132.162,150.988,270.411,
59.7706,72.4866,149.008,350.688,239.848,92.8327,540.14,319.543,93.8244,150.477,66.2107,351.631,73.6668,124.093,127.667,
210.72,355.322,64.5661,152.846,86.594,70.9832,237.056,58.7448,228.589,62.8077,117.88,247.804,83.0395,270.095,237.418,
122.718,317.638,192.147,115.001,96.1792,316.766,198.281,119.641,77.2438,177.717,490.952,58.1617,232.981,106.226,66.7904,
215.199,158.102,116.589,58.8737,144.747,635.144,196.219,332.224,176.523,51.5618,260.744,599.565,282.702,105.783,60.8359,
169.017,128.408,234.295,240.432,163.918,420.945,69.101,59.8092,197.438,163.224,156.291,89.0498,67.7179,59.779,85.2313,
329.996,111.024,406.4,204.964,146.766,210.146,67.5172,309.211,109.383,487.375,138.338,126.36,59.2784,66.1927,536.289,
272.667,262.969,77.7595,114.895,195.657,424.803,188.842,214.747,286.176,56.9805,245.028,75.4892,177.288,351.919,83.3367,
146.674,209.393,220.075,397.778,65.5265,214.164,62.2999,171.768,294.697,157.97,228.255,183.213,76.8346,406.469,256.247,
158.825,70.3139,55.1284,91.3295,216.475,138.094,59.536,141.716,63.6709,167.224,149.193,98.2009,190.827,151.746,544.607,
