174.082,57.5412,517.336,474.245,58.8109,340.808,625.124,559.027,639.249,499.652,173.582,600.846,86.7854,226.579,267.932,
94.294,102.78,51.732,262.758,60.8972,106.353,53.5814,62.562,135.663,47.3521,410.289,173.205,272.319,49.7779,371.511,
366.201,63.4713,420.925,77.7778,55.1098,50.4295,57.0497,461.374,95.9395,47.2478,50.277,48.1062,254.603,46.2412,50.4537,
50.4989,65.3292,55.8397,54.9038,200.147,55.0703,44.5124,50.5128,48.5891,49.6993,46.2181,93.0683,68.1853,74.0326,59.6101,
68.0019,55.0523,50.6537,186.571,100.692,54.2678,44.0292,50.6819,57.5669,329.103,210.166,44.4376,49.3854,52.4641,342.281,
51.9643,54.059,61.5669,58.7531,65.1901,53.8138,51.5064,58.7635,49.9651,97.4641,70.7719,47.2095,48.0867,67.4335,58.654,
78.1974,56.147,67.7739,69.2507,43.5275,346.398,230.196,52.4607,51.79,234.771,55.5899,123.561,47.4412,71.3237,47.6697,
46.9377,45.9252,52.3409,45.6499,46.957,52.7842,84.046,56.6426,67.4326,45.8272,60.1706,61.1399,61.4344,56.4107,54.7799,
54.8021,56.9882,558.447,48.358,145.006,48.2915,49.1356,50.2491,62.0538,61.4397,57.6094,58.2007,243.525,49.0245,49.5196,
50.0755,44.5333,49.7131,54.1454,46.5697,61.199,44.3674,63.6836,215.878,52.9767,156.311,55.5272,45.4093,165.761,68.6686,
50.1737,50.3144,53.2154,40.6443,50.5096,45.8801,77.9246,47.9342,157.11,52.7789,43.6545,49.2644,53.4725,328.578,49.886,
53.4891,45.3454,48.5137,43.669,58.7263,140.265,54.1589,49.8226,46.5387,69.6343,57.8881,393.366,51.7159,180.941,56.9804,
50.5041,50.4396,48.0338,47.0207,52.7727,51.3329,56.1205,45.2987,138.547,49.8183,143.377,176.141,399.922,51.1468,49.7082,
193.136,41.8716,51.1515,53.7453,43.3601,43.4936,262.707,43.0289,69.8978,252.871,51.7582,168.348,43.8327,48.2757,210.734,
51.9635,219.529,45.8905,45.937,43.0677,42.4712,141.613,58.8077,57.3951,47.0304,51.0019,59.656,50.3052,51.9901,45.0064,
45.9651,45.8843,48.2986,44.0486,59.4053,54.131,42.7262,49.9509,69.4464,51.0794,257.522,51.1393,49.3389,49.8232,49.2346,
42.6382,134.307,45.4966,46.0768,58.1152,62.2395,46.292,49.6567,48.9392,56.6109,51.0607,50.6179,53.1308,55.1451,94.7985,
45.7385,51.2119,206.646,187.885,47.1446,60.1089,50.9084,50.2958,44.6015,379.84,130.317,72.6081,49.9836,54.5883,43.6347,
137.609,44.0253,210.819,47.0183,286.815,46.2612,56.9548,44.9493,62.238,50.0789,58.2083,351.437,44.7406,46.127,48.1004,
45.9831,175.695,148.326,49.8884,142.277,76.2338,256.403,150.36,44.7573,61.8493,359.227,62.7629,46.5736,80.613,55.7464,
125.092,146.114,67.2227,46.6001,164.363,52.7446,402.442,52.9379,217.846,48.3453,202.384,50.4417,44.3954,52.236,44.9478,
61.8672,53.6712,48.1873,53.1088,60.9197,50.1721,55.7245,51.9937,68.0541,55.0114,50.3277,154.181,51.2546,48.9471,54.4543,
247.624,48.7784,220.649,301.519,49.0841,47.2189,57.1057,42.4396,50.0594,59.1092,53.095,45.1673,52.6085,56.078,407.125,
53.8087,52.2399,53.3116,48.2626,45.0401,46.4957,47.9453,55.3129,48.2014,46.464,48.6486,118.298,221.012,58.7495,54.0302,
48.5092,46.6536,43.5474,59.5534,52.224,54.5894,207.602,79.6653,89.4837,48.4837,53.6555,163.782,53.7415,49.4904,46.065,
162.854,49.9844,59.8336,49.1802,54.9205,44.6285,48.4214,192.26,60.0063,46.7814,50.302,44.4637,51.7658,46.9337,59.7986,
164.72,52.838,46.4893,51.3212,50.7151,368.86,52.1586,45.8154,283.934,52.9641,46.9581,49.9489,61.9564,48.3107,54.9331,
44.1578,52.1029,52.9304,53.2732,48.7167,49.9565,63.7107,51.4743,53.2891,50.134,50.5437,46.1582,47.5971,49.6575,368.853,
50.4154,43.0977,51.3964,46.5737,614.523,53.4592,48.0473,44.7015,52.1662,212.984,50.3661,44.2722,46.8677,47.7185,59.3136,
55.8754,54.3747,48.0543,55.1864,53.0916,45.712,51.2934,261.972,57.7719,46.9319,48.4042,46.2368,54.3778,51.6506,48.2938,
52.7668,55.467,46.1638,50.5217,46.3734,210.902,51.9766,52.0501,59.427,54.8638,57.7244,49.5209,65.2313,47.1264,47.3675,
150.224,56.3372,47.7324,52.89,58.1386,46.3625,138.92,55.2417,47.0403,52.217,47.6286,55.6607,51.8232,183.394,73.8638,
231.645,46.5851,47.4014,50.3449,63.3909,52.0089,46.7458,60.2874,52.8866,44.5513,50.1599,287.205,47.5049,484.328,52.9511,
49.4999,46.3567,257.15,129.919,187.36,53.9201,61.5765,192.095,48.8475,211.319,158.042,52.0105,58.2773,52.7979,54.1383,
46.7944,60.9576,43.9186,58.2114,47.3073,45.9662,79.6239,44.7628,45.776,55.1082,52.6135,53.6265,44.4576,61.3098,166.818,
48.637,174.496,164.713,51.4544,48.0552,53.1211,53.0153,62.4308,45.6796,45.4318,51.9853,53.9707,45.989,48.7295,49.259,
54.9037,46.7345,48.5036,61.6967,52.2904,297.219,416.534,56.5531,189.943,65.2489,64.3476,148.839,63.7285,59.2526,49.4243,
50.7134,46.4267,91.9242,60.3983,44.1163,51.2714,48.4981,46.9681,47.1213,48.2707,70.9044,47.3891,53.1207,44.4418,58.6431,
54.8663,43.2464,44.1664,47.1999,44.7393,53.5935,47.948,210.098,47.1707,54.7949,52.6317,48.8206,51.4868,225.083,236.21,
46.6499,46.5267,51.0606,68.4031,59.3004,50.3153,46.137,46.0195,51.7253,54.4102,45.4004,69.8648,165.991,56.3084,48.535,
62.0534,50.8115,47.9545,180.574,46.2544,50.2823,49.2701,51.7332,45.7618,74.8349,54.3393,44.114,48.9732,44.6664,47.0571,
57.7615,55.3247,49.9814,46.2582,52.8874,54.7218,58.3985,59.4697,48.3351,48.9543,457.083,44.3693,51.1608,47.1881,162.423,
211.308,49.3645,76.7301,50.2204,51.6965,47.4881,44.4799,48.7619,178.455,228.128,45.7571,105.264,48.9876,48.959,45.85,
49.1124,44.963,53.9606,52.9298,47.736,47.2703,133.793,59.0882,51.4369,52.8408,48.4438,42.4294,49.0968,50.622,45.9045,
50.3254,47.8043,46.2187,329.824,49.7568,176.609,205.078,51.2138,51.4086,46.5033,75.3472,46.7669,58.3025,47.0909,47.9897,
213.211,52.0149,54.4654,49.9401,46.8551,46.841,51.8106,64.1544,44.6807,60.3226,128.818,44.4835,67.7521,59.2821,44.2209,
43.9621,50.9749,47.4629,53.9102,46.2025,43.7455,59.8415,49.295,230.319,58.0227,53.7898,49.5027,51.1858,51.4839,46.297,
57.1979,52.0788,48.5722,45.5357,47.253,59.7292,44.4535,51.3721,52.9839,64.5772,48.1927,150.362,48.746,60.8354,61.5401,
66.1291,187.732,48.8384,53.4675,44.6,48.9109,49.0044,57.1558,53.5226,47.718,46.7339,49.4698,45.0961,51.0842,50.3578,
48.655,50.6517,46.4418,49.2158,42.9897,46.3541,59.9832,59.4822,46.0058,45.6864,46.5522,46.4933,47.7942,50.968,48.6093,
