446.271,456.156,596.956,567.714,703.379,248.691,243.454,451.663,489.529,532.796,289.404,745.325,537.043,108.433,663.434,
254.811,70.2161,246.056,190.654,446.005,446.383,587.003,388.665,233.527,105.652,73.9711,66.8565,53.4609,65.7738,362.72,
175.903,130.851,99.3912,236.654,63.8243,60.3725,99.4421,59.1287,83.104,56.6305,60.893,178.399,56.4853,135.76,91.8738,
57.2286,61.4806,53.7824,56.6757,73.8975,302.805,117.661,153.38,51.4321,58.0846,306.684,214.845,139.232,97.423,396.932,
125.06,461.145,56.5773,154.326,162.966,204.606,75.0247,338.833,290.942,60.6131,51.7405,94.4774,257.832,62.4264,64.2836,
142.574,196.998,58.6658,127.916,57.6644,62.7043,328.523,59.4626,58.2699,55.4072,133.004,64.2652,78.4114,211.614,442.801,
119.314,367.138,55.5464,70.9686,253.89,59.4234,58.9072,188.713,66.1735,58.7692,302.03,61.1185,59.7166,56.5348,104.639,
63.9425,59.9929,103.136,56.4253,63.6494,55.1327,301.232,65.5417,64.5487,67.8148,263.891,58.2599,294.52,72.7864,67.9476,
55.6593,601.779,65.4821,60.0533,170.524,66.5074,134.374,198.553,136.767,52.7732,307.834,58.9238,136.167,69.3282,64.206,
99.2194,61.1467,255.014,244.146,190.516,165.139,221.575,201.297,334.052,254.805,124.855,151.185,66.9034,240.132,168.143,
61.7433,61.0027,304.797,76.4541,57.1354,164.254,112.295,171.787,165.197,63.8568,139.3,277.416,54.1131,104.414,51.8262,
63.5985,67.0944,221.125,206.988,55.4668,207.519,89.0411,116.193,131.212,257.012,145.669,124.932,55.8664,261.509,272.438,
58.046,53.8169,295.229,68.9308,70.2452,176.873,189.537,61.3968,55.8322,77.3789,320.114,130.163,73.466,57.3194,334.48,
335.342,250.015,189.363,114.729,299.063,91.6666,96.8263,469.357,196.515,248.261,69.1053,149.205,172.68,264.383,374.698,
390.44,294.653,534.583,57.7326,60.1283,223.264,115.392,134.695,171.608,134.401,175.844,67.1164,299.79,162.406,380.8,
66.3222,108.562,104.087,67.3999,65.8824,285.639,121.514,194.38,164.215,261.241,59.425,276.608,127.499,145.889,67.7854,
122.477,63.6668,95.4515,63.4202,56.3034,187.153,193.984,62.8525,62.5445,72.0374,225.389,61.4927,141.819,263.538,66.6367,
62.6642,62.4781,63.1012,62.0112,56.0076,253.904,67.0653,132.169,127.041,57.1034,137.165,79.2273,87.4369,128.314,64.8085,
201.093,136.325,62.3225,63.4733,118.106,55.95,176.524,207.286,320.12,54.1745,306.567,110.207,310.65,67.5642,57.6561,
60.0438,113.173,59.8593,114.277,140.926,292.544,69.9162,333.24,108.978,103.38,95.0658,54.3108,308.113,68.7145,72.7473,
60.9974,57.7138,61.5287,217.003,108.246,53.2215,88.4771,130.175,215.882,291.813,54.9518,162.83,241.537,61.5994,97.4011,
392.135,95.2327,62.5797,55.3907,241.7,259.759,61.152,55.9077,55.5649,111.061,52.3928,282.414,55.1185,156.273,150.598,
70.5913,70.1114,145.307,127.11,62.8451,77.8037,344.095,67.6434,62.365,116.423,68.0971,60.4431,60.243,89.2448,64.3391,
128.529,56.6935,369.997,162.296,387.44,188.547,57.8742,72.9304,405.813,213.621,491.146,392.924,152.789,187.855,151.346,
58.0406,268.732,66.3381,163.865,231.427,61.1682,138.06,286.631,78.3003,166.114,233.995,120.911,58.4287,53.3699,72.3498,
90.5396,288.839,107.596,60.0037,314.435,467.598,161.195,268.385,72.6912,578.005,96.0755,99.2705,55.6079,148.821,67.4983,
76.4388,58.0268,77.8248,82.0555,283.044,142.466,64.6251,121.332,199.979,71.8965,53.7782,121.263,106.516,79.89,102.329,
155.935,82.799,289.002,53.4677,154.469,69.9219,140.332,67.6135,138.357,387.947,55.253,103.464,67.9406,182.475,262.224,
105.191,85.8875,180.604,85.7846,59.8201,230.448,60.9117,77.055,57.9991,217.353,220.501,59.9168,53.4672,96.1536,216.097,
181.839,62.2471,60.2296,70.956,65.2201,174.377,259.978,162.236,201.201,75.5405,234.177,86.5712,62.6276,130.856,66.4448,
211.968,283.939,306.731,103.468,138.368,84.082,163.476,413.839,160.187,182.274,197.781,96.3721,120.079,63.1559,228.309,
177.94,386.153,463.5,63.6687,136.104,63.4956,56.047,401.299,156.337,315.091,73.2092,71.281,78.4814,54.2015,290.7,
63.7063,184.605,59.5942,66.5868,55.1373,61.7325,105.856,64.9972,179.504,173.034,67.3778,59.0149,64.4335,81.3721,616.588,
58.0163,57.7513,58.6514,159.047,101.486,69.8384,56.7175,145.983,100.946,129.096,107.995,57.0706,66.3098,167.492,131.333,
230.371,55.7451,54.3344,120.962,254.601,69.2973,57.1904,164.416,344.534,185.506,98.4892,322.632,66.0183,71.7247,71.2925,
178.779,52.4731,77.3293,251.014,96.2117,61.008,204.174,68.5814,71.0901,55.7066,136.702,332.096,56.5006,188.245,155.995,
258.611,132.529,52.6234,172.787,216.365,237.652,128.437,60.363,57.5103,149.597,115.954,202.615,162.913,57.6382,60.8121,
52.7621,150.319,168.536,318.874,244.521,364.87,261.106,72.3957,59.13,143.426,54.3938,73.0545,149.923,58.2128,135.946,
53.113,74.1812,65.7556,157.544,80.0122,64.6414,74.1417,57.3349,60.8377,351.921,453.147,212.735,58.2891,68.8078,66.6796,
370.367,245.662,206.218,191.786,98.7861,199.282,198.866,148.381,122.315,133.99,473.025,132.565,61.3141,63.4376,60.7321,
296.468,83.4455,123.667,68.1453,194.823,56.2022,75.3128,56.3231,124.943,68.0221,133.542,149.167,54.375,57.4603,52.4148,
115.648,53.2185,67.5021,199.172,159.891,60.4392,131.675,79.3794,68.7956,176.122,56.8686,89.1424,80.1789,54.7736,61.1777,
273.554,64.3713,74.6987,51.4298,152.295,127.845,59.0585,71.4091,103.963,61.7963,90.0121,113.908,198.674,58.0591,122.912,
58.2698,123.631,204.185,92.48,56.5454,69.8924,128.697,61.6606,61.1621,226.323,50.6844,70.9994,62.7676,62.3405,282.276,
53.689,51.8945,167.753,58.7734,100.955,75.4814,61.6607,125.064,105.492,58.2594,143.24,90.9853,49.0252,63.5963,129.296,
51.3595,57.0781,476.382,58.5112,60.119,73.2324,52.916,97.9221,146.277,50.7164,291.975,51.5211,231.528,55.97,59.4178,
213.355,52.6814,231.654,62.8096,65.9786,66.8099,110.789,152.422,51.0115,174.076,77.0704,50.7736,58.6148,59.9318,156.858,
172.245,64.9807,75.3731,93.1403,317.394,202.508,118.234,76.6403,124.521,61.374,366.758,74.4309,76.2073,54.3472,110.402,
63.3196,254.935,62.122,124.802,56.3427,105.224,394.091,63.8902,75.1671,110.77,188.809,123.876,61.6936,113.185,75.8396,
60.7808,56.6789,343.593,61.131,55.9925,150.144,202.974,72.8103,112.095,60.0137,68.5923,201.785,296.508,121.844,220.341,
