430.705,523.068,263.493,649.746,356.612,554.175,316.982,649.428,598.636,317.813,410.418,644.63,208.347,513.474,297.78,
384.65,202.593,397.103,661.538,507.678,531.787,464.476,684.286,611.789,674.533,449.213,528.991,560.091,630.191,482.322,
607.532,257.607,505.009,511.095,389.94,735.586,388.825,692.454,440.047,525.103,638.202,379.492,297.219,406.081,688.78,
284.902,451.891,455.038,277.513,727.51,621.026,353.244,464.63,710.915,552.521,666.249,650.938,359.442,236.294,474.005,
459.306,395.266,384.187,610.746,415.971,588.333,386.408,654.628,678.368,528.453,273.892,558.111,418.995,660.342,706.381,
718.944,519.881,692.664,626.441,423.149,665.661,711.688,351.086,494.635,586.297,327.534,739.405,535.07,364.35,681.526,
328.299,707.378,583.317,408.598,353.029,640.234,611.73,660.536,423.606,466.052,664.378,301.391,377.531,277.129,627.676,
679.56,374.991,674.703,333.299,311.821,687.067,683.227,554.985,542.21,693.747,349.096,309.693,601.704,492.724,366.474,
675.951,405.98,685.852,392.421,419.563,661.341,359.216,705.934,382.418,325.531,562.888,324.583,614.091,318.346,305.376,
627.62,679.801,310.849,442.987,590.313,506.95,510.474,283.138,361.677,418.466,275.319,336.67,531.641,340.349,489.17,
466.806,371.18,700.588,637.726,377.394,633.553,448.885,402.549,418.781,383.723,370.007,355.196,770.588,675.795,372.358,
440.693,517.334,333.887,711.112,645.198,632.857,693.233,646.844,617.747,703.935,667.985,612.782,648.766,650.972,332.138,
497.444,684.512,539.065,466.858,301.363,540.834,595.751,690.774,621.236,363.265,570.274,593.736,694.953,688.94,678.877,
413.271,393.114,397.593,248.459,747.208,659.697,482.362,364.649,286.209,711.735,677.533,377.998,643.984,452.212,697.013,
460.259,423.943,434.613,646.26,597.514,475.793,671.516,325.23,691.223,263.576,546.482,501.486,714.907,404.59,735.121,
673.875,490.337,310.581,327.137,375.703,335.976,671.842,701.105,397.398,277.632,303.279,335.423,647.84,300.344,638.022,
281.088,326.884,369.81,504.906,438.162,577.021,351.262,609.207,272.994,318.452,294.277,316.829,328.979,640.071,425.804,
427.029,613.355,661.617,350.285,518.125,748.063,379.213,389.313,468.19,627.631,228.214,458.522,627.439,288.42,430.442,
652.992,608.821,687.97,455.287,626.798,505.853,341.805,618.056,697.749,693.286,260.278,744.873,727.863,688.779,216.795,
646.295,324.484,301.558,674.834,696.248,614.23,486.186,442.162,679.767,563.026,395.197,382.769,318.956,273.816,335.258,
662.323,663.771,735.506,704.036,269.363,377.685,456.096,671.365,442.334,673.197,378.182,310.437,664.929,700.43,316.395,
309.108,593.263,269.395,269.959,601.257,731.925,244.765,274.898,542.447,367.345,398.382,711.9,289.99,247.035,573.191,
377.032,748.951,297.403,514.104,336.013,309.266,461.498,481.257,497.058,770.094,343.391,773.742,351.561,460.1,671.29,
461.805,338.333,624.139,314.002,679.391,540.303,651.349,516.742,314.658,349.756,424.485,332.109,644.3,500.108,386.262,
409.274,644.214,305.722,343.604,626.066,659.541,481.783,531.819,626.028,493.874,391.671,583.144,404.102,654.624,704.947,
562.492,407,575.792,311.249,605.828,309.698,667.222,581.551,719.402,548.056,564.924,213.118,642.974,630.854,287.813,
472.527,484.826,260.709,388.625,211.598,700.505,728.482,670.172,338.345,356.596,648.777,662.671,656.386,338.599,533.908,
459.676,427.275,336.758,597.227,360.795,577.296,443.13,632.914,623.649,358.148,672.23,421.791,406.85,436.357,481.337,
353.544,328.6,672.885,489.774,545.299,567.179,646.865,370.929,582.385,707.885,405.749,581.08,704.976,661.521,647.486,
674.879,448.765,572.593,439.148,680.883,503.215,491.062,793.085,350.67,619.598,406.148,396.256,653.169,354.23,363.336,
659.619,243.112,624.785,610.77,715.594,314.632,338.852,600.039,398.601,619.714,722.433,305.863,651.811,381.096,703.494,
620.192,354.348,556.135,623.224,524.362,645.505,627.907,443.319,326.811,392.421,650.162,715.466,400.368,485.583,395.073,
713.373,351.887,310.337,348.197,647.153,481.185,426.754,703.147,464.824,382.218,450.635,483.298,686.097,630.518,225.534,
406.694,359.155,721.499,329.242,408.086,690.46,466.817,349.137,452.364,369.749,568.555,495.539,317.02,264.709,522.952,
483.059,644.446,701.231,643.389,700.974,532.753,621.845,288.723,488.509,248.719,386.563,590.325,330.19,541.178,297.208,
727.387,576.152,412.135,324.437,574.366,239.871,342.01,544.75,373.146,692.693,748.625,604.425,616.525,269.009,456.577,
742.069,712.138,430.445,356.824,735.266,715.992,437.829,557.622,438.175,446.116,637.505,660.737,301.748,360.426,278.618,
506.412,605.537,749.209,489.407,307.163,548.24,344.48,389.205,690.195,622.658,726.141,290.099,326.561,411.264,353.214,
520.054,577.141,389.066,463.105,561.888,503.646,364.124,236.576,546.228,658.597,705.859,695.147,490.524,646.82,678.912,
568.155,696.246,683.65,356.322,693.518,482.782,410.069,691.242,611.235,497.914,635.858,734.563,492.956,462.122,327.655,
341.298,328.763,729.329,670.854,487.937,649.958,239.035,574.403,697.269,619.295,614.867,613.507,280.392,265.5,330.051,
636.477,742.546,492.057,576.778,562.064,282.656,514.751,383.208,744.84,315.957,350.455,339.101,461.237,437.271,236.616,
732.865,697.677,553.442,489.474,281.095,656.588,717.914,307.068,607.907,536.312,281.97,334.302,654.272,653.717,462.208,
737.015,653.688,633.096,669.501,387.217,693.911,343.308,328.512,432.278,624.602,662.205,681.451,664.668,373.373,684.569,
320.62,536.677,435.071,509.455,274.168,401.277,417.081,349.764,284.014,418.819,366.368,598.432,649.586,613.159,396.9,
616.921,422.908,552.051,479.981,246.461,753.201,471.023,438.263,671.5,613.076,284.911,578.758,637.103,688.19,438.739,
330.334,537.538,297.228,407.719,388.919,676.787,429.553,380.026,685.24,747.104,390.545,198.904,319.055,491.232,384.673,
599.853,458.161,732.73,497.829,601.808,270.756,315.634,410.285,386.741,537.985,477.944,628.301,370.11,234.63,613.282,
631.348,622.292,371.297,599.174,555.69,577.144,393.867,314.208,701.26,587.728,490.746,518.822,474.265,706.461,676.214,
200.254,433.43,438.421,226.032,609.477,397.199,592.255,680.105,402.62,658.768,476.546,681.808,476.205,643.513,668.82,
