372.361,170.139,699.741,499.617,450.006,117.227,466.993,575.417,737.725,319.96,529.04,515.098,529.638,683.683,409.551,
48.6164,191.233,705.8,384.158,458.253,65.1702,462.861,388.699,491.041,167.088,497.618,396.162,284.632,421.059,370.604,
211.193,52.0069,264.354,587.267,538.291,159.337,47.3097,77.1979,190.273,249.921,61.8739,270.019,51.6297,56.5181,107.531,
83.6579,52.3928,46.4942,54.4209,181.16,55.7914,116.994,54.369,57.9701,45.6124,293.862,440.545,60.5689,108.057,57.0613,
203.536,160.738,140.74,58.8692,62.6101,47.7349,58.8602,181.803,54.0104,162.074,288.223,129.833,51.1585,131.012,148.671,
51.1727,54.5655,101.338,53.0941,113.362,368.878,56.9994,75.2201,212.748,62.3196,102.889,177.42,105.27,171.172,47.9561,
48.4123,56.9983,53.6066,59.9264,456.845,191.42,54.9708,51.2977,454.551,86.7826,261.981,269.499,56.7928,50.5621,91.735,
71.6437,65.3,65.4859,58.2902,62.642,52.0176,190.18,187.462,58.6499,47.6709,55.582,53.1674,53.2214,58.6873,51.7694,
54.3945,58.439,62.4188,299.722,70.1394,47.543,57.3164,162.62,55.0453,93.2951,273.206,61.1978,72.2321,275.51,65.9403,
50.4618,130.066,59.3288,63.3484,84.8999,63.3281,315.055,57.2604,276.76,62.1812,49.4356,54.3938,190.009,214.537,49.4326,
45.6862,62.0894,390.954,59.984,57.8321,263.638,211.42,327.995,54.6649,56.022,66.7763,141.152,49.9287,176.103,54.9131,
161.874,184.933,126.063,47.8016,56.133,58.7492,423.321,324.535,54.9652,58.988,62.855,114.963,58.3458,56.9349,65.2019,
65.0956,248.155,63.0243,273.149,59.8374,102.352,229.865,57.9017,58.2129,57.4587,86.0452,52.1386,63.8066,297.556,49.7518,
202.314,50.7923,60.228,62.5758,47.5783,275.374,290.788,61.1992,67.7421,62.1875,50.3778,52.7267,217.019,65.4549,209.446,
58.027,61.4531,62.067,294.867,51.5504,153.743,252.944,51.4268,69.1642,54.5183,52.941,68.314,58.1517,86.643,55.0644,
57.3581,54.7815,60.5339,65.6219,53.098,49.7449,59.5173,83.546,55.1148,123.1,198.715,56.3335,88.3981,54.8319,56.6308,
59.9714,168.447,53.3929,62.1701,102.829,63.739,51.8805,115.108,155.624,117.836,56.126,54.6439,61.8329,56.1181,70.2148,
342.433,59.1059,56.8622,55.5789,50.0455,51.0334,47.0197,117.458,57.9253,285.553,60.7984,53.1654,51.8764,58.9186,121.593,
109.916,58.6955,86.3485,116.385,56.7955,121.268,164.312,54.935,51.7985,167.848,58.4992,61.7001,54.2036,54.1389,58.2663,
195.89,50.3335,300.987,341.921,52.2677,80.4863,55.5331,62.0617,48.7596,233.996,59.2518,58.9215,130.087,67.2188,58.5706,
53.9357,50.0202,326.068,254.102,54.8311,57.6811,61.7227,53.2963,58.9028,49.1858,67.2509,49.304,52.8153,59.7836,164.758,
48.3159,50.1733,50.6538,173.177,177.731,107.008,71.4844,322.055,69.4291,58.938,62.2424,101.663,58.6039,55.7282,53.6359,
56.6228,135.239,60.4003,113.39,51.0315,305.551,54.2687,316.443,49.4449,123.809,59.453,261.46,58.2671,56.6897,277.983,
170.242,50.2615,57.0705,158.152,58.0115,245.546,75.5075,57.8921,142.805,57.5249,50.991,55.6847,143.342,52.6501,58.6228,
54.7529,348.866,85.089,209.85,53.4179,359.255,162.613,161.714,52.8537,104.847,170.537,56.6062,51.2874,81.9591,349.212,
150.218,372.331,57.7165,129.718,50.185,60.2235,49.5816,57.759,341.291,53.0708,53.8591,212.536,58.7241,55.6014,144.546,
62.9388,162.233,55.083,74.6277,70.9903,113.844,49.2573,73.2791,55.1127,49.4689,52.9289,228.997,186.686,59.8218,60.1887,
54.4882,53.3942,122.543,261.47,380.18,85.9137,51.9496,172.271,265.158,57.7456,438.412,48.484,61.3555,226.673,50.1453,
142.368,50.7572,53.4277,133.945,53.5429,50.1811,114.683,54.7914,161.571,173.966,57.9006,52.778,50.4993,50.5573,52.8069,
163.375,50.3422,99.7231,56.9663,49.7121,56.1168,66.3866,305.772,50.5066,71.9056,122.875,52.677,130.539,354.566,71.114,
181.145,238.971,56.8363,62.6853,48.2889,395.6,364.718,52.8578,114.27,48.9402,63.5701,54.8248,62.1098,92.7738,58.2514,
63.4882,72.8567,105.161,205.769,64.4759,495.538,54.4451,71.1744,63.8395,58.8358,55.1031,50.5324,63.4881,67.6583,423.263,
55.2331,57.4831,176.471,277.624,368.776,62.6335,231.989,156.138,67.6567,54.5359,50.5826,55.7572,57.9218,201.082,233.305,
56.7975,62.3648,56.3417,60.7281,206.742,50.3051,84.674,155.512,55.7412,67.3048,51.7873,157.533,149.121,52.412,61.2528,
55.5508,63.9514,55.4316,53.8471,212.698,123.872,57.4645,59.2763,135.142,92.8891,59.3674,63.1791,57.9422,100.993,222.176,
289.779,52.7951,55.2857,134.855,131.239,210.141,59.957,60.097,67.0981,51.1199,69.3504,55.5337,61.6106,50.5565,151.391,
59.6768,85.1311,54.1305,58.6253,64.7739,159.943,52.4888,51.4245,129.904,201.627,184.541,69.3894,56.7479,153.906,60.9672,
452.784,53.612,189.315,171.051,53.4127,116.981,60.8622,217.889,53.8016,58.6212,124.808,65.8538,103.796,65.1437,119.391,
131.717,54.6031,93.306,54.4272,133.681,162.155,53.9201,148.966,57.4274,67.3189,84.5253,577.539,53.9725,50.4974,52.4566,
55.7618,47.7731,200.156,274.74,69.8332,55.6229,56.3013,58.5293,124.339,58.4913,79.9461,157.102,102.86,321.804,108.255,
58.1819,58.2993,79.0756,123.333,54.2027,86.0587,70.8269,73.6441,55.5,134.674,49.8218,215.38,149.473,58.9379,144.169,
55.8457,57.8171,53.3706,167.302,195.767,59.0226,59.3324,49.8714,48.4788,61.0744,67.5889,194.605,163.437,56.852,160.031,
141.244,213.122,56.3648,69.0354,60.8577,143.744,56.0359,241.212,230.899,57.0553,53.9394,53.0342,79.7078,61.6722,64.2617,
60.0999,220.046,198.414,53.6622,59.4965,76.3163,63.5397,231.662,152.993,55.129,127.049,58.7448,54.099,245.484,236.376,
56.4523,240.038,50.6043,55.0183,49.1603,133.527,60.023,56.6176,55.1658,56.3927,279.68,48.4011,58.8587,54.9797,179.968,
239.008,59.4156,54.6438,59.3286,63.8129,62.6061,50.0514,111.378,190.919,57.2601,61.0536,50.2013,48.3389,58.7989,54.3009,
327.656,55.7668,71.8224,366.993,102.447,72.618,52.6542,60.2151,60.8266,50.8393,51.5575,60.9115,199.473,51.5317,64.6367,
53.8857,55.0574,50.1945,68.4151,53.9175,524.82,661.915,58.2005,72.0525,58.9935,148.103,50.0045,46.9932,63.486,54.5112,
56.6675,152.129,53.0075,134.371,62.9541,60.8147,60.1495,57.1742,151.818,62.8408,129.886,71.4759,111.251,52.5058,53.6267,
269.227,62.2611,55.3933,46.9127,50.7494,53.6196,108.434,49.427,56.4183,61.3872,81.918,228.59,60.7509,59.0575,188.417,
