411.533,599.193,480.525,631.775,201.78,302.567,153.953,312.948,645.818,605.149,191.846,452.823,382.59,499.22,376.396,
65.5587,261.678,384.705,515.825,509.875,257.02,379.812,293.962,454.081,673.284,128.834,180.608,438.717,434.633,298.358,
220.485,274.038,131.288,354.121,407.652,293.286,342.639,352.632,106.108,109.336,214.425,310.48,181.421,57.7206,509.426,
464.844,151.839,87.6093,337.332,197.601,402.971,379.699,260.139,515.419,209.533,85.7745,151.596,221.873,128.061,526.15,
266.38,220.235,479.502,406.82,279.019,158.415,75.5981,229.598,481.625,181.222,133.691,157.461,349.087,583.984,180.59,
95.7553,272.562,254.592,387.441,131.662,333.119,303.501,135.632,111.311,406.422,221.126,298.49,601.269,523.395,310.062,
113.002,180.63,299.351,297.392,103.233,305.726,118.961,410.544,184.871,59.974,462.301,395.04,134.764,448.574,496.013,
103.065,164.367,160.218,171.694,76.3607,54.9422,394.412,527.277,383.625,76.8645,75.8424,233.919,109.793,215.693,378.6,
96.5387,374.549,558.422,100.106,158.27,118.477,332.744,183.379,428.951,580.842,584.413,152.98,370.572,112.362,380.833,
234.466,174.001,63.1253,119.425,205.324,295.849,93.4718,185.614,114.85,118.349,283.601,73.7908,86.3266,364.602,91.8296,
90.4114,168.027,164.708,310.285,123.68,121.142,427.488,286.111,520.731,140.395,101.208,188.964,422.982,194.998,321.53,
59.6396,227.404,63.3726,126.07,329.357,432.992,341.203,252.002,223.179,110.224,190.288,67.3572,123.14,348.598,242.901,
229.481,526.8,84.7581,118.704,188.227,294.452,404.745,111.252,406.447,213.291,108.342,167.001,76.9164,277.766,242.636,
176.608,74.7645,216.461,105.305,362.76,132.855,312.041,436.621,296.225,133.868,191.535,65.4285,170.618,270.604,206.791,
118.269,191.762,73.182,169.063,116.689,115.264,139.641,110.919,363.95,212.391,146.798,241.9,275.705,159.057,176.605,
82.649,57.799,577.669,281.142,60.5555,227.708,557.842,242.637,53.9929,244.762,305.35,223.303,153.832,115.298,114.572,
170.635,171.667,163.16,241.392,185.657,164.04,245.446,158.852,211.7,219.188,151.754,140.268,116.749,139.662,201.52,
216.719,489.355,345.641,200.06,206.922,131.283,108.592,339.911,154.09,120.747,182.254,88.8715,145.452,84.775,161.93,
358.847,107.804,216.139,252.278,476.08,144.973,160.872,335.84,159.548,189.1,294.146,126.53,71.0832,184.928,252.118,
130.865,245.357,90.5431,464.156,131.078,185.535,157.087,594.424,123.752,194.718,557.982,453.28,197.923,491.57,315.549,
89.1903,230.631,184.44,163.158,188.525,197.529,347.012,164.069,137.152,167.224,239.545,199.977,186.578,91.7488,138.822,
575.307,161.036,474.45,276.493,83.188,157.846,423.757,84.6912,153.754,392.926,169.463,149.265,122.112,102.632,129.44,
170.638,112.339,262.949,240.399,107.375,421.339,179.245,456.397,232.417,294.114,155.744,162.131,260.976,306.937,111.662,
175.493,119.102,363.122,128.803,240.201,201.758,121.201,237.836,100.777,125.348,118.28,166.769,202.225,99.6218,143.1,
83.4924,91.1931,202.607,226.625,85.7472,177.191,136.517,99.8711,359.117,548.793,177.993,599.778,177.571,158.707,201.951,
241.647,240.463,143.231,75.087,125.081,224.918,536.368,76.3563,313.584,90.0507,89.2793,132.361,340.933,407.718,124.562,
99.0695,125.595,65.8977,151.796,374.318,326.725,193.87,137.832,86.558,123.488,150.843,269.041,525.644,464.354,161.509,
177.423,319.761,98.5248,63.5829,77.4978,156.818,127.583,98.7156,140,147.51,225.27,95.4429,176.211,114.283,174.64,
112.365,90.7424,78.2895,65.418,174.832,81.3312,646.587,315.893,223.009,145.444,153.062,395.139,298.746,66.2606,165.197,
70.2397,214.638,149.929,190.024,121.817,265.231,198.813,76.4386,282.556,111.268,95.6329,258.105,347.033,228.65,323.46,
81.1427,119.181,108.564,451.979,132.283,92.3399,68.9844,235.255,230.691,278.366,191.73,215.28,241.176,281.653,73.6432,
357.175,243.68,160.018,170.792,124.29,231.934,162.825,61.5255,352.646,144.372,392.89,58.7396,355.213,396.325,146.531,
158.785,118.867,87.1319,214.012,161.808,69.6781,179.36,88.7492,174.296,131.255,152.222,118.414,73.3425,316.754,288.673,
93.7315,195.951,198.373,212.323,330.137,67.2959,185.079,352.848,57.8682,378.15,79.8863,179.851,53.3995,227.401,79.6049,
107.962,322.385,146.602,427.864,314.663,259.578,58.7303,221.45,241.107,124.987,314.366,119.024,334.966,91.3913,212.49,
69.176,474.188,291.882,78.127,182.898,71.8545,89.8143,245.969,554.574,173.065,130.798,172.887,221.371,264.161,450.338,
53.2842,273.508,177.218,125.51,180.983,202.19,64.032,127.103,304.817,582.168,247.826,255.237,77.392,78.7463,115.758,
169.138,83.5532,127.034,142.069,180.333,96.3359,88.951,345.64,69.4669,354.051,168.673,138.755,222.218,155.876,543.086,
171.645,64.7198,93.0571,416.686,106.049,162.383,103.76,175.789,285.934,138.629,132.266,321.388,466.324,111.833,105.267,
221.353,164.193,199.055,275.8,149.408,96.7848,81.5014,532.63,264.993,208.706,63.0111,384.195,94.3662,131.628,115.092,
163.009,177.272,143.15,208.639,235.216,71.5927,110.758,230.192,124.36,190.881,223.383,197.159,220.43,421.468,156.905,
134.331,85.1946,154.452,67.7978,157.75,166.83,400.236,267.002,192.939,442.895,351.727,236.922,108.257,149.208,156.645,
238.693,239.878,306.682,286.446,132.045,144.344,315.315,80.0154,347.509,455.224,204.452,125.419,510.088,138.967,408.312,
252.018,136.913,167.109,84.7296,283.078,214.901,154.209,293.311,154.582,107.253,141.801,208.18,107.876,133.858,240.768,
62.0256,123.732,78.8066,55.7885,141.952,219.736,180.921,449.839,64.9378,74.8599,73.5895,74.0718,203.003,74.4995,188.937,
215.317,371.229,131.37,119.6,71.4102,83.1333,151.168,370.711,146.691,127.776,57.2051,62.3404,153.118,256.968,148.729,
85.6589,79.4301,97.7885,126.563,82.2897,145.837,325.923,125.209,374.809,178.37,423.536,244.435,81.8958,376.48,104.158,
77.6882,231.74,105.54,57.5601,145.532,199.067,60.5106,111.612,118.125,273.784,73.2023,176.156,212.267,269.505,529.753,
78.9227,104.763,100.322,266.26,88.4997,77.0469,371.022,120.274,166.515,72.7297,146.255,249.754,190.572,174.155,192.665,
616.769,163.258,59.7716,83.2878,366.043,292.785,523.767,298.925,235.985,55.3129,208.871,173.946,274.591,217.936,444.353,
