617.18,583.081,223.477,528.378,601.144,676.285,49.693,496.062,391.334,641.208,583.73,165.282,533.68,125.665,59.0695,
231.479,119.229,104.203,115.017,235.782,225.048,265.452,196.275,58.36,275.482,563.665,77.3045,200.194,53.2562,363.137,
59.9656,434.299,301.535,143.821,56.9836,384.26,197.288,244.22,194.721,284.866,60.9228,156.343,166.613,399.54,245.887,
191.655,371.877,57.2773,95.9343,301.311,130.813,119.537,209.339,116.327,99.7893,354.059,454.492,169.067,194.284,55.9931,
66.2594,50.8726,193.721,87.3536,74.9455,113.009,58.3796,258.814,74.4532,283.614,479.667,115.949,197.756,312.226,97.6899,
171.33,61.1648,70.6669,71.4161,85.8715,84.7177,52.904,90.7171,243.542,52.3915,53.2221,155.605,180.614,225.552,75.043,
55.3533,56.8897,147.101,178.563,204.197,191.218,234.875,76.8167,77.03,145.326,64.6232,56.6922,74.3234,53.4937,165.164,
67.1539,51.9257,65.988,51.0717,308.701,122.413,69.9862,692.254,57.0414,128.716,53.4426,80.7449,63.804,52.4568,75.1088,
165.409,120.282,118.049,259.253,48.3099,64.0821,53.2575,128.657,211.768,55.2331,47.8932,316.337,50.3196,207.483,50.3243,
65.3948,54.9267,58.7907,60.053,69.2941,130.85,57.956,73.7398,69.3634,72.5643,62.3494,291.232,176.231,50.8245,147.816,
50.7314,51.766,75.26,55.2752,67.1234,49.4578,71.9331,52.4085,52.6278,258.877,138.432,110.417,54.5302,88.6187,64.2354,
50.8587,126.541,56.2635,332.513,54.4798,117.091,190.041,58.9893,129.906,55.4778,51.9188,62.3803,48.5309,51.3781,57.4376,
295.043,315.245,203.866,57.3929,47.7898,58.3566,48.1613,53.2546,53.119,49.6225,82.2651,48.6634,49.485,51.3808,160.433,
230.967,326.462,63.635,53.5722,51.3188,55.0681,59.7589,280.657,60.1272,54.8595,78.6083,54.8017,55.0618,52.9278,61.4795,
260.372,280.022,49.2992,54.9121,55.694,56.5934,52.0355,54.1391,59.5161,99.8043,70.101,182.338,260.365,126.015,61.8481,
55.7498,194.625,175.093,122.489,246.565,49.2868,95.7591,115.347,182.536,178.744,57.5681,127.693,306.402,59.1337,182.239,
273.898,50.8046,45.5819,49.0948,53.8323,52.1122,95.6432,56.0839,226.576,52.4387,54.5269,147.72,52.7611,52.3013,122.522,
73.0289,58.3642,61.3677,113.611,57.8443,52.3798,50.1334,48.2403,51.822,145.482,58.5164,48.8758,54.9523,55.2106,59.3899,
57.2102,56.3598,141.543,53.8372,251.829,170.936,57.8685,52.3468,59.8324,54.9468,49.9929,52.6111,168.379,59.1651,64.7659,
59.3861,49.0797,50.1479,74.2171,76.5291,131.425,180.032,60.2861,53.6833,71.1303,167.837,301.539,53.0892,124.758,60.1378,
136.591,56.3758,50.9997,51.6342,49.8201,195.556,48.5622,54.7411,71.3976,55.6356,67.4432,57.4921,51.4555,149.353,205.82,
66.9438,53.6076,274.126,53.9418,83.7253,206.701,145.111,49.4903,92.8552,60.9465,51.1545,153.657,56.7049,49.5167,57.8014,
52.0823,151.149,49.7406,218.37,51.0948,224.295,52.003,60.1059,78.5081,126.787,49.6813,84.057,156.018,51.3703,50.9333,
51.9543,51.6557,83.3441,52.5621,173.739,147.08,127.571,59.5134,58.8676,50.1662,122.682,170.866,58.2208,82.562,58.0729,
66.3484,51.5411,63.9268,57.7816,67.9095,136.511,45.864,107.937,109.458,46.6092,52.102,53.6972,60.7907,46.6623,55.856,
50.9573,57.522,53.6531,126,82.4614,55.1893,123.857,142.503,120.901,49.8082,60.6812,56.1963,54.956,55.6272,179.062,
56.5976,53.9355,50.0831,48.3625,199.015,339.657,56.6173,54.1853,56.5029,136.84,139.651,65.705,67.4564,168.783,49.6122,
147.865,56.7049,61.2386,51.5646,54.9525,49.5515,63.9956,138.36,322.856,51.673,104.367,181.406,54.5619,52.1398,56.9306,
221.231,255.223,58.2656,57.7025,56.4919,56.6258,51.3997,52.8209,59.4475,61.1118,51.6662,63.5205,51.5613,54.304,183.998,
199.357,58.2043,105.229,176.982,62.6652,53.1908,114.976,238.618,50.5028,58.7222,49.6244,69.593,68.9509,75.2966,56.1508,
60.8783,52.2122,75.8438,47.1926,66.0948,132.314,85.813,89.1967,50.5497,56.0184,177.526,91.2479,174.692,55.3303,56.8176,
55.0185,50.19,236.572,61.5552,53.1239,46.9828,217.04,57.8947,80.0534,194.582,50.6529,57.2146,50.1573,51.8627,56.6553,
51.5253,191.472,57.3876,63.0417,59.8341,61.6836,59.1892,60.4195,181.466,115.492,61.9102,53.6837,51.4677,53.087,51.6502,
181.293,53.4783,45.8244,194.102,157.2,54.605,62.3346,55.677,48.9479,58.9655,61.7753,53.6566,55.9464,50.1126,60.375,
61.7322,52.0477,120.379,48.8369,49.0708,55.0667,622.829,56.8496,188.107,52.8588,47.7811,63.0025,61.6569,51.7766,135.886,
48.9619,56.8188,186.578,57.1841,50.9835,100.189,181.453,53.839,47.6946,189.498,54.7147,47.5378,65.4025,63.172,210.021,
54.5614,179.523,670.699,144.778,49.6458,64.6073,94.5714,51.7131,47.2118,52.4819,167.396,46.3369,47.3789,50.5869,57.6185,
65.3083,425.503,50.2851,56.3701,439.246,49.0395,187.275,56.733,326.154,199.893,58.0127,64.0959,132.739,51.0343,145.632,
52.7027,51.8685,110.506,47.387,58.6785,280.158,49.7297,71.0237,144.386,58.4456,53.475,60.5337,266.032,53.2332,55.3723,
61.3629,60.879,52.2392,50.668,348.512,51.59,188.945,169.418,57.0633,48.3549,53.3766,125.886,67.3594,210.689,58.859,
110.968,71.446,297.19,51.2917,322.424,175.685,49.0888,227.392,58.1736,81.9596,60.8322,150.45,121.657,69.3778,57.6713,
52.8857,50.3195,70.626,53.2695,54.0696,63.1492,74.4954,85.3908,52.4247,264.663,64.7126,49.862,176.474,117.913,67.1415,
55.3735,137.61,128.527,55.6633,69.6916,54.7341,54.9716,94.7618,56.6753,182.994,51.3589,224.26,492.787,98.8295,49.1374,
51.4722,336.635,76.3137,56.3327,51.3254,40.5203,50.6615,55.6785,49.0778,49.3868,50.132,58.7484,64.6748,188.003,46.1573,
63.1567,138.558,66.175,46.5024,45.8617,219.101,54.28,54.7107,325.006,60.006,58.6392,51.8967,48.9309,195.81,50.945,
49.9449,205.241,53.9257,51.157,121.537,52.056,54.7031,50.7056,50.3557,177.306,181.966,773.113,52.938,47.1301,214.577,
55.9245,191.278,61.0123,46.5804,49.9553,173.353,55.2656,54.088,51.1467,213.523,48.6259,171.992,49.7893,114.272,47.2647,
212.975,65.3576,53.6472,141.275,51.9303,56.7815,60.0722,190.861,55.4217,125.649,59.7606,59.5444,56.0373,69.6829,205.048,
46.1221,49.303,57.8153,120.768,51.7142,199.037,51.5459,50.2215,51.5767,129.458,116.262,145.105,54.3006,47.5553,190.756,
55.6958,117.126,52.4922,280.137,125.977,111.532,48.6735,70.3615,170.275,58.7988,53.9395,48.903,63.5498,82.1285,242.562,
