180.02,731.405,390.75,517.618,420.58,436.251,181.049,370.264,588.534,475.093,637.564,617.815,383.151,420.417,154.318,
56.0156,255.964,221.703,449.09,208.242,423.335,587.968,97.2305,656.159,291.153,493.953,175.715,223.991,452.471,306.65,
76.7746,244.111,126.096,219.345,223.161,321.531,621.654,283.566,212.45,109.907,133.829,151.354,290.713,396.05,291.953,
128.659,287.137,150.012,443.143,214.742,210.754,153.853,147.635,190.067,207.016,72.9734,146.728,62.2341,67.4903,167.948,
169.768,89.0735,146.862,225.822,75.8098,189.67,221.79,487.978,186.27,206.111,169.319,128.447,410.648,78.5562,244.4,
128.791,221.361,98.1567,67.1968,255.395,78.3196,205.881,308.643,149.947,112.676,99.1797,100.575,124.107,59.5869,148.087,
133.09,135.162,340.253,71.1338,488.913,117.856,61.6358,408.732,58.9532,182.861,193.567,194.763,204.881,366.147,137.486,
480.965,139.845,319.077,237.219,166.608,464.755,143.664,313.453,229.664,328.544,275.92,62.375,143.086,117.868,217.848,
122.227,60.1257,66.249,74.3356,240.064,73.5229,203.509,67.0011,61.7336,330.655,55.6199,105.532,65.9299,587.008,173.315,
124.85,119.135,184.43,558.113,592.889,92.6712,238.981,371.58,401.464,117.28,602.987,439.369,127.342,63.3716,101.84,
201.013,189.12,100.846,386.752,167.401,313.294,159.796,117.358,97.0153,137.826,256.488,59.0082,223.267,384.094,293.217,
322.122,165.003,139.949,59.4673,269.424,69.8334,109.352,549.069,122.04,216.219,335.507,176.656,290.316,84.3154,125.321,
218.321,125.473,205.691,111.469,78.4409,467.626,153.7,243.406,61.2782,168.531,236.983,57.1907,63.5419,126.359,138.639,
348.055,240.675,150.044,92.2672,77.0252,62.6343,177.215,175.092,205.104,201.074,71.8321,65.0546,332.829,228.472,150.752,
105.931,59.6466,268.274,323.585,143.435,303.988,250.833,259.585,260.209,235.497,365.563,84.2288,97.5023,268.736,169.722,
179.256,199.138,196.26,139.595,78.2903,328.1,57.7432,116.657,186.136,130.523,67.2466,138.042,226.318,99.0962,282.931,
65.6262,76.1822,103.193,116.821,92.1723,200.136,243.598,94.0647,159.183,88.3718,231.834,180.759,174.199,62.2445,355.799,
208.303,91.6861,76.7766,177.774,179.076,196.156,286.888,138.422,215.119,184.764,520.871,86.021,100.093,96.4396,426.734,
51.2941,222.752,192.602,56.7674,96.9763,126.29,198.748,282.596,243.109,187.253,72.7298,70.7193,283.374,316.584,134.291,
175.69,56.277,81.4407,171.906,76.0724,265.925,80.9067,103.603,130.242,204.889,83.4572,64.2257,418.991,278.369,89.9707,
169.322,65.5812,221.339,122.997,226.289,180.312,107.412,340.059,195.76,127.709,103.284,57.4894,109.448,118.006,104.594,
226.099,60.7932,113.225,60.7228,143.361,264.978,143.579,141.389,194.029,201.206,61.989,349.394,89.4662,201.724,144.825,
114.905,235.816,125.397,108.884,454.111,181.238,138.2,108.096,58.9544,139.247,77.2471,189.783,381.056,299.754,118.37,
58.9601,298.689,389.832,62.2324,126.305,114.703,63.2384,83.2687,141.994,179.787,181.722,65.6106,62.6181,148.07,161.4,
55.2317,227.418,155.611,356.956,232.677,63.9008,167.177,117.095,84.3712,69.9619,144.598,57.2911,209.268,181.315,204.647,
67.1198,200.609,102.566,278.059,98.9881,88.7584,54.1828,233.242,106.313,104.393,111.154,66.1082,98.5362,58.277,56.1385,
176.698,385.839,131.495,154.087,172.605,468.979,117.941,59.5915,143.678,339.57,117.76,471.708,82.8724,174.006,75.1535,
185.453,58.9515,107.358,316.857,315.085,141.779,394.995,219.403,257.654,155.784,73.6318,288.092,112.046,199.042,146.281,
432.587,428.354,265.714,175.61,77.6646,104.146,94.3741,570.43,381.923,317.395,273.375,62.9785,172.143,242.218,119.569,
64.2686,286.11,58.0462,471.006,429.172,184.859,191.064,142.595,360.605,240.836,198.059,156.2,325.58,199.068,182.721,
106.609,56.474,160.741,177.221,68.1112,73.4202,165.253,191.836,66.8767,205.274,191.065,605.601,84.228,123.042,81.8984,
157.733,478.417,108.696,239.241,67.2527,176.982,411.317,335.282,248.268,73.8689,68.1468,373.14,141.215,360.636,320.725,
174.993,179.099,353.941,77.9929,58.0723,162.973,92.6071,358.573,590.15,235.598,110.15,221.13,148.466,118.113,157.525,
349.351,63.2161,351.073,445.737,65.079,99.7385,422.488,150.246,435.915,124.578,60.6155,65.7424,166.25,292.887,226.457,
133.651,302.731,607.054,305.575,184.548,70.5345,101.304,259.249,361.637,120.375,67.569,328.366,107.778,329.727,195.762,
570.808,226.664,101.136,270.148,59.6067,202.828,91.5859,209.888,178.76,132.339,108.97,75.516,80.5301,108.311,593.027,
137.085,324.84,347.707,145.828,100.524,441.303,344.065,64.4394,172.538,76.9869,185.538,216.003,164.013,107.719,159.893,
150.408,289.811,89.7229,69.4856,182.762,313.256,393.087,175.333,177.63,161.603,142.912,134.795,199.815,322.779,152.352,
196.762,66.3966,151.209,91.9203,122.201,293.807,129.007,363.238,76.1926,395.171,339.7,75.972,373.091,310.852,227.573,
124.807,254.871,138.59,96.3346,89.625,75.341,165.385,297.506,229.669,100.364,156.073,204.437,72.4568,250.562,216.393,
396.986,138.794,361.276,90.8558,61.0916,308.564,82.5618,140.33,109.522,425.053,179.222,206.302,362.024,129.836,185.092,
187.604,201.325,570.225,237.502,133.412,112.921,319.728,100.924,130.744,160.548,224.377,82.2433,211.08,109.451,146.71,
165.811,407.706,324.785,179.299,128.819,252.746,208.711,85.6859,326.67,180.075,216.41,133.846,294.4,101.125,97.9093,
271.889,422.69,96.1291,446.004,104.212,240.896,120.632,65.5236,227.193,96.0747,142.93,68.8037,271.132,261.354,67.3682,
139.335,108.891,128.424,360.921,79.0675,237.761,189.635,203.136,339.332,242.292,63.0948,412.182,150.844,63.274,416.748,
158.23,341.957,207.387,197.631,200.055,193.857,91.8505,204.392,314.916,574.074,101.273,124.5,261.207,72.2035,445.698,
114.418,117.904,113.962,204.153,165.567,152.034,66.9177,263.377,80.2305,455.108,55.7341,527.053,323.404,64.6791,249.303,
401.639,245.015,158.281,195.342,85.9164,158.112,77.5593,211.304,103.746,149.286,623.564,172.396,65.8277,80.5334,158.691,
415.678,411.756,180.221,150.341,144.415,77.152,132.494,101.311,219.468,184.643,369.229,224.659,57.751,412.845,57.3754,
56.3838,168.095,95.7391,168.139,69.2969,56.9691,85.314,65.6757,141.39,478.018,466.904,66.5247,211.133,173.259,205.618,
