430.95,542.107,534.474,432.522,235.813,401.862,172.853,442.512,604.091,737.954,656.861,554.871,222.447,559.498,76.9365,
575.517,208.491,312.824,245.608,728.988,146.318,183.756,206.453,663.774,188.539,262.269,467.431,616.89,537.213,290.082,
161.098,216.777,256.474,103.522,205.15,208.946,369.611,158.024,571.577,294.319,173.329,145.395,145.821,197.648,341.279,
198.467,262.062,299.648,354.304,173.952,320.402,231.346,238.064,244.137,245.714,380.545,159.436,421.957,288.375,385.85,
204.235,461.017,268.148,135.365,257.923,187.699,320.903,311.686,481.544,292.365,297.815,609.946,598.989,346.756,185.806,
239.54,197.945,273.038,432.983,233.765,259.409,191.182,184.598,400.41,206.727,114.15,500.626,287.59,464.236,245.035,
205.145,532.973,137.847,197.659,278.3,376.66,222.758,474.446,513.908,289.548,189.14,245.571,241.837,373.074,239.918,
276.538,205.513,207.536,165.121,532.218,283.487,366.163,264.185,317.796,129.311,404.428,160.784,537.572,310.906,190.989,
209.353,491.695,196.344,491.143,456.162,468.331,337.507,182.338,242.54,458.853,135.053,257.408,341.003,278.129,468.038,
690.108,153.138,306.562,476.054,136.538,277.672,504.546,131.712,496.198,294.917,217.978,186.614,211.541,412.505,241.148,
473.945,577.009,294.567,264.057,367.545,222.506,103.789,437.945,284.269,498.393,372.928,208.033,175.995,113.584,500.617,
497.046,243.927,217.796,279.691,189.44,158.436,302.517,282.108,342.613,339.568,413.19,68.7463,232.224,376.309,187.949,
125.361,417.19,252.464,295.539,254.03,377.533,554.881,182.332,205.615,231.868,541.395,227.167,397.748,346.783,417.476,
139.478,147.3,321.274,105.481,197.794,361.343,152.195,199.249,187.693,169.564,126.72,188.777,395.782,193.315,310.919,
168.289,154.76,68.3988,306.193,227.548,525.786,355.406,317.717,204.926,218.654,405.096,149.27,186.234,215.707,74.4818,
158.087,190.472,367.702,244.451,342.023,144.32,192.471,200.542,68.8417,457.878,114.453,179.27,184.532,182.249,239.433,
201.144,165.782,116.413,253.855,145.566,128.903,91.4738,197.564,250.724,290.783,335.191,115.947,313.09,155.989,178.964,
380.865,262.829,109.278,198.679,241.039,436.833,285.693,159.425,153.416,249.391,179.421,183.424,414.755,164.524,371.166,
185.72,187.221,253.382,277.921,335.328,347.048,250.157,206.876,193.123,110.358,198.632,111.808,285.795,173.196,231.825,
297.847,222.152,268.384,339.165,287.252,102.127,209.609,430.389,115.399,242.747,344.309,290.434,244.67,327.638,131.184,
153.757,183.446,122.944,152.367,167.385,260.533,328.493,238.591,186.755,236.506,212.615,153.888,133.419,357.757,339.068,
224.663,124.523,125.326,238.707,336.153,132.173,242.095,203.622,453.023,335.056,299.741,259.226,200.507,116.756,469.941,
180.11,171.481,500.739,295.062,142.579,191.02,203.928,206.81,324.853,260.959,242.39,104.462,238.85,66.3345,153.593,
206.836,302.995,527.869,175.314,326.793,692.222,212.623,214.382,96.9514,189.164,164.191,234.308,211.923,308.891,234.184,
415.47,295.639,189.332,435.313,407.775,133.745,639.788,155.579,208.623,223.509,221.106,416.699,113.129,245.532,136.905,
223.579,205.229,236.165,105.106,169.518,134.698,359.475,223.091,231.51,153.028,291.707,117.559,191.668,234.225,178.394,
333.502,88.5971,462.947,658.247,262.372,115.024,184.497,131.495,492.519,194.727,235.556,290.716,271.382,194.93,249.152,
183.401,148.123,165.549,443.149,79.9485,196.847,289.501,108.833,118.254,377.72,183.402,227.142,135.688,205.107,227.084,
247.708,452.389,136.093,137.283,203.539,212.746,289.838,386.454,430.681,186.496,218.301,127.329,219.657,516.337,80.5565,
80.3416,327.755,376.335,308.535,138.282,219.686,235.493,405.673,240.225,182.971,169.465,448.766,122.606,243.807,131.88,
344.001,126.237,234.294,285.561,184.622,159.782,216.589,191.487,179.44,210.035,169.184,167.714,175.244,282.236,252.846,
158.714,393.267,156.438,179.282,530.877,401.707,325.659,249.311,186.815,243.685,230.936,153.088,412.107,457.328,177.26,
217.612,298.014,250.623,341.936,60.5844,191.37,161.773,176.231,175.458,288.211,245.194,139.072,204.154,397.013,581.609,
120.994,209.462,310.467,72.296,416.73,128.068,204.994,175.415,146.387,207.003,238.363,151.553,194.667,366.092,197.237,
161.834,240.673,434.69,306.951,380.266,351.98,514.778,214.696,234.181,373.162,316.098,83.0466,63.1357,479.058,220.295,
188.744,73.2201,279.587,474.135,254.22,245.854,124.908,454.309,201.928,165.232,193.469,173.084,164.532,498.864,292.272,
340.491,203.952,151.349,424.002,344.812,157.572,134.075,327.959,248.501,621.192,167.089,162.549,175.376,337.787,281.552,
315.551,446.333,210.09,265.568,162.646,254.164,330.566,262.937,118.005,423.226,449.907,582.496,212.626,152.764,537.151,
199.939,294.399,325.124,239.455,205.041,271.627,67.1022,347.569,163.644,526.673,388.87,349.684,342.293,73.0119,177.558,
239.356,414.665,538.274,137.977,344.33,340.78,100.499,132.163,275.429,368.436,274.141,74.5713,180.883,264.686,69.5952,
242.671,150.015,194.64,259.285,154.001,163.577,150.653,73.1187,343.136,260.672,315.045,181.296,122.681,209.045,141.298,
190.409,268.946,279.19,260.656,236.421,110.034,311.096,179.607,155.792,138.389,413.43,142.73,266.786,267.101,363.907,
209.74,598.017,193.832,382.952,376.319,205.343,164.156,120.045,234.969,314.105,211.292,174.248,462.717,232.543,444.482,
171.78,424.746,75.5936,322.746,128.504,386.467,357.065,423.652,158.987,182.131,269.138,198.987,161.972,254.177,145.883,
163.123,334.061,303.783,157.626,151.078,172.314,105.651,167.395,533.302,142.986,157.071,325.694,339.912,400.922,473.06,
477.896,262.185,218.446,225.858,214.869,144.964,176.787,134.014,126.904,385.419,566.44,252.733,76.1728,152.482,168.334,
267.556,328.75,437.71,179.022,86.0328,127.403,196.028,103.436,271.692,272.634,176.879,184.525,251.223,208.336,483.243,
185.134,309.964,99.3758,713.175,246.862,182.809,74.677,132.35,165.848,249.612,474.938,199.883,265.86,317.443,304.68,
142.061,293.553,591.972,179.939,131.607,267.833,227.939,70.3565,450.366,108.984,308.969,96.6804,244.466,509.4,335.481,
531.151,508.398,250.82,204.626,481.024,271.698,218.908,210.675,244.135,255.009,221.519,293.535,110.47,165.549,190.741,
