275.774,295.773,75.285,446.219,305.026,535.852,333.543,512.482,212.743,677.366,306.099,508.563,188.801,456.902,256.302,
103.669,62.2032,397.415,351.865,180.061,477.97,74.5155,447.033,381.993,416.676,266.929,560.81,84.1974,346.024,243.409,
329.402,120.735,120.722,77.1267,272.186,77.118,79.6329,87.7809,103.081,471.948,139.384,307.612,408.457,248.767,56.9536,
258.346,153.978,83.5654,147.579,88.5107,54.6721,200.73,69.9774,115.063,167.367,141.231,359.179,153.798,173.312,163.874,
205.833,128.215,63.5103,118.519,95.8001,58.881,227.928,53.7445,77.2788,124.275,72.7298,206.124,125.358,190.057,141.039,
67.4302,177.294,66.8907,89.0602,111.128,89.1452,203.518,209.237,61.3666,82.2597,328.288,142.913,270.78,228.401,228.658,
438.545,81.0604,56.2175,393.614,64.9733,93.9791,55.4027,172.073,265.608,63.649,140.024,392.725,83.2958,82.7187,244.175,
61.5352,61.9572,59.3554,52.4107,160.054,49.1094,45.9918,78.2989,73.6461,125.837,61.9395,142.417,344.309,504.531,55.3341,
62.8611,114.186,119.477,58.785,219.536,184.81,66.1872,199.44,152.008,51.7838,54.0809,199.969,59.6677,241.467,308.931,
467.281,78.0092,229.57,54.8345,55.7097,126.153,56.0958,147.694,339.483,63.208,63.553,102.599,181.801,304.938,121.811,
54.0706,56.6613,192.573,53.3363,57.2578,58.8419,63.7397,172.427,114.647,128.74,372.052,55.5829,129.333,49.7427,48.9492,
49.0652,51.9032,183.05,69.8718,129.542,54.667,67.051,63.2387,53.5071,63.0016,59.2835,77.1059,89.6745,170.675,158.787,
53.1833,118.61,61.4182,57.7932,290.796,124.151,54.618,53.125,47.1988,58.0034,52.758,50.1391,58.0502,111.782,48.6655,
45.8214,51.6681,58.6144,507.758,45.4626,156.62,101.853,71.5782,78.165,47.8532,48.6735,122.637,180.778,47.6251,55.0814,
155.809,51.389,61.6047,70.9409,179.118,49.4785,45.7163,58.8429,66.5791,127.982,131.221,54.0583,52.1978,47.0996,117.087,
69.5309,48.2834,57.46,63.7339,52.4784,250.135,55.2519,297.591,129.207,54.3015,242.05,61.2117,77.2283,59.868,55.8025,
235.88,66.5985,59.4889,46.6192,47.9791,67.7113,178.379,106.867,58.4181,170.872,54.8312,90.9584,52.8898,62.9829,216.996,
62.2161,208.019,48.1525,70.5156,53.0523,144.961,58.5995,46.0825,54.0458,85.6954,63.4668,62.4637,54.8649,51.6964,66.9951,
78.8888,48.18,49.7432,53.8289,64.002,91.5469,48.573,116.831,193.407,139.021,49.2417,182.171,105.195,77.8803,55.7627,
299.481,103.17,48.1247,52.8461,69.5035,54.7568,60.7718,51.5605,56.6724,56.1709,56.2807,64.4259,84.8386,49.7704,56.5475,
51.0961,50.1435,94.2702,181.42,114.109,52.0617,64.0865,157.226,55.5339,48.7551,49.7273,199.639,191.112,55.125,183.677,
51.0594,58.5255,105.433,58.9337,49.3551,57.4771,54.5476,62.9929,58.1371,49.9951,51.7849,68.633,80.2008,53.3722,55.3815,
56.6626,52.0062,57.2083,54.3066,60.1482,89.1414,54.4283,51.0617,51.7484,48.9653,48.7401,53.6001,171.791,59.1912,59.2199,
189.738,50.0012,200.458,62.0969,199.764,54.5403,49.1464,54.1283,69.6811,48.2854,140.129,50.6404,54.5706,65.8305,53.0354,
48.5348,61.5315,55.7895,51.5668,50.1795,66.7896,259.223,124.736,55.3269,70.4435,48.0301,47.1398,53.9721,186.677,53.05,
55.7952,61.2426,54.5517,58.3919,55.3562,49.7191,486.405,52.2227,53.4824,46.6634,55.6248,61.7372,64.4405,128.49,287.061,
417.789,48.7486,53.2138,442.557,61.0762,63.829,143.885,50.8841,62.1081,50.6189,401.056,333.142,389.038,46.9771,63.7296,
46.6241,120.76,322.873,143.854,56.7746,48.8494,54.7708,51.5545,48.5785,51.8074,54.8258,52.0839,51.6227,69.1469,298.399,
56.1114,65.3928,63.7863,58.4799,54.8642,47.0205,53.2533,259.823,51.7217,46.5713,129.108,50.4882,50.7054,54.3654,66.8157,
51.4729,58.6226,47.4164,47.3933,137.381,210.876,51.3211,52.8495,50.5122,53.9724,224.096,48.289,56.128,58.7618,51.5711,
54.0373,288.045,155.381,49.4284,186.542,62.0655,140.708,591.746,53.7635,51.4661,157.165,51.8743,142.706,51.8545,155.445,
56.5723,49.5474,52.0701,46.1593,45.9833,54.1936,50.8302,50.0768,49.8742,51.8488,188.093,64.9,47.4302,74.166,48.811,
195.511,63.8272,183.67,133.48,52.6421,155.692,125.714,50.9018,58.8063,47.1019,68.107,49.7774,240.846,47.8636,50.064,
51.211,120.803,47.3215,136.343,63.7619,149.433,51.3703,51.7019,48.2761,50.5158,50.6202,59.4949,57.3066,63.6461,47.4693,
50.2042,51.1317,60.4176,323.799,50.0628,60.6256,50.3677,55.8606,121.359,49.3486,55.7144,48.8435,60.9083,49.5225,85.7752,
48.0944,50.2823,60.488,54.5632,55.1043,53.2447,120.492,478.611,305.466,51.9827,57.0679,49.2329,47.2017,57.0922,52.2094,
185.468,151.81,52.5813,52.3632,87.746,51.7263,50.4443,50.9021,64.3803,304.697,73.2573,56.7719,49.2141,65.495,363.251,
138.092,48.2283,58.0103,48.7165,298.745,56.0699,139.854,80.4054,53.39,55.6205,168.238,159.485,49.0444,50.5827,67.778,
169.947,55.8021,157.45,46.7236,53.5643,53.1851,245.058,45.6883,44.6478,64.2413,65.908,45.0376,48.1244,61.3701,51.6307,
55.3242,49.9511,301.192,256.88,298.119,61.0262,50.7139,49.6478,51.9426,52.0916,271.217,55.8789,194.519,172.045,49.797,
119.285,56.3264,178.736,465.382,229.843,61.6864,61.27,58.6657,54.7086,55.4575,61.9412,57.6007,54.2947,59.7862,160.293,
152.149,50.1103,303.104,58.4466,52.6893,333.904,55.5815,45.3151,474.233,51.9647,48.1416,49.8056,57.7873,101.908,47.1803,
52.2051,52.9169,48.9341,51.3127,50.6842,87.7546,53.3903,61.0992,50.1288,64.8157,52.3931,51.5058,50.2304,52.5135,46.844,
49.0381,85.9627,45.8973,47.6763,141.177,165.406,50.5977,280.655,56.1244,46.2932,55.8729,47.2461,91.7687,288.744,57.5681,
58.796,55.3544,84.0705,47.993,49.2483,46.699,50.0475,48.5393,465.104,61.4974,128.465,57.2033,105.98,173.174,46.1013,
86.0243,48.5904,255.143,54.8922,56.0106,51.407,148.633,49.0844,68.8587,156.474,49.0498,324.29,68.9822,48.9117,53.9063,
181.451,47.2665,51.4346,52.631,57.5548,142.537,68.9943,61.9705,178.708,52.3466,61.744,55.443,59.8225,55.5252,147.24,
67.3919,52.8128,47.5846,50.5904,57.9189,57.1798,47.1905,49.3267,63.3871,103.219,45.5882,459.793,119.511,59.2493,50.0451,
244.413,52.2074,76.1673,57.7217,144.634,49.0332,337.065,48.0056,56.5318,466.544,57.2823,95.1923,56.6023,49.152,257.202,
601.484,121.099,114.464,129.948,161.929,55.3843,46.5792,138.276,49.1464,119.432,53.0075,48.5428,55.5255,57.5214,53.9104,
