511.135,656.066,633.731,835.488,86.7707,92.8968,669.182,311.866,611.703,565.932,469.525,299.511,287.541,473.261,735.499,
88.8481,348.564,190.783,516.033,203.799,69.35,396.884,119.297,345.429,71.883,112.83,367.604,199.069,191.919,310.549,
354.918,226.19,172.893,75.139,279.513,53.0923,97.175,65.3202,65.1498,225.044,51.361,111.249,388.482,93.8636,304.776,
88.1576,55.0324,64.5828,59.4566,60.7098,62.6592,57.7164,116.868,232.163,117.796,165.637,104.898,288.033,56.6721,364.517,
208.769,310.054,101.691,324.607,57.3514,163.508,224.168,346.41,234.79,60.636,57.0308,66.0952,64.4957,151.491,75.7383,
169.036,205.264,66.9601,55.2232,79.5901,119.056,66.5309,166.994,69.8976,76.0791,135.323,54.2542,60.1784,163.196,244.653,
257.598,63.5208,100.663,61.6508,227.65,62.887,532.905,64.8566,117.065,113.309,328.638,120.173,146.224,102.497,311.539,
215.1,120.412,62.1859,63.4343,120.132,453.507,73.4153,59.4891,52.7529,56.4494,311.337,388.078,258.926,65.8302,168.926,
278.121,56.3266,96.0812,67.8177,73.9448,69.8366,152.197,157.621,60.433,71.5824,68.0362,110.514,200.12,129.167,181.39,
170.979,187.372,144.18,153.984,209.555,104.224,61.627,302.221,138.308,75.2107,257.592,88.18,402.387,59.1446,122.117,
57.5224,56.5873,194.969,95.6869,210.807,53.9953,341.739,213.613,55.0669,391.33,215.215,78.0224,87.2228,111.953,310.458,
100.602,202.521,64.446,53.3013,72.4902,645.534,184.861,94.8128,195.753,101.158,242.086,135.004,162.421,118.29,70.8451,
283.853,98.5135,259.691,115.279,80.9653,72.3043,53.9267,109.09,168.231,224.825,352.62,64.467,437.888,189.025,60.0033,
104.432,58.6636,69.0517,70.1861,53.4892,62.7803,68.5901,51.504,80.3636,86.0941,265.199,543.003,58.9406,52.6293,55.22,
243.048,64.9247,149.307,58.3157,54.1264,212.996,54.8258,47.493,52.9847,57.1291,53.0737,53.6898,59.2442,328.28,52.5707,
283.575,67.7369,59.4212,52.8224,86.9481,57.1238,53.1567,105.182,161.709,61.5516,55.7877,59.7768,53.0118,51.9746,234.517,
54.9309,58.7447,372.02,132.917,63.7286,63.3549,280.601,50.0161,373.819,54.8127,185.911,60.9494,51.1073,108.792,145.138,
50.7786,53.4616,56.9677,118.144,55.3183,53.3273,145.627,54.96,91.6103,48.1153,71.5973,178.956,94.9823,253.873,55.9941,
61.4382,136.106,399.707,49.5077,56.0304,50.3217,137.882,198.04,251.139,67.7359,49.821,57.2313,82.1714,57.8873,77.3024,
167.491,173.356,102.791,67.7611,139.857,114.209,163.746,68.526,54.1025,68.9806,51.1119,364.076,58.7702,66.4471,56.8985,
130.145,61.4303,232.733,132.767,62.8404,61.584,50.3112,258.429,53.9304,49.4217,160.492,52.8315,55.9854,55.572,112.485,
53.8493,60.8905,75.4648,57.3814,545.021,232.92,59.5832,141.301,136.408,52.787,151.216,189.651,56.1949,60.0526,56.7525,
167.958,63.8742,113.971,254.157,138.015,235.964,364.397,59.5412,53.1309,72.525,157.457,267.144,108.321,75.9945,57.1283,
58.7386,202.573,118.788,130.491,187.61,158.892,59.4392,52.8058,190.605,319.589,103.826,73.2252,280.341,67.587,411.565,
159.047,63.9145,139.91,58.3008,67.0684,61.1128,51.2417,194.699,53.6289,215.842,54.5036,105.007,55.66,110.001,328.738,
62.7465,115.728,96.447,176.87,292.153,153.622,60.9328,54.1994,52.7238,288.728,53.5603,67.1901,52.1988,49.3706,53.1026,
99.8343,132.576,150.149,59.1028,194.551,56.4892,310.284,55.2726,55.2667,148.512,55.5179,192.448,56.3585,63.7314,152.449,
75.8412,68.8658,383.653,203.361,101.34,182.995,259.487,59.8682,97.3644,241.525,242.028,55.0732,163.968,229.002,450.399,
54.1036,52.3725,58.6018,55.7014,478.465,64.2114,273.178,62.2353,49.7649,58.634,50.4748,271.461,52.978,52.8365,103.425,
201.101,110.746,73.74,191.197,48.6829,109.796,59.0667,54.7936,61.0676,59.8275,96.4845,52.7834,51.4575,285.568,154.218,
55.4036,72.5861,204.921,54.6915,64.6667,48.6928,64.1594,82.0591,287.81,63.1418,91.837,50.7278,65.4626,128.71,57.2221,
151.406,320.155,149.615,128.426,65.4569,195.135,221.902,58.0116,117.771,74.8761,185.17,74.8713,53.3007,120.449,313.261,
75.3048,54.9894,55.3465,54.3701,62.5249,166.937,50.9006,51.1052,88.3616,149.156,97.2821,50.4022,75.0064,51.666,58.5555,
278.521,55.8486,89.7533,50.2622,51.0673,303.04,62.4728,55.3324,51.9348,51.3083,122.777,62.3383,61.8204,54.1457,206.843,
53.6482,56.4431,52.9924,60.6617,51.1283,58.9555,52.8921,102.992,184.801,49.921,201.669,67.2373,54.5139,66.0872,80.2949,
49.6528,140.678,57.6815,53.1076,113.198,171.031,49.2287,473.417,82.9648,57.3296,49.982,59.384,54.3159,133.891,394.068,
97.8937,255.737,52.1102,55.8223,52.4484,289.446,67.362,61.4215,56.7876,232.431,316.723,56.7235,218.974,60.5195,51.1483,
62.81,130.643,145.999,328.618,179.616,53.8617,91.4551,50.4031,266.936,54.4633,56.9216,251.649,59.7841,68.3119,109.865,
55.4622,138.592,328.21,384.022,107.204,50.2659,142.614,63.9271,219.157,51.8202,62.1218,52.9451,119.714,56.1477,161.381,
55.4861,50.3996,55.2207,62.4562,76.5288,76.0003,442.008,59.448,49.1337,56.9244,162.588,48.4467,178.117,157.07,51.844,
107.028,52.3382,498.282,107.982,63.764,52.9912,105.17,56.1516,49.3857,50.3823,49.734,61.9479,63.0485,46.0925,55.2422,
52.0656,135.044,202.757,339.156,73.6513,57.2495,53.8432,93.1338,55.853,199.855,64.3208,95.754,124.001,58.8633,103.188,
52.987,77.7442,65.6359,49.5835,91.7865,56.5658,148.728,51.972,111.11,60.5195,107.824,55.666,61.2196,59.5192,58.0101,
52.7206,58.3363,53.4633,49.1291,135.252,54.2148,89.3882,62.7369,59.2202,50.3713,56.9758,240.424,56.1703,160.785,67.7106,
52.9312,76.8319,281.668,278.799,80.4431,246.256,59.3116,56.4275,82.6467,99.631,333.116,66.3838,54.2417,139.966,153.741,
445.048,97.9314,166.146,56.4328,136.024,51.1532,69.7724,52.6763,51.7163,64.8962,55.0145,171.83,58.2665,55.3452,154.538,
73.8392,53.149,56.6286,60.8853,54.2081,71.5355,201.013,58.8175,106.49,56.7162,64.0434,198.074,107.856,48.8415,55.8097,
48.8935,71.5631,53.6775,194.834,154.438,55.4485,61.2559,384.75,77.6498,56.4256,99.9014,53.4303,308.214,48.102,49.8953,
218.078,59.7596,49.5299,49.2756,62.9176,273.698,52.7948,151.658,459.89,172.798,50.8877,65.8896,116.321,143.404,53.4414,
86.7904,54.0129,57.657,55.4492,54.2326,68.7621,53.4517,54.2097,442.005,48.5462,53.2283,58.3162,54.2201,264.188,105.298,
