551.355,562.111,648.676,619.317,384.724,649.623,139.181,403.34,550.01,572.451,107.644,364.522,487.418,480.061,57.4707,
213.703,168.128,173.49,344.781,537.957,499.453,317.05,375.336,292.485,589.738,495.637,502.064,340.996,304.022,132.299,
178.099,123.587,491.364,326.036,177.831,244.882,221.418,71.153,258.635,214.607,197.047,149.406,67.8294,81.6535,59.1656,
173.454,88.9056,219.823,245.217,172.13,317.871,97.5807,189.444,56.2043,284.527,231.499,69.025,96.5363,205.042,182.43,
123.898,66.8173,88.3868,113.307,78.4152,178.635,113.488,142.24,65.8188,53.582,169.161,96.3307,90.6241,64.0284,99.7235,
106.904,57.2178,154.427,63.794,87.4716,61.4688,126.714,91.6961,68.1452,227.947,53.8203,62.2796,415.166,305.755,90.419,
49.9659,248.701,55.9631,50.3499,62.6622,124.856,62.7953,63.3895,48.0622,127.97,132.631,51.5176,50.0745,60.4986,55.7432,
61.9373,50.8815,58.0656,48.3801,60.0838,46.3586,56.4238,58.3963,58.9503,66.087,66.7335,69.1894,61.2057,50.5995,98.5821,
117.687,62.7987,46.4466,66.3177,47.8935,47.6566,62.2431,51.2522,56.4316,50.1462,56.0765,52.158,58.1918,49.7989,51.8232,
265.447,186.328,48.4433,60.4307,563.505,49.5649,48.7407,52.5504,63.0356,249.556,54.2854,107.262,59.9939,57.4663,55.1796,
61.0637,51.5195,54.6793,168.514,57.0044,100.492,48.435,144.655,69.8407,54.6164,55.8381,51.9107,65.7816,59.5973,50.3027,
48.1477,51.7965,60.6122,48.9841,52.8538,404.44,52.6447,55.45,57.4397,160.736,52.0384,45.572,54.1662,60.9283,76.4337,
127.739,200.708,135.283,53.3806,58.5214,49.8846,200.926,48.6912,52.8213,53.628,51.7936,52.337,62.0188,160.393,56.0383,
60.6257,50.4519,63.3891,55.8382,50.774,46.1857,68.0935,74.542,108.477,54.5921,60.513,66.8862,53.3948,51.2554,342.696,
313.373,53.7576,52.3351,58.8669,91.3706,189.727,58.8642,52.1456,138.018,54.7488,56.9638,49.439,65.6811,53.6254,109.06,
68.9801,57.6141,200.231,52.6758,68.9523,186.852,56.2855,68.3731,98.3089,50.0151,49.8025,50.4767,52.296,49.9025,72.2411,
82.6928,66.8327,54.3453,58.9772,52.6019,48.7739,50.9141,49.1805,70.6543,50.7859,61.0315,53.597,76.0287,200.056,56.7589,
63.4894,55.2617,65.3996,54.9487,63.5974,62.308,162.761,181.886,55.5336,50.5733,388.875,52.1083,52.524,55.3494,71.4811,
52.4205,151.274,51.2571,65.7712,105.675,50.581,57.268,59.5517,182.549,51.1924,66.8495,230.7,175.557,148.619,87.8083,
56.3145,200.416,73.1404,50.5032,52.4608,382.273,60.4058,50.2775,57.5485,103.007,55.9602,54.4581,367.051,54.8503,478.121,
48.1835,50.8087,47.8378,68.4549,50.8328,49.5514,46.6419,63.0601,51.4548,56.3368,59.9856,64.63,54.5773,72.8556,46.9205,
299.967,51.4169,51.192,62.8119,53.6385,118.42,179.087,144.828,127.09,100.505,48.8736,46.7139,50.0801,116.683,180.429,
366.399,78.0895,56.1529,46.946,140.223,179.418,143.137,53.304,49.3267,134.836,310.616,66.0126,284.263,45.5125,98.7169,
48.9563,52.1877,53.0139,130.871,65.457,59.9641,52.7641,108.987,53.3884,50.06,67.3228,149.879,52.6053,58.0089,79.397,
52.3642,73.9335,49.886,189.388,57.5523,105.551,48.6941,56.538,52.168,53.636,51.9788,97.3285,54.5767,57.2721,51.7749,
229.761,63.8135,214.427,69.0852,198.909,157.233,61.2755,69.5436,55.6832,53.8103,49.4684,57.7697,49.352,58.4825,177.626,
140.805,63.1693,184.601,54.5708,52.2224,52.0546,109.835,64.8041,58.2503,79.5763,57.3877,54.5088,50.1271,261.783,53.0534,
117.008,52.3945,300.596,58.4274,53.2964,63.0258,59.9074,101.581,53.6488,70.9106,54.4999,247.017,64.3664,53.7154,48.0942,
47.9996,149.601,49.6973,126.256,60.8684,143.712,56.4966,203.709,158.166,65.3916,51.3075,76.421,54.4573,170.12,61.2711,
64.2991,48.6121,61.2995,65.1431,55.6403,128.513,53.959,55.683,61.1583,182.541,258.365,110.114,61.6538,55.6793,304.629,
56.5777,56.7961,52.5459,52.4291,49.417,56.2029,197.238,133.027,60.067,47.9245,55.8365,72.2942,61.9685,228.531,51.7157,
138.216,184.344,50.0102,45.1457,56.1807,57.5851,109.677,52.5597,52.869,147.137,228.977,98.2897,346.791,54.8695,213.493,
49.1269,185.86,51.047,57.8986,50.3486,170.819,55.2393,46.736,50.9435,125.679,52.1095,58.4902,55.5579,133.553,61.6029,
67.0298,59.2824,50.585,51.3718,64.9638,54.4748,281.483,54.611,73.387,67.1621,257.345,189.134,51.8377,48.6722,50.1125,
175.823,44.1617,48.9368,56.6239,57.3325,51.593,73.5206,214.05,51.9642,51.7227,50.7789,44.8597,45.5803,49.1119,250.921,
47.6592,265.115,59.5177,46.6791,53.8942,51.5875,70.2163,56.871,107.045,53.4061,126.84,56.4225,211.789,166.607,50.0077,
48.5452,46.0627,50.4236,52.8506,114.622,54.13,90.4908,50.217,57.7542,56.704,50.1434,51.9172,56.4806,117.612,56.7507,
52.6075,54.7144,71.481,49.9434,146.704,97.3343,60.6079,64.1526,50.7249,50.8578,61.2674,51.8483,62.5943,173.381,58.0355,
51.3242,54.6379,208.349,50.637,62.2821,45.3529,49.2456,50.03,53.5803,129.11,385.816,263.561,104.326,52.2317,48.2758,
117.421,56.1163,372.849,56.1476,62.9603,62.1014,49.1718,63.4544,57.2445,55.6064,80.5786,55.8621,112.165,52.9001,49.0162,
54.1625,48.4274,56.0232,69.2591,57.6742,58.7562,59.0659,68.2117,50.9545,62.0285,255.854,221.005,48.025,58.4007,56.8308,
52.288,63.5528,52.3261,48.612,66.4899,123.418,271.143,53.6295,58.366,49.3431,238.748,70.4343,50.848,49.4957,55.9396,
267.559,53.3983,52.089,50.798,198.377,92.1558,174.118,49.9678,119.939,64.5561,68.8824,60.7508,55.0311,153.489,123.918,
52.8875,57.2989,53.8967,58.9385,161.571,58.1343,54.3454,55.5774,269.172,331.606,49.6945,90.5111,63.5086,51.3093,46.4046,
53.4435,67.87,257.732,57.1713,54.035,46.9392,68.1115,51.4347,136.425,59.8872,89.6968,51.8484,113.606,49.1916,51.7633,
54.1222,51.4159,179.042,141.558,54.3456,224.178,50.2334,59.7089,68.0112,355.24,65.8167,48.3107,60.3182,53.2565,60.1039,
47.2311,48.0294,56.0868,79.7035,57.1627,71.4544,114.912,72.3553,47.9614,50.4166,52.5888,49.1469,73.1111,51.5658,46.3554,
137.963,132.338,59.9535,47.0622,53.0841,194.706,174.524,167.898,191.397,54.5058,54.5041,59.444,78.4404,66.5435,50.3019,
50.5607,52.4543,51.9612,47.6372,50.9141,58.2935,62.2576,52.3639,56.7083,375.393,322.705,54.0622,55.1452,48.1152,59.7522,
48.4263,50.5546,61.0205,53.9609,58.9487,53.5124,48.845,72.1493,235.58,56.8736,58.4902,58.4423,74.4139,49.1621,68.2356,
