523.767,724.845,463.558,398.256,665.523,455.785,666.027,332.263,654.578,498.879,398.102,457.541,301.43,526.027,497.606,
646.218,650.406,501.392,312.255,753.905,393.52,407.225,611.048,595.162,511.714,692.715,536.182,475.897,707.214,681.799,
416.235,325.844,542.145,609.817,577.068,502.757,407.449,591.427,376.23,439.212,579.467,270.289,572.327,638.369,446.877,
301.244,697.18,654.848,491.089,491.991,570.224,297.214,555.287,567.738,634.526,635.646,559.608,642.889,473.372,350.714,
449.157,472.984,554.957,622.394,639.022,549.78,508.961,298.788,588.891,398.033,734.844,423.097,581.893,643.589,648.351,
361.344,573.74,453.835,431.044,371.442,711.123,659.65,776.275,276.992,435.239,581.896,499.356,696.885,637.9,667.673,
606.887,353.34,698.707,275.643,441.497,444.129,632.771,405.539,437.052,658.544,567.737,416.035,395.696,746.794,618.286,
364.335,290.195,427.987,459.65,492.55,313.174,545.533,578.806,179.748,418.764,361.314,601.956,540.628,379.118,539.827,
620.826,312.618,492.234,433.412,308.142,706.783,455.212,374.403,349.75,678.225,683.73,658.671,526.791,495.414,361.109,
569.896,451.824,525.068,413.765,615.515,319.455,594.239,675.607,393.823,517.494,414.39,496.268,578.786,527.905,594.63,
653.707,523.916,529.625,520.265,380.576,627.128,284.54,462.371,231.265,384.713,414.074,550.722,339.053,559.127,287.328,
329.742,724.909,538.48,659.83,623.752,611.728,571.189,677.492,401.979,620.61,440.392,580.125,314.336,585.098,479.423,
617.303,307.723,647.008,405.114,397.652,749.007,642.249,747.728,835.934,517.012,585.294,687.909,741.961,694.98,304.094,
647.928,299.602,670.574,289.61,379.137,513.611,527.797,723.215,358.835,506.234,451.914,334.504,537.65,473.742,373.105,
646.46,687.165,563.567,343.579,486.16,434.299,678.839,640.063,423.544,637.748,599.94,593.751,397.841,442.799,692.605,
750.517,342.417,710.144,670.4,627.02,727.188,680.98,633.576,396.642,537.842,250.918,309.926,395.519,443.035,669.849,
437.3,627.138,564.208,446.506,488.757,624.985,560.912,366.046,633.1,527.781,377.766,606.169,667.442,343.248,647.806,
369.318,414.113,446.386,669.414,280.391,622.819,432.193,232.351,728.781,425.955,315.993,557.84,398.094,448.219,430.067,
291.16,384.548,455.543,402.396,658.566,626.464,590.947,536.76,456.17,683.27,448.793,627.037,548.031,585.485,610.042,
275.646,401.863,473.204,418.279,368.631,318.271,593.303,465.086,396.563,576.479,217.872,529.804,444.685,572.39,293.834,
420.461,645.874,709.098,603.844,342.934,509.01,265.366,521.93,381.499,435.481,424.112,479.473,601.135,593.542,661.512,
670.396,693.862,495.151,555.463,314.874,308.262,300.453,449.343,212.724,389.368,685.597,587.77,361,462.719,610.531,
370.14,590.098,258.929,439.552,279.035,677.895,571.941,693.221,394.596,542.486,310.229,368.603,433.526,435.22,630.547,
507.337,467.922,273.188,594.071,448.533,459.117,501.322,617.199,410.644,235.594,639.893,613.593,525.415,334.285,387.658,
673.474,679.738,501.798,267.402,473.01,356.978,391.432,275.953,648.908,666.303,708.469,688.369,286.605,557.018,650.513,
593.438,554.678,595.974,650.795,586.392,363.417,638.337,523.405,545.168,270.044,441.669,542.65,433.317,352.658,625.109,
357.668,414.825,296.884,400.663,576.193,434.434,300.147,560.234,303.183,761.174,498.648,217.898,329.407,604.582,397.658,
300.702,677.012,404.019,452.37,463.323,546.245,632.847,269.579,277.541,725.583,552.451,439.688,305.443,610.723,299.78,
297.454,376.105,457.308,499.724,298.205,570.78,314.292,354.459,456.329,447.618,339.175,203.572,295.795,420.928,384.455,
347.259,337.239,602.767,584.246,535.042,616.965,400.83,397.754,708.618,268.048,334.652,403.799,376.751,536.067,389.743,
631.53,520.458,702.978,433.414,603.787,408.279,238.975,564.032,422.123,743.991,575.119,614.57,635.944,659.038,681.01,
537.97,736.527,334.303,292.483,556.567,638.683,402.33,465.922,490.936,312.749,371.611,303.605,408.314,213.888,359.791,
704.586,610.332,321.036,350.106,356.354,450.282,628.323,307.011,248.161,325.751,313.588,543.429,271.519,565.513,385.563,
630.487,662.091,459.034,242.948,300.874,320.45,292.309,639.457,368.763,654.648,486.513,362.472,524.585,498.272,618.816,
462.871,340.862,497.984,572.688,686.17,316.184,371.662,698.709,518.093,557.972,595.791,647.472,442.767,632.004,321.736,
221.059,424.367,349.017,689.678,302.325,533.941,302.049,556.213,457.977,494.876,323.338,608.109,328.9,302.338,202.845,
430.537,261.625,470.149,306.047,367.178,669.574,688.466,695.771,395.719,614.404,296.091,653.681,564.531,620.244,673.359,
274.05,384.417,656.488,646.265,408.705,460.882,351.935,504.074,616.777,600.798,264.089,316.314,390.876,600.255,489.273,
442.194,509.176,352.559,407.997,633.384,697.13,546.686,614.963,275.415,431.311,675.856,499.211,495.797,498.606,214.273,
560.264,314.673,259.593,679.938,369.654,736.715,670.236,730.144,362.58,559.275,567.551,624.929,333.798,464.067,620.617,
580.173,516.121,705.186,664.433,553.565,706.652,492.364,571.1,560.478,321.237,457.96,366.578,595.024,560.517,281.069,
313.329,222.365,447.24,394.115,466.635,672.816,715.142,567.456,340.144,331.155,411.143,611.472,495.611,409.281,587.951,
516.586,521.969,556.519,410.46,673.016,285.64,437.395,477.861,718.046,660.822,484.75,468.716,225.113,710.105,537.974,
511.655,344.309,350.861,710.705,572.438,450.681,643.549,601.018,318.372,478.608,447.687,557.044,403.692,657.173,436.532,
431.024,343.939,617.782,298.803,575.364,580.321,361.692,301.606,550.628,674.008,344.854,417.334,647.833,277.189,467.282,
462.076,469.285,392.283,284.868,639.503,656.232,421.665,279.626,598.57,644.919,652.049,644.201,238.509,636.264,288.12,
742.21,595.062,653.602,301.822,308.465,597.765,385.366,569.011,589.299,767.728,724.94,490.332,634.472,669.239,304.285,
542.144,525.219,702.404,285.584,512.598,478.078,567.48,645.898,297.985,556.57,767.753,667.457,613.326,283.701,329.313,
744.226,623.457,496.845,615.948,704.459,685.26,580.563,365.977,456.198,309.813,488.517,339.361,503.744,413.807,649.244,
554.611,390.433,359.696,389.07,570.291,363.827,499.919,453.98,470.394,654.548,507.293,620.354,635.335,623.171,301.303,
