689.771,759.256,388.803,398.517,676.236,721.289,667.793,313.735,569.311,643.784,332.793,621.839,606.036,523.524,645.291,
395.058,496.982,696.414,363.182,540.998,256.019,508.597,386.951,620.694,522.329,504.374,621.501,654.612,513.778,363.018,
493.081,553.069,433.082,669.516,439.736,619.55,608.387,343.776,597.4,690.8,423.835,324.055,455.202,430.858,250.764,
150.581,590.502,604.549,253.261,313.078,485.99,321.37,577.311,315.878,456.119,634.276,720.757,211.312,588.888,439.916,
332.039,358.949,270.021,686.226,640.777,376.884,371.128,624.379,364.723,668.899,526.137,472.074,585.864,565.365,657.367,
613.273,671.836,567.101,670.67,489.483,621.157,386.593,710.885,409.541,274.732,514.492,339.073,626.98,321.237,599.534,
490.47,578.933,334.183,447.5,602.101,534.817,355.08,685.06,366.95,430.285,365.949,330.872,307.059,367.893,477.511,
296.025,473.562,663.52,709.775,646.325,591.092,607.236,535.525,567.341,676.979,579.033,546.367,434.825,459.585,707.762,
469.155,535.421,389.127,247.547,254.325,283.852,587.557,719.745,624.119,343.639,296.137,308.443,634.869,482.586,645.118,
314.736,655.407,668.992,423.449,632.051,433.924,664.083,304.149,615.59,717.279,344.905,535.99,316.399,475.988,689.056,
614.277,444.705,666.548,499.062,239.454,556.42,648.423,409.712,598.366,557.776,445.661,345.517,214.935,209.725,299.001,
590.973,271.772,509.827,453.666,602.083,608.111,436.29,651.148,242.087,722.853,450.039,600.247,245.471,518.489,457.028,
338.514,267.874,646.67,287.556,559.319,551.846,601.685,636.405,571.297,227.314,430.172,513.632,329.868,685.963,615.881,
646.719,422.641,344.963,521.523,554.434,381.378,513.423,543.865,259.356,648.92,394.663,412.813,693.568,636.084,462.9,
679.532,315.533,331.567,617.61,409.479,651.936,306.02,353.159,335.391,397.808,567.203,406.321,332.278,542.462,501.242,
591.449,248.383,579.538,462.114,531.945,616.267,443.048,535.281,427.686,395.489,446.691,634.767,546.19,685.612,637.363,
402.708,467.546,363.691,226.466,365.819,267.123,434.64,589.402,313.838,265.927,561.101,460.897,435.201,340.878,339.036,
311.536,608.702,569.408,347.498,299.231,348.852,736.946,608.456,670.044,535.277,379.416,707.631,329.748,467.634,255.87,
531.627,641.095,338.011,614.991,722.319,406.073,329.686,336.84,669.349,275.815,580.33,465.924,594.627,483.792,402.79,
379.684,323.57,503.038,389.984,663.321,675.57,330.141,280.19,300.844,552.294,306.181,565.098,409.983,373.513,618.536,
651.398,398.212,257.664,240.532,246.856,386.583,305.438,473.414,210.963,612.426,301.13,511.229,376.344,543.159,684.466,
384.485,611.708,617.83,509.893,621.147,489.34,459.973,221.123,485.188,646.917,251.292,237.2,524.696,674.688,393.374,
189.283,307.93,514.247,424.24,334.899,323.693,616.856,499.488,360.968,628.535,501.077,349.803,530.36,170.453,336.803,
376.78,557.112,425.815,579.196,633.642,472.357,637.653,535.779,293.885,330.896,601.329,491.694,753.759,482.778,544.752,
413.281,270.709,461.918,493.03,557.493,520.975,191.292,359.996,322.449,344.647,559.239,545.36,654.247,255.257,124.13,
344.621,408.429,390.779,459.259,684.591,486.149,257.939,676.799,462.398,197.977,729.01,300.088,709.47,559.77,328.974,
642.134,635.717,341.255,653.444,542.463,678.673,444.39,187.807,576.355,678.052,630.188,523.866,493.125,725.377,679.598,
689.789,619.234,466.177,655.608,241.939,384.015,240.166,296.753,467.099,434.048,652.804,642.954,332.746,256.027,371.864,
391.533,609.532,311.065,345.118,478.091,635.483,253.206,537.223,393.607,570.724,310.949,357.247,650.531,565.683,371.209,
204.204,176.13,770.632,330.309,341.831,313.075,324.623,267.377,446.195,468.831,378.2,383.043,606.088,606.482,258.943,
554.876,320.055,320.277,563.422,377.198,710.376,353.823,230.541,260.181,501.914,373.839,686.679,317.117,452.898,429.516,
600.164,284.482,266.07,587.384,665.708,520.254,459.661,184.272,706.683,638.679,397.467,634.581,367.641,551.886,339.518,
321.488,397.228,598.438,343.562,464.887,323.374,208.118,508.499,254.47,686.074,310.811,646.316,443.999,601.267,429.08,
548.07,533.406,639.031,575.875,615.705,168.43,625.694,214.412,408.935,663.901,333.746,622.107,635.588,350.568,335.916,
414.664,720.204,328.602,517.841,484.441,342.372,317.55,627.508,612.959,368.127,400.834,368.986,325.654,320.206,274.202,
554.086,542.724,277.746,529.88,529.103,623.991,341.373,520.547,387.632,312.507,332.752,432.767,593.951,589.447,238.244,
382.099,581.407,561.415,629.213,425.307,325.364,646.627,662.583,363.025,661.874,534.077,323.918,351.16,617.679,312.918,
298.174,313.264,522.919,294.638,595.441,418.352,670.992,416.321,238.202,208.225,411.74,459.628,614.21,417.537,373.879,
583.291,580.517,480.955,652.716,262.528,645.254,225.48,588.405,623.714,582.618,592.444,305.502,541.371,279.727,620.95,
321.189,512.766,664.327,265.821,330.068,644.282,405.562,448.542,570.553,286.865,495.781,257.626,312.657,285.293,696.684,
455.935,346.354,189.303,332.039,611.439,644.743,687.691,259.901,312.872,444.23,499.809,257.478,598.802,615.448,320.489,
453.992,246.458,659.058,302.196,657.669,538.301,165.298,200.714,622.974,666.422,330.093,423.787,774.851,651.782,414.199,
471.265,197.028,550.47,413.732,195.568,618.331,604.235,273.748,551.743,332.215,138.465,547.422,320.313,375.395,587.656,
732.82,629.193,364.72,556.523,502.251,555.834,338.593,693.688,288.21,390.731,583.864,544.554,751.299,667.949,303.022,
600.687,339.594,659.39,285.945,746.609,284.782,311.517,253.406,319.188,523.017,228.314,459.835,262.438,653.62,653.669,
251.116,360.588,403.752,306.437,747.49,320.013,272.408,415.043,545.861,694.759,424.325,337.888,631.171,603.953,431.288,
369.492,498.83,403.927,263.718,300.472,643.51,574.343,370.711,648.249,594.363,247.403,647.241,259.929,433.489,446.38,
401.961,529.525,292.7,309.776,645.909,275.184,569.037,354.855,294.93,648.349,325.381,490.623,344.552,513.58,454.806,
443.28,658.522,633.851,491.945,622.837,338.127,319.042,505.745,382.004,647.035,404.874,280.615,380.31,565.639,455.957,
653.619,314.839,546.402,623.454,624.079,654.507,573.865,448.401,362.941,588.145,627.028,637.833,397.961,248.474,293.891,
