383.237,320.539,460.863,206.39,648.638,439.646,46.4567,540.984,634.256,564.695,204.315,278.106,96.8431,516.193,629.397,
53.0803,95.8463,339.304,140.816,249.462,438.111,94.2853,484.258,66.5385,86.0742,308.557,292.907,238.679,189.598,48.4629,
153.594,55.4639,76.0585,217.085,144.701,124.852,332.573,55.2044,142.837,61.4113,107.231,169.927,146.986,47.8067,218.619,
50.8847,349.527,46.7805,208.361,289.958,215.762,238.936,48.5279,65.6577,238.338,52.9371,53.2867,45.8569,489.213,59.2967,
46.3061,52.8779,46.6258,56.5364,50.9426,49.5155,48.3165,52.1224,52.7526,52.2032,65.42,49.2645,51.3047,66.2328,49.5105,
56.9947,51.7984,48.2642,53.0398,63.0431,51.0567,53.111,48.3764,239.468,47.0541,66.2541,50.2921,51.2157,49.6243,47.1178,
48.8436,43.6851,58.0816,47.4264,283.509,57.8497,56.1562,66.5315,47.1839,49.2164,55.2328,74.5774,47.2761,49.0091,52.9208,
59.6032,50.9949,49.8737,256.787,56.5725,192.445,52.5181,275.995,248.188,236.054,59.7464,53.7924,51.6985,49.2366,60.7715,
274.65,44.8125,45.1102,332.042,64.9608,47.6871,50.1131,55.9416,48.4489,53.7177,53.5021,62.8654,54.7784,53.3909,50.9924,
52.3068,50.4312,54.0473,137.214,52.3361,56.0819,49.0404,47.4592,63.0077,197.864,50.7453,48.6885,48.2825,192.385,58.1438,
149.819,47.8796,50.0176,63.085,52.0211,62.0985,53.7617,166.195,417.186,47.1095,47.8614,50.2096,60.0458,48.9338,53.8069,
214.3,46.4454,53.8124,293.004,53.8953,47.0897,48.6795,51.9984,59.6515,53.7832,78.3328,46.7619,49.9373,66.2051,44.9987,
56.4492,376.958,44.5428,360.571,46.472,180.59,88.3742,137.631,70.8751,66.5842,46.1736,67.2579,54.1058,46.0976,60.6765,
50.1596,58.9764,83.1993,48.9191,47.3618,51.0956,116.229,178.514,266.61,49.7044,274.542,47.2663,50.7976,47.2326,55.6554,
60.9441,53.8664,53.9728,49.5029,50.6339,49.7441,56.939,56.6541,46.2761,67.2489,53.1165,58.5253,52.5761,50.8273,163.634,
52.614,45.6528,53.8388,47.8207,45.6053,44.9943,54.9267,48.0645,55.5756,128.39,49.5343,50.8637,61.8506,51.341,47.6532,
54.0241,67.6539,56.2127,53.2036,51.4892,46.8941,48.0113,64.3979,58.3356,54.5437,59.5218,53.5969,48.2782,52.5557,58.3383,
56.6116,92.3216,45.5341,62.3411,49.6199,57.3619,45.8419,55.4894,48.8457,70.5447,50.9754,47.5004,50.5862,163.672,53.0898,
56.2898,64.5452,48.5832,44.5651,48.524,241.204,49.1613,53.3455,48.2328,50.2772,47.5845,59.2407,51.4778,50.5665,59.607,
238.222,52.2581,49.7962,50.0869,48.125,50.0901,56.4948,44.876,49.4569,48.5895,141.642,173.607,50.3196,123.387,50.2332,
58.1803,47.2895,53.6441,50.4599,52.1135,121.536,242.403,46.8883,50.4729,53.2865,49.0943,47.7282,139.231,54.0542,46.9444,
50.6826,164.973,63.0233,53.2347,53.4556,53.6074,105.796,51.5532,54.7871,157.937,228.255,47.5281,54.6374,44.8703,47.3876,
172.159,50.7932,49.6485,47.4757,414.332,61.3491,54.6115,248.128,48.0355,48.4457,150.005,48.5995,252.464,53.3958,139.231,
88.3716,47.0796,49.4204,48.2091,243.223,51.0157,49.8523,53.4289,47.2242,79.2956,51.2892,57.0409,51.4231,48.8685,51.091,
49.5535,49.6788,49.7788,48.3004,312.18,125.948,53.2313,103.434,46.1455,78.6821,72.3244,52.7968,51.0499,52.098,49.9057,
48.2997,48.5576,126.78,50.4708,45.6096,57.8369,54.6982,85.2039,47.2789,48.5718,56.6631,47.7932,49.2996,50.1845,56.8486,
120.084,133.613,50.3466,165.406,50.9618,50.6512,57.3162,203.729,48.7634,55.5249,47.9631,60.2817,49.9101,49.4962,48.2867,
47.8049,53.6972,45.2876,55.8929,142.699,46.6618,63.2562,47.6698,50.7481,61.1048,47.3688,396.659,52.426,53.5016,47.2062,
48.0969,59.7882,49.3721,54.4025,101.218,54.649,51.5765,55.4719,48.4368,49.3541,46.9998,70.4612,54.2274,50.872,157.327,
117.967,48.3925,171.518,46.5941,53.4637,211.836,46.6261,54.6456,50.9074,50.0015,48.5718,50.0986,53.5957,47.4708,72.3972,
72.6215,253.118,178.92,47.9432,60.803,45.6961,46.5673,55.0803,53.9201,52.1562,53.728,203.323,46.8274,49.5874,53.4197,
204.142,285.057,52.7594,50.2364,49.3279,463.2,54.3149,71.9431,72.0985,79.1225,227.512,71.2312,53.0842,57.0886,47.8051,
75.9068,51.7101,241.926,55.088,46.8585,135.236,151.204,51.2943,63.9075,434.113,125.682,46.8252,54.8042,56.6705,51.6405,
47.7901,46.5239,53.1541,65.7413,58.8183,53.493,54.2668,51.4663,52.3255,56.4063,48.9906,50.0468,53.6407,48.3483,48.4513,
50.7603,51.4466,50.0973,52.6141,48.513,137.896,46.1529,49.5329,58.1333,61.5306,96.177,48.6233,51.2155,57.5321,51.0733,
44.9232,58.3618,46.0819,48.1191,46.7112,51.9508,131.278,47.5189,55.0524,45.8524,47.7641,44.8122,48.9266,51.1839,52.9821,
56.7301,54.9449,317.692,56.1902,55.0049,50.3845,49.3906,43.1625,47.1106,50.0907,291.593,54.0111,50.7559,148.11,54.5957,
46.0561,49.546,61.0567,55.7639,49.6159,48.149,47.7888,53.9191,49.6305,180.866,51.7268,49.6766,243.032,47.1841,44.6013,
44.6607,50.905,283.242,49.029,55.7547,50.3893,152.418,57.0438,47.5114,182.818,60.7432,51.2461,52.475,49.2778,47.0131,
64.1341,48.8672,61.2436,54.2465,51.2104,60.9031,52.5351,77.3374,51.3224,53.1815,62.9099,62.1577,117.187,44.5622,48.0435,
47.9102,236.009,546.396,44.4891,52.4788,54.9658,162.399,47.3088,48.9997,47.0448,46.592,46.7629,48.3312,46.2204,49.5076,
155.595,53.7035,51.9467,75.1329,62.1929,49.6776,51.6315,46.715,47.2882,51.832,59.6299,121.639,48.4301,50.082,49.3116,
454.35,64.4216,47.2141,54.0179,51.2289,61.5672,53.9143,49.5904,47.3893,71.7762,55.5511,55.3982,345.612,52.9423,48.15,
224.422,53.6807,451.792,53.7589,50.7592,56.097,46.9455,50.1624,77.7607,42.7761,50.1055,51.9188,43.998,52.6224,283.164,
226.15,47.4374,49.3708,47.8801,223.982,64.9249,48.724,48.1892,51.824,154.756,46.0092,49.3925,51.2141,54.1421,46.1244,
46.6311,46.0067,49.0911,55.7554,47.4232,54.7525,47.0589,59.2531,288.967,47.6563,46.8254,45.0578,50.4554,138.351,58.8453,
47.1379,52.8966,42.9679,60.2359,47.3002,49.0525,51.6964,56.8925,49.8803,127.945,46.0822,54.473,46.5484,55.417,49.3662,
46.8713,50.2908,54.2749,57.8435,70.5995,56.3731,52.1167,46.5105,51.0214,53.2753,56.1355,46.4574,53.8491,59.1056,45.4147,
54.094,84.043,57.5289,55,47.751,46.9175,47.6826,213.817,48.6148,60.8363,46.3654,65.7004,242.858,229.887,49.7253,
58.422,131.882,45.5108,44.9309,51.1106,45.681,49.9223,47.6813,56.6016,126.229,47.391,57.0574,80.263,84.9515,50.905,
