561.203,318.523,291.883,155.24,639.442,611.79,455.147,584.839,503.36,479.801,570.91,666.608,269.983,279.453,433.557,
106.676,238.389,341.588,375.222,469.436,333.103,262.413,317.136,217.011,158.431,322.36,183.575,287.581,468.775,293.175,
199.994,202.246,184.665,409.031,200.015,457.461,134.981,485.707,154.807,285.121,350.493,221.98,241.336,342.662,174.969,
303.636,520.336,144.208,193.934,94.4845,87.2599,169.84,252.916,315.712,73.4238,414.634,294.45,105.514,360.222,162.311,
130.399,114.302,180.325,251.217,173.728,99.6124,119.069,384.11,444.968,81.6625,60.7622,262.262,250.724,347.837,220.17,
67.8162,69.0537,197.926,587.745,222.96,608.082,69.2466,357.61,535.438,441.261,208.73,192.167,60.8606,354.85,77.8582,
91.3345,59.1272,91.8494,190.252,73.8258,311.512,180.673,220.806,246.121,193.445,264.777,194.762,495.512,69.5159,58.9407,
225.321,50.8384,93.1671,127.506,61.0728,58.392,205.668,154.44,55.2667,110.563,214.394,69.8391,135.477,105.552,71.7689,
191.669,52.9211,150.89,156.349,63.9682,49.794,90.7523,61.8408,227.113,233.824,89.9976,81.8517,80.4906,62.2246,181.003,
62.2272,49.6142,63.9127,139.106,71.1909,59.114,51.1866,58.2814,69.895,156.698,64.7376,61.0556,259.1,59.7802,144.725,
113.65,88.3216,52.1788,151.504,59.2413,126.392,482.223,58.019,59.2022,64.0743,73.9276,402.474,510.813,64.2289,64.1589,
190.412,303.705,93.4873,174.259,57.5904,81.7609,354.451,124.511,64.2043,53.7435,55.6333,56.3877,510.043,137.562,61.5197,
161.364,71.8213,176.667,104.173,64.2038,124.538,55.9785,253.262,94.2749,54.6408,54.4571,134.327,174.171,66.3978,55.8299,
149.476,221.864,144.245,57.1415,57.8123,54.0625,63.927,47.2999,64.293,223.241,63.8436,143.989,539.519,52.7012,107.325,
104.288,48.9969,63.9676,62.8925,282.968,71.5255,111.768,100.415,120.321,65.9535,153.06,58.7218,56.1567,313.901,51.3689,
61.2086,56.9861,62.0354,345.008,78.795,72.9823,58.1509,51.7312,166.47,213.577,52.9998,60.1961,55.2369,102.048,56.6337,
50.863,373.554,138.821,58.5766,182.354,123.756,241.113,56.0701,63.9506,51.7944,137.391,64.2244,245.161,100.215,176.871,
56.2103,53.6337,80.0165,58.6382,55.3346,89.717,64.3678,176.252,55.8331,187.758,58.1749,250.569,82.2143,251.31,597.544,
58.1159,129.247,99.698,67.6182,165.526,233.064,77.2991,131.605,104.201,61.5129,202.748,512.55,48.7385,67.7594,49.7232,
238.945,65.4174,227.368,71.5747,108.577,149.561,60.6017,77.4781,66.9865,120.662,57.5503,50.3422,206.012,110.545,52.5868,
55.2195,59.7877,54.2672,56.0136,192.263,510.109,348.798,105.729,224.232,49.6958,48.7231,50.0288,63.2035,96.0043,106.734,
59.3418,57.4839,80.0318,150.782,65.464,52.5262,57.8538,131.515,497.94,52.9468,47.7429,187.426,100.39,187.331,81.2223,
67.2986,71.3362,58.9514,79.8518,183.302,58.464,304.918,69.5457,126.538,76.3673,64.5497,61.4854,52.424,300.287,82.0862,
265.692,66.5165,305.177,306.213,373.32,59.4614,127.828,78.9324,553.386,105.126,73.2268,135.679,189.714,174.767,60.7987,
73.9947,56.3891,55.437,186.464,144.358,87.5492,255.79,50.8603,341.136,67.3113,52.0485,66.5863,61.3789,56.4764,130.746,
70.73,70.478,51.9579,57.1343,220.549,202.263,266.261,50.17,72.4574,49.0512,105.073,51.6662,61.6104,56.9861,50.3995,
277.189,52.429,58.8127,58.3439,231.082,172.596,55.5114,52.2824,54.9659,54.3111,54.5069,65.1139,52.2478,72.779,56.7226,
313.812,205.986,549.123,60.8752,52.7188,173.209,172.192,102.818,83.3146,87.4642,90.9164,441.046,61.9406,45.8119,52.0617,
100.668,54.002,53.3236,59.4608,65.3072,50.4683,54.1936,55.4019,122.053,50.1853,68.5152,131.297,59.8577,54.5469,73.6035,
56.3566,51.4538,57.7575,71.677,55.6376,66.3887,64.1301,64.5317,56.0104,54.9965,61.27,50.7183,223.096,56.32,139.965,
60.6315,218.88,91.985,47.7932,63.1168,50.5765,152.962,49.9475,308.696,75.1448,52.2522,57.0396,52.6911,141.01,189.022,
138.282,371.004,192.42,60.5656,58.7987,164.84,52.4975,57.8462,54.2557,319.911,164.039,266.991,327.222,238.564,58.8399,
53.4164,128.715,231.455,278.523,55.4577,60.5051,53.1858,63.3456,444.476,104.653,66.7895,173.287,131.314,256.001,54.5017,
182.512,62.4535,53.9876,49.9923,54.8413,56.2883,58.5744,56.9715,81.4875,410.145,99.6965,146.72,57.0606,56.5812,277.516,
114.782,56.3888,60.6832,67.3145,50.4548,130.238,70.3269,64.4187,90.6931,52.1905,56.1729,71.9831,179.568,197.175,547.627,
313.023,50.4836,170.608,114.966,55.8149,141.788,60.5288,84.4419,223.121,51.338,52.9184,79.9737,53.4303,80.7767,145.275,
58.2974,56.5955,271.974,193.788,178.591,150.539,50.5465,58.6611,56.3606,217.103,86.8676,142.143,103.17,47.4224,435.684,
66.9442,55.4587,137.349,89.6697,55.3241,206.424,54.8171,102.118,203.78,55.5094,71.9259,61.4218,108.009,59.6236,61.166,
115.248,428.406,184.166,71.2801,460.182,55.2004,55.5155,63.527,125.989,142.632,54.8719,57.2453,69.2301,157.377,226.183,
70.3187,50.2258,67.6394,220.011,87.6544,59.0254,55.3311,181.424,147.44,52.9232,121.622,51.8851,325.428,112.58,55.6777,
345.869,55.7492,57.0572,63.3033,62.2839,54.9928,100.969,52.2516,53.662,50.3757,53.8508,272.603,369.613,67.4272,234.867,
147.436,159.863,271.425,57.3979,52.4654,67.3894,59.5753,58.9058,53.474,219.482,198.354,82.8055,58.8462,58.3953,53.513,
75.1638,74.9608,154.142,160.334,238.06,108.312,51.6801,54.5358,58.7217,51.9237,56.3857,251.483,54.3956,50.3256,214.198,
158.645,53.8053,53.0107,182.063,194.441,51.1261,190.845,49.6575,54.8795,73.8859,52.8252,49.9841,56.707,100.551,198.867,
57.8222,51.1672,51.4286,60.5051,335.385,127.538,51.6218,51.6514,236.818,133.634,49.6946,117.294,68.8777,81.4475,52.5822,
307.662,107.963,62.6308,136.321,59.1363,307.365,57.261,84.0953,53.353,64.9141,50.0465,58.4135,105.49,273.417,70.6071,
363.836,65.5314,60.468,64.9905,58.4272,167.327,224.736,56.6124,111.151,242.17,237.457,56.0206,51.9035,53.0569,60.9239,
141.611,53.613,123.038,85.5157,58.9079,56.8121,60.5721,57.6737,53.9213,49.7634,203.253,53.2586,210.925,63.1831,50.7332,
58.1167,58.3755,55.7083,114.613,247.476,52.2531,68.7249,173.203,58.5919,355.805,109.078,172.308,175.165,181.791,55.9208,
49.5681,152.365,60.1405,51.0737,72.804,206.481,256.512,47.9673,54.2239,186.407,60.7655,60.4454,227.625,176.229,57.072,
