402.452,379.485,291.802,521.109,509.319,316.542,698.372,249.955,411.837,496.517,524.509,552.192,277.029,468.672,422.203,
223.892,464.376,255.954,498.063,399.994,649.164,300.692,311.743,575.546,516.844,357.403,454.384,386.227,381.582,708.592,
136.722,344.175,192.554,237.468,124.02,516.363,462.203,295.478,175.922,386.746,278.478,161.379,414.513,212.755,200.104,
220.277,591.076,435.564,187.077,207.485,469.275,437.555,516.775,311.094,111.581,273.21,98.4649,302.679,517.678,155.726,
242.649,155.358,458.664,298.099,491.029,280.77,321.076,290.543,293.734,172.009,222.377,329.942,184.396,123.051,182.602,
158.2,107.142,71.0578,124.397,129.893,350.091,271.257,236.422,365.594,115.01,262.829,248.344,71.7725,59.988,256.65,
170.302,173.034,279.333,681.835,211.588,155.509,179.741,385.912,230.613,273.057,208.028,352.497,199.445,282.235,207.96,
170.374,157.631,105.499,210.568,326.668,87.7401,123.379,170.949,275.101,236.515,233.603,177.915,254.806,199.057,71.0435,
180.329,299.391,80.7517,258.685,340.115,120.911,277.83,68.2843,123.056,316.693,355.127,83.7188,93.9098,133.746,246.368,
100.05,231.229,344.418,253.697,412.86,219.144,269.036,172.252,343.443,190.478,202.117,182.178,235.976,127.754,316.741,
148.247,349.853,590.293,75.6489,190.233,233.511,153.418,232.451,230.771,84.8216,86.5336,83.1424,105.764,518.113,292.435,
192.455,155.666,127.055,268.332,142.535,120.016,74.4112,149.369,80.3442,284.882,392.855,261.416,95.3164,239.387,418.14,
279.4,420.846,162.782,188.638,539.676,346.032,82.6246,261.27,129.539,150.848,125.69,155.25,119.445,364.482,454.477,
137.417,329.849,64.0211,85.2607,245.177,172.142,231.82,186.195,277.548,259.744,501.361,266.511,246.207,312.912,91.6655,
87.3109,238.557,150.924,229.712,125.341,91.44,102.974,356.187,241.804,524.304,251.121,104.935,122.948,72.9172,217.778,
443.644,242.276,196.284,280.42,203.757,316.932,282.861,130.089,120.347,364.413,194.071,94.6772,549.004,355.333,408.741,
132.735,85.3387,149.954,450.304,182.495,246.325,60.4851,284.97,64.9315,388.237,196.365,313.825,241.271,399.038,241.708,
355.971,166.101,515.591,73.4185,272.552,241.812,88.9128,185.222,218.436,161.05,175.456,91.0774,100.515,292.663,214.884,
272.046,120.052,117.088,80.9893,599.906,187.486,70.9889,208.105,136.684,388.858,88.7903,171.879,110.46,202.805,426.556,
214.722,191.99,273.948,226.162,144.615,59.5916,183.038,236.649,90.8329,201.485,179.558,308.065,172.741,83.052,260.722,
71.0524,181.315,185.581,364.911,368.46,92.9723,269.049,202.047,212.118,352.975,67.9546,120.733,290.848,60.9879,423.866,
176.396,145.045,233.317,129.226,188.448,214.831,144.599,271.425,154.884,170.256,204.527,158.983,69.258,63.2488,303.255,
107.417,100.389,137.888,269.547,198.253,138.385,121.34,154.466,146.006,267.544,193.633,72.7654,55.0287,96.3069,186.894,
140.438,258.596,97.0396,126.886,165.248,71.8283,196.249,183.211,170.672,262.614,387.919,137.931,186.786,291.741,123.747,
60.0594,163.549,121.398,344.456,146.581,61.5125,277.655,64.421,60.3408,147.729,101.508,75.356,135.4,89.4988,260.66,
132.243,122.607,207.724,257.388,222.775,142.264,210.68,213.046,251.639,419.307,416.85,174.136,184.57,282.249,226.065,
66.3773,322.698,54.1651,69.4133,139.605,128.786,98.4484,151.314,355.147,435.509,194.568,134.985,81.1049,322.992,141.39,
259.672,154.321,113.702,330.741,275.055,578.089,105.331,76.6292,73.0473,248.747,160.913,170.684,243.654,145.197,180.571,
163.702,68.0292,428.88,452.568,71.3484,216.711,285.335,60.2732,153.254,136.265,364.591,203.483,353.878,273.064,247.931,
118.366,229.689,310.337,162.35,56.8152,110.909,73.5399,178.371,383.95,153.168,351.398,120.315,224.988,106.206,62.5807,
285.022,426.346,144.401,170.637,57.2394,474.881,60.5771,217.177,100.988,203.404,343.682,210.891,402.12,351.172,50.1176,
196.422,118.528,130.364,153.422,80.3124,318.801,235.983,96.707,393.42,130.23,206.479,246.072,265.667,223.428,302.994,
173.607,111.489,95.4478,309.042,325.366,369.755,81.3329,137.428,185.426,108.717,71.0041,416.429,175.496,220.358,198.909,
145.855,151.888,71.4314,92.292,100.614,215.679,194.365,72.2433,139.335,460.305,170.415,107.983,257.8,387.45,213.227,
149.035,87.8762,123.852,413.76,199.02,66.6321,252.457,174.131,236.83,140.899,104.918,313.956,104.969,154.982,167.047,
268.008,432.767,276.678,268.294,496.877,95.2916,269.307,161.627,167.491,115.295,178.265,135.844,126.41,220.899,266.084,
125.472,67.9208,154.336,108.581,307.114,227.415,68.0341,84.0399,410.51,222.038,85.6349,125.353,280.182,182.692,188.95,
88.3654,367.144,153.624,94.5231,303.431,199.038,280.66,392.747,284.72,185.844,355.066,68.2013,120.877,196.539,198.876,
266.293,530.779,60.1929,66.5417,104.658,108.887,120.238,66.1848,210.111,68.9996,285.256,138.011,63.9839,58.3731,343.756,
189.998,53.1753,79.9511,183.938,383.986,168.337,180.194,144.09,307.441,216.663,274.705,214.664,252.734,92.693,251.677,
365.821,59.7273,163.75,143.691,292.721,97.4732,257.058,134.948,70.5115,57.8804,109.712,293.724,108.915,57.8221,383.217,
73.9965,56.8273,210.665,62.9805,239.026,244.334,68.1642,219.604,144.52,244.682,363.954,205.219,64.1788,336.097,60.4304,
106.988,211.592,332.367,57.0923,374.891,115.014,183.925,123.008,63.1567,164.33,139.226,424.308,116.919,176.283,86.7805,
181.103,146.402,332.963,83.7541,251.513,303.099,78.19,339.662,115.749,204.946,209.002,158.967,58.2778,77.1976,272.082,
373.672,61.6217,120.351,75.9743,314.987,98.6605,283.457,92.821,80.4194,255.023,342.474,56.3115,114.069,98.0796,128.093,
128.352,67.4219,74.5404,284.058,394.45,137.593,425.574,170.028,64.9999,63.1696,167.568,238.254,74.8253,247.051,73.9031,
100.233,178.179,184.13,151.419,441.952,74.2205,155.665,210.587,276.238,139.381,271.376,63.9326,151.016,64.7766,94.7212,
116.825,155.904,199.098,190.724,60.8382,113.276,69.5049,72.5895,88.0873,126.707,59.0207,167.502,177.273,139.044,412.466,
352.251,173.917,492.014,60.8899,187.166,57.2404,114.051,227.502,127.504,82.9835,60.4896,166.944,161.158,99.7252,56.1388,
95.2695,164.492,110.072,182.906,150.999,173.134,195.205,120.738,67.0803,88.838,258.45,98.1796,189.935,266.79,61.7859,
