549.566,382.559,593.162,303.581,668.287,458.382,511.896,496.967,547.465,492.25,586.477,571.385,614.075,312.671,449.768,
516.465,327.378,502.169,651.738,505.526,350.842,463.327,478.724,338.433,363.287,661.345,530.347,626.451,465.167,649.052,
476.627,515.512,380.278,634.455,686.043,630.198,578.653,421.623,452.689,463.934,466.297,640.132,500.764,259.937,597.638,
455.313,576.971,334.972,296.24,545.398,586.365,386,476.387,599.898,453.88,674.99,614.699,323.118,597.045,332.516,
749.967,293.48,542.397,331.613,353.999,574.65,312.487,672.363,385.542,642.515,422.097,344.025,461.649,570.661,492.287,
396.242,640.699,602.254,626.411,623.041,697.962,626.173,613.485,645.898,258.553,643.498,386.718,419.157,730.84,468.998,
621.511,605.586,658.198,669.767,457.303,520.405,568.739,507.08,487.399,740.113,414.452,664.569,548.24,428.205,288.265,
638.692,400.466,540.319,347.27,396.117,346.175,491.198,364.228,532.663,345.963,694.516,465.184,703.419,580.97,349.198,
348.958,385.413,622.124,277.676,625.199,701.635,629.775,743.232,401.422,441.119,600.712,329.005,306.23,401.385,580.333,
582.968,649.104,524.569,445.297,562.714,560.329,371.056,597.44,347.782,583.92,483.127,451.669,452.473,725.818,704.209,
417.34,689.363,778.546,606.109,393.15,677.602,530.674,460.25,320.157,416.524,635.063,621.956,388.721,560.571,438.579,
719.805,293.621,341.016,733.03,539.839,472.765,383.649,278.022,393.55,358.806,541.806,583.091,425.341,595.554,441.611,
613.94,363.941,323.292,639.503,669.94,443.182,386.308,520.572,315.006,695.877,702.917,587.96,366.804,594.429,556.172,
653.63,295.238,440.471,517.024,280.852,490.25,708.812,640.276,431.77,644.711,449.771,651.66,461.089,512.584,350.296,
538.91,540.464,754.001,734.376,388.249,659.302,584.93,721.695,374.237,380.05,585.269,636.248,466.702,705.481,270.126,
635.545,309.033,551.634,405.642,557.102,370.089,446.554,246.351,578.357,718.326,631.974,509.339,386.916,401.032,652.324,
669.398,395.948,275.308,542.368,306.35,578.695,360.434,559.082,667.164,298.483,543.341,384.348,445.06,352.598,443.244,
541.694,484.23,706.126,332.819,671.702,711.709,647.232,684.914,470.587,509.844,555.931,432.223,315.417,654.782,696.301,
481.277,344.566,732.441,485.241,682.516,436.696,628.886,665.26,572.134,616.814,453.755,389.79,608.68,262.287,319.652,
406.353,416.679,704.355,249.923,565.896,492.733,755.387,430.108,704.494,670.086,665.321,710.976,634.206,619.803,605.764,
639.275,300.075,645.456,406.416,673.904,508.678,795.336,226.191,741.164,563.176,437.999,391.847,567.316,496.142,555.778,
223.255,568.483,166.248,603.039,720.079,247.189,485.966,505.45,621.767,518.759,309.134,493.913,596.117,585.869,602.537,
397.899,579.146,512.664,403.014,269.749,647.208,563.558,574.686,370.354,294.638,617.354,188.731,638.552,587.995,578.149,
559.987,524.221,643.143,598.602,421.543,695.246,226.964,453.569,694.577,695.579,639.223,718.342,592.79,681.504,577.919,
744.625,524.587,664.324,571.115,702.698,496.393,359.437,360.667,566.564,334.215,303.104,427.976,452.991,369.588,547.277,
533.264,314.653,474.366,672.134,408.73,448.006,534.645,636.056,749.31,386.345,463.465,407.457,615.719,454.18,301.94,
342.819,700.799,569.532,269.802,611.38,341.18,366.433,565.689,205.119,693.895,461.719,478.638,581.937,632.169,666.528,
364.755,375.834,629.505,625.075,413.519,497.056,547.739,691.175,306.004,241.945,486.431,537.278,731.237,468.111,292.199,
372.624,216.868,380.229,261.224,632.615,328.399,462.888,496.538,656.292,195.518,691.505,599.385,456.695,599.571,390.959,
396.961,371.314,646.573,421.226,428.076,560.226,504.236,456.95,628.629,433.332,624.587,358.277,233.765,663.737,596.674,
413.228,580.455,390.456,553.512,500.891,464.41,493.645,491.208,326.298,340.766,415.689,655.65,395.19,312.233,650.162,
506.342,661.313,654.962,638.038,452.769,488.229,460.627,493.474,309.115,526.861,367.727,658.328,361.004,442.284,460.463,
308.087,569.85,706.323,662.792,697.999,449.715,537.146,324.94,342.93,378.064,707.682,684.505,266.521,563.208,567.914,
388.468,227.003,508.555,314.7,352.062,238.129,239.578,433.612,760.742,273.478,365.072,697.199,475.323,290.677,707.465,
624.188,227.394,250.336,470.935,608.171,643.792,377.947,671.437,600.367,575.733,411.843,464.448,628.347,620.581,390.952,
517.84,218.332,346.583,181.708,500.004,246.255,367.183,431.191,572.594,250.709,696.303,450.401,654.695,236.274,466.082,
685.672,471.516,554.749,692.254,647.067,314.948,359.518,553.035,515.258,720.853,673.999,595.173,402.48,358.58,273.477,
650.665,690.45,220.75,611.163,676.935,448.41,547.208,549.891,292.571,332.503,500.668,293.602,281.526,336.497,489.325,
594.074,466.843,316.59,387.364,551.621,604.218,475.051,399.45,585.018,384.362,562.423,201.88,545.86,311.431,296.26,
231.565,410.614,270.933,545.276,663.656,271.55,234.414,612.963,667.565,445.752,167.302,290.081,577.894,619.215,277.096,
281.086,258.679,349.298,537.754,558.247,632.976,464.866,514.425,301.741,422.021,388.162,346.188,458.876,643.587,452.192,
263.205,399.264,211.201,619.845,314.591,292.875,637.104,358.962,289.539,602.649,254.526,258.236,209.892,445.046,243.737,
231.43,551.054,282.635,520.185,279.16,327.369,377.426,463.622,270.599,184.784,206.964,620.988,658.065,306.054,632.317,
205.319,428.989,562.489,600.151,584.341,652.721,249.15,471.405,552.148,315.634,695.115,338.971,364.436,208.37,527.326,
606.714,365.864,652.807,637.804,674.383,247.536,334.386,527.757,311.43,306.531,552.879,454.005,178.834,637.794,536.061,
353.016,637.886,403.927,490.922,394.034,714.544,266.833,593.366,582.076,462.403,716.379,290.98,297.839,612.544,703.811,
189.75,433.396,514.671,282.4,304.869,292.456,259.355,521.499,518.842,572.939,293.636,681.133,737.482,269.284,489.288,
462.639,515.283,531.573,612.127,250.961,445.68,562.229,347.236,447.277,514.567,240.609,267.765,439.842,488.11,675.556,
424.511,469.98,443.098,300.296,268.81,242.491,520.438,307.285,376.05,574.448,663.72,266.893,320.526,287.25,252.692,
500.805,293.534,456.703,469.52,238.593,621.841,374.665,391.063,661.026,272.506,429.523,420.293,642.836,347.102,653.175,
