321.921,624.232,607.254,491.142,675.496,358.533,692.99,460.077,276.365,627.731,524.917,666.494,435.508,670.349,360.487,
615.154,571.436,599.872,328.022,659.446,662.79,625.496,287.252,618.549,681.269,287.794,688.866,635.913,701.218,426.759,
410.139,582.042,677.978,649.959,351.99,619.701,614.704,596.814,600.368,472.946,589.478,440.383,748.062,406.63,617.197,
306.999,687.647,555.639,729.771,716.39,685.666,294.361,392.505,631.706,300.967,565.546,614.919,521.935,311.781,719.182,
546.855,777.155,430.895,655.311,325.941,606.178,395.465,631.091,667.488,711.54,413.283,634.502,388.577,743.938,356.691,
708.261,721.565,391.785,618.705,334.365,639.5,611.334,268.819,319.363,602.615,344.024,650.5,562.991,523.609,279.635,
646.091,352.27,525.536,502.667,366.074,609.615,669.316,442.99,613.114,370.305,321.336,364.404,638.946,689.085,519.645,
443.143,597.099,310.36,672.215,643.433,373.357,698.182,671.049,360.679,727.388,497.28,699.861,316.904,646.783,640.873,
265.137,430.939,271.805,393.849,370.291,392.852,472.808,443.943,599.106,698.696,474.281,518.43,258.338,277.334,761.925,
638.674,622.086,628.37,661.075,387.776,389.453,601.155,478.099,401.578,654.339,360.488,397.763,353.928,309.546,656.161,
755.14,562.54,692.579,698.718,664.008,365.138,378.221,458.804,492.875,690.512,357.617,749.981,690.276,216.362,342.238,
702.209,599.452,341.445,678.194,340.242,461.92,519.6,698.781,351.303,457.209,662.535,300.748,603.608,241.944,298.734,
668.133,500.558,419.192,704.828,710.009,710.6,280.445,305.479,614.541,564.755,580.039,678.638,640.595,496.11,678.74,
317.591,273.413,290.804,545.512,691.344,631.766,484.835,385.946,695.635,461.656,414.034,334.947,352.028,275.677,622.938,
405.953,656.242,724.116,635.597,474.501,318.796,455.851,677.168,568.498,693.647,528.803,315.479,387.616,688.8,674.003,
425.03,601.568,677.388,660.183,321.127,658.564,695.154,402.77,567.61,598.78,479.143,635.996,445.029,706.785,518.838,
252.859,482.476,670.684,330.124,574.857,527.747,429.376,470.292,608.828,482.357,368.103,615.922,638.084,461.166,292.311,
691.59,420.5,529.18,353.194,636.079,622.103,257.178,251.973,382.668,689.166,743.798,499.091,362.242,218.217,298.242,
631.056,628.398,585.833,300.847,737.361,331.943,462.169,681.817,628.115,651.176,330.673,264.673,284.386,546.775,410.513,
631.15,347.195,631.073,649.414,482.006,659.223,281.995,367.76,640.601,543.903,275.197,669.088,355.044,385.953,469.56,
424.004,335.954,610.591,662.632,357.561,307.863,500.701,629.294,660.799,260.89,522.482,321.045,691.05,517.881,437.046,
658.228,332.632,314.767,456.419,392.612,637.786,471.676,544.032,460.54,338.898,453.53,416.17,346.477,527.403,351.801,
300.378,385.094,341.771,417.662,552.246,609.636,625.015,422.887,271.074,448.03,315.48,268.767,596.515,427.585,495.179,
331.601,590.915,534.607,379.929,648.491,424.682,655.477,273.775,594.791,747.253,401.895,620.813,499.079,516.547,583.868,
501.052,323.907,290.3,691.531,306.43,631.454,498.97,407.077,659.774,499.116,304.892,303.4,553.465,500.902,575.483,
385.836,298.21,698.059,720.532,255.41,676.663,581.632,501.879,587.102,631.3,291.298,613.772,331.913,676.32,695.969,
363.965,697.442,387.485,235.179,611.949,713.493,559.861,640.061,695.721,690.504,287.138,667.844,635.981,304.681,665.7,
297.104,406.337,532.745,251.472,376.398,463.308,466.616,615.525,286.866,537.824,612.643,750.829,635.953,659.21,355.708,
567.97,346.786,622.654,642.885,326.72,476.328,664.074,598.336,601.384,636.423,418.089,441.698,485.569,353.765,614.167,
453.504,637.46,572.469,447.917,657.033,559.841,396.181,563.596,714.186,665.101,637.225,323.524,530.078,304.218,258.546,
343.073,632.377,691.615,675.159,694.598,677.956,388.517,648.076,315.636,665.655,680.911,620.765,606.64,409.53,660.408,
311.56,708.003,344.474,713.656,425.763,475.941,276.954,608.684,302.28,696.557,292.421,392.414,449.345,462.275,627.162,
397.909,665.433,315.832,536.741,541.518,422.413,307.745,464.753,430.485,409.683,771.223,504.209,630.557,471.241,341.425,
714.248,778.694,333.909,337.752,653.612,259.656,322.167,354.784,600.893,308.171,699.768,730.39,557.033,638.007,653.472,
336.982,639.877,240.345,678.426,281.934,328.885,744.781,303.8,333.372,371.032,739.616,709.601,676.904,470.43,368.954,
431.085,643.551,284.528,316.244,659.824,478.372,666.735,269.095,732.683,359.62,529.671,671.15,294.437,436.838,531.494,
459.974,653.256,378.682,225.291,654.876,587.717,243.577,271.955,488.236,671.849,440.197,376.236,655.53,397.791,339.588,
590.09,658.963,197.036,721.233,367.945,278.112,527.672,632.292,388.955,319.038,656.761,434.312,678.967,595.884,408.055,
644.486,644.212,498.255,511.553,661.967,625.395,348.892,581.912,426.784,427.95,421.527,682.619,670.337,663.676,653.804,
275.745,471.793,627.829,463.017,289.954,333.047,623.072,389.231,541.867,457.58,316.639,740.882,572.744,346.78,229.873,
367.683,607.374,272.572,686.445,642.092,636.058,738.013,718.742,670.117,451.377,351.519,427.544,659.96,630.609,521.755,
396.92,722.346,630.262,466.033,521.701,461.659,694.256,317.68,216.695,125.375,332.9,378.161,364.359,517.6,319.454,
632.049,677.439,580.291,672.417,505.208,471.618,718.322,307.126,394.151,321.485,487.469,276.597,647.163,672.427,318.583,
467.761,347.359,657.776,496.957,437.627,263.073,657.557,483.637,417.216,691.986,352.595,407.727,444.626,380.357,381.568,
747.345,628.975,507.485,306.169,735.27,658.571,330.697,540.541,459.198,743.872,325.985,413.735,498.07,478.124,423.613,
714.378,688.154,310.846,279.495,622.404,344.142,609.419,537.651,304.603,259.698,631.273,583.979,257.322,354.188,533.28,
753.282,584.114,552.512,486.795,469.638,731.961,447.438,702.329,513.492,567.707,682.634,604.978,255.456,696.779,641.025,
664.744,285.921,364.383,675.862,373.457,498.161,577.817,636.392,487.067,508.864,711.347,268.019,640.912,703.74,626.491,
526.097,304.88,424.069,491.466,365.862,667.637,488.327,584.9,588.078,475.102,422.897,641.775,316.496,694.389,696.877,
296.467,285.225,562.102,766.681,595.813,667.978,596.876,293.281,250.569,344.283,497.043,526.827,357.921,429.444,533.883,
