575.165,220.093,154.528,263.759,739.316,194.69,536.639,368.988,642.555,312.882,68.7852,314.272,339.863,627.076,520.016,
116.646,201.576,191.148,419.466,286.017,241.166,129.423,314.776,323.486,255.925,317.706,438.14,280.465,83.8973,554.193,
63.1636,65.717,253.794,210.128,49.2841,254.827,205.934,187.115,54.6246,503.115,198.933,158.391,360.876,110.565,179.164,
55.9732,109.497,60.5279,74.2404,168.291,148.411,63.9783,169.522,256.516,322.807,468.083,116.569,65.0047,142.052,289.121,
66.0741,298.084,66.2278,153.12,51.8535,109.829,73.2878,59.8296,204.222,233.143,401.723,67.1452,176.007,55.3514,433.301,
60.1903,66.5886,260.596,75.1427,149.169,125.442,164.405,63.9427,112.9,175.354,59.307,132.113,61.8852,81.0731,222.769,
103.737,135.427,138.235,66.1563,60.7983,200.015,303.793,109.37,89.1825,329.224,60.1426,102.359,101.685,219.94,219.779,
168.001,63.0692,71.6962,59.3952,58.8729,126.744,479.052,135.669,97.1656,379.17,124.876,124.001,73.4189,110.955,143.112,
76.6613,135.599,120.533,127.898,54.4469,124.327,402.526,302.696,79.6837,91.8842,86.7735,61.8353,279.616,63.1698,56.8807,
88.5446,101.66,58.9157,56.306,120.96,508.65,62.8236,160.235,60.7322,152.746,61.1778,238.838,72.6777,237.657,162.973,
56.6366,63.561,358.046,154.586,78.9873,339.735,82.153,64.5505,104.689,217.174,204.252,239.151,224.811,200.722,349.569,
62.1212,287.36,108.616,60.3459,342.941,182.387,69.8464,90.8708,146.45,142.215,90.3761,251.682,287.807,318.451,392.446,
103.779,110.441,58.5553,179.419,246.524,333.356,144.446,58.6622,270.016,59.6809,96.2807,57.6637,54.7035,124.941,109.373,
125.97,60.6377,193.306,57.9233,357.498,493.964,55.5936,60.7267,134.312,194.285,70.4778,199.041,512.347,256.452,52.4411,
66.124,106.321,123.371,101.374,64.6718,68.1908,278.294,49.4912,199.439,119.246,71.8613,66.932,152.449,183.725,149.843,
316.469,63.3219,170.68,66.26,201.353,60.1799,146.331,173.945,210.266,125.046,58.3813,57.8766,91.3226,149.661,85.9916,
61.3131,60.8096,60.7835,90.92,98.9151,84.3698,62.5841,172.085,110.923,70.017,125.123,59.1214,56.4364,58.1203,240.452,
59.9116,186.316,64.6208,52.8811,469.495,59.783,396.975,55.2824,211.043,123.3,209.917,180.644,228.124,80.9031,138.07,
223.715,501.431,131.075,115.807,80.6846,92.9318,55.4198,224.294,61.1331,122.76,147.166,94.4977,158.142,207.592,200.414,
115.412,145.663,86.5978,142.911,94.8545,70.8127,200.415,160.428,128.395,73.9938,65.6901,70.9095,66.9733,140.624,275.638,
189.723,57.3071,207.663,187.77,54.2956,52.5473,289.99,112.441,50.101,136.048,72.5225,60.86,171.828,52.685,384.272,
185.091,73.2536,79.3139,151.516,67.8749,91.5947,53.5751,406.963,81.4138,115.344,54.6537,69.1558,142.89,74.4351,54.5505,
64.4733,214.405,123.586,77.0359,161.4,133.292,133.369,99.5349,66.5418,70.2032,157.155,371.9,245.593,119.912,58.5049,
58.8283,73.8177,116.696,268.424,87.5823,188.931,64.0042,71.8435,99.0638,98.5121,87.8419,61.4692,72.2624,117.47,236.517,
164.079,64.9216,63.2076,127.599,552.383,99.2753,63.8175,64.2299,125.943,128.045,74.7502,439.94,109.739,68.6398,319.318,
318.329,79.8716,55.7675,382.489,55.3999,62.3635,145.279,61.5355,302.729,52.4038,72.0091,70.8423,55.3816,127.904,115.694,
131.447,52.267,478.133,58.7988,66.0451,344.238,270.128,68.4131,413.488,55.8706,114.562,116.25,256.521,325.119,64.0579,
59.0173,64.7389,90.4506,193.271,258.987,201.967,171.366,64.5751,70.116,58.3386,75.7096,112.795,89.0757,85.8119,433.561,
241.563,83.9957,79.732,94.1711,135.186,58.9965,67.3959,63.9609,221.786,121.295,52.03,326.355,106.211,123.649,185.905,
122.736,460.058,57.6591,106.767,158.745,246.786,176.216,262.465,69.1753,99.0753,104.482,265.691,152.001,308.229,123.637,
57.043,60.764,69.9035,185.247,54.5943,80.0741,179.061,331.121,247.648,311.818,72.4588,113.808,267.356,68.316,142.113,
155.006,68.9993,185.635,64.406,199.362,205.575,159.375,122.834,107.975,245.666,81.301,70.8084,124.25,62.8283,50.0037,
100.598,336.114,304.318,53.3239,52.73,59.1254,64.9952,55.8292,185.317,63.1964,133.423,76.5101,161.628,62.939,139.935,
202.527,256.744,75.3767,59.8477,57.288,71.0528,121.071,166.132,116.524,95.6458,170.268,102.106,182.9,74.7912,267.821,
55.6724,119.564,61.6061,75.5821,106.813,53.8219,223.802,53.7541,51.1152,196.443,50.5627,150.721,60.1996,62.0905,347.114,
63.3952,95.0773,170.774,111.109,484.772,67.6174,227.759,210.911,63.0572,178.985,74.9578,94.8422,259.053,60.5707,97.6803,
131.189,60.2841,79.741,79.2116,159.312,416.284,555.134,87.9641,124.612,62.6354,127.942,66.055,124.652,137.031,61.1411,
75.0626,66.8433,215.259,289.176,73.8801,56.3724,62.3695,61.789,81.2468,346.821,60.6467,84.8696,60.5385,55.4005,62.5301,
127.812,56.5075,133.174,58.4267,138.519,55.7191,130.758,68.806,139.574,64.7352,57.3265,66.6871,76.2535,67.8409,108.156,
501.098,63.6231,288.317,363.123,127.242,123.921,68.6362,96.334,260.103,188.932,180.577,56.6665,161.451,119.226,199.827,
62.5475,65.9591,112.647,142.533,107.831,394.364,68.3021,99.0918,130.899,58.8658,110.052,52.9952,227.409,93.3069,141.012,
77.2052,71.0407,70.7933,115.881,136.927,67.5465,159.893,77.619,76.7186,133.467,90.0115,111.297,87.0641,177.178,106.652,
61.36,66.0543,177.005,162.649,125.362,101.068,77.953,160.134,57.3179,95.8878,69.8932,59.3136,65.605,136.477,263.931,
56.3489,109.443,90.497,115.385,50.6696,60.9569,60.4957,56.776,127.857,115.897,59.4315,57.6422,118.871,64.5098,416.817,
65.1263,141.482,92.5311,106.077,102.967,449.099,77.8848,68.8269,152.786,56.192,199.624,86.6998,64.5678,86.0216,220.662,
66.8405,206.643,148.878,159.043,57.3378,199.874,72.1907,115.405,332.352,193.118,104.647,168.464,48.1221,157.398,197.788,
274.226,154.47,368.624,58.8139,71.2207,291.253,137.023,58.8196,129.896,88.0155,111.159,59.2765,181.421,74.469,362.545,
53.3655,86.0984,321.006,77.2207,167.947,134.43,141.377,82.3845,66.1973,94.3639,60.009,64.1824,70.647,164.435,244.072,
60.1996,78.4992,53.9995,64.1914,77.9277,93.1957,52.2446,216.96,107.672,53.4444,199.274,76.7567,257.356,52.8379,333.471,
185.914,52.4537,73.0943,232.837,171.57,66.1044,192.376,47.6102,372.172,397.697,58.4184,125.732,323.821,56.0675,91.4712,
