410.711,112.847,532.59,399.537,321.821,592.215,511.942,238.601,429.249,590.327,186.319,544.649,246.167,317.781,295.822,
214.138,143.945,259.302,346.796,344.754,345.65,161.58,119.183,85.5411,221.183,318.47,291.98,147.845,109.944,95.6993,
261.648,86.6775,206.885,155.025,518.884,360.213,340.004,111.36,87.3794,654.323,305.903,447.285,305.215,379.671,328.254,
81.3866,93.7957,89.7245,55.8502,311.628,99.9458,86.2219,303.29,60.1358,77.4069,191.48,156.062,218.879,281.952,453.151,
307.143,224.095,213.444,69.5891,110.007,66.3804,57.0509,54.8283,524.924,214.205,87.2268,309.934,468.461,224.194,87.659,
213.37,491.933,72.3214,85.2533,192.949,296.161,199.282,125.679,262.451,86.7356,376.257,217.157,230.498,175.84,203.373,
209.943,83.045,213.996,146.913,295.29,216.952,64.0319,217.112,115.433,134.044,175.817,151.905,58.6894,122.302,243.756,
187.801,136.987,288.943,75.591,203.814,105.145,172.428,224.666,76.8676,333.48,338.044,174.358,366.221,81.0865,325.056,
280.38,110.784,109.764,119.169,176.768,75.7583,145.399,312.645,200.304,95.1314,74.1898,442.539,227.656,320.48,99.5831,
84.1353,307.161,73.9846,211.611,112.149,122.1,323.048,222.961,85.806,141.1,187.733,271.805,179.706,156.781,93.1652,
124.922,150.094,146.371,119.355,146.136,154.978,68.6224,183.454,348.188,248.083,92.822,221.606,332.57,416.305,62.1626,
113.615,81.7933,135.651,104.79,106.435,90.3399,317.732,204.137,202.894,402.819,166.185,418.751,141.098,240.758,295.323,
270.655,362.584,253.944,73.6535,77.2381,206.328,394.386,94.3236,103.878,269.302,242.513,245.809,137.667,112.072,93.6059,
103.818,157.145,210.925,146.321,184.524,54.2906,300.081,183.12,183.322,59.041,148.847,184.766,70.6557,162.591,55.6216,
77.5299,70.1786,146.89,91.3251,84.4855,284.617,587.605,99.6542,320.881,53.2344,110.95,269.27,96.6155,474.236,385.055,
87.2291,128.941,413.071,245.537,499.166,79.507,302.039,85.6759,178.758,410.965,116.414,324.733,199.34,75.3633,61.076,
78.2499,184.156,71.9075,114.624,382.769,153.936,186.497,202.297,278.962,136.743,118.661,239.081,74.2802,152.71,126.903,
129.997,218.233,126.213,146.297,103.236,63.5803,273.956,124.595,160.339,79.6336,67.6574,92.3674,238.62,168.891,77.2529,
108.673,249.516,77.1048,104.749,57.804,201.096,458.917,85.5565,284.835,152.056,126.208,152.399,87.2797,56.7721,125.225,
77.582,368.313,141.397,98.4168,104.093,412.243,83.5613,324.921,209.616,170.611,53.8574,106.901,293.426,116.244,374.128,
239.343,53.0065,103.504,62.8328,84.9386,73.3045,180.672,62.26,109.374,179.858,234.749,430.663,167.78,177.008,260.43,
100.658,103.568,155.868,127.601,140.475,198.859,106.391,114.169,149.462,111.783,78.2527,182.781,227.828,229.437,107.623,
63.6513,101.437,87.6767,135.965,94.2983,431.433,85.7327,147.007,69.3892,176.494,183.59,135.494,450.622,273.403,505.508,
55.6378,93.1999,435.479,128.532,90.3101,71.3313,63.3726,102.747,281.426,186.299,82.3415,296.162,220.229,273.076,97.9479,
130.249,58.6021,67.426,83.5583,145.227,211.452,428.713,60.7091,135.719,152.646,65.2616,150.273,113.731,148.198,106.543,
53.2884,240.317,106.852,55.5934,258.435,76.477,90.7867,313.188,90.9698,65.0453,76.9958,63.3373,65.7644,165.864,126.53,
60.0627,311.194,260.908,447.279,83.8093,75.0311,120.374,55.7628,70.2646,147.993,90.0626,50.0133,106.202,65.264,377.45,
53.1737,51.91,70.1038,72.2653,255.328,98.0069,74.7887,139.668,71.6471,73.85,112.873,161.931,102.185,99.8689,66.9788,
583.73,154.615,115.202,107.219,146.478,229.564,76.9944,96.7741,172.237,268.976,71.1319,119.059,171.106,61.4066,124.113,
188.727,57.5143,69.9571,55.7904,93.6362,57.671,161.266,54.7727,80.2674,83.8372,84.5388,54.7111,224.685,68.1744,54.4811,
66.8361,110.336,61.4426,61.4918,72.0301,392.001,58.2661,125.403,60.4894,58.2404,78.47,461.283,91.704,45.6366,231.236,
72.0035,139.695,149.031,61.0692,74.3512,82.7993,56.9091,65.0439,91.8063,60.1079,66.7248,61.0162,67.7496,81.0232,85.1221,
49.3772,51.0255,88.6024,144.996,75.1118,149.653,486.021,49.9004,46.3268,45.0245,63.0337,46.3531,143.902,59.2705,470.371,
157.754,48.2629,56.9697,124.245,53.7586,48.8719,52.4694,55.2702,47.1805,49.5849,187.808,49.3643,49.149,433.718,50.0691,
83.0122,54.9162,55.5827,58.5044,59.551,46.2825,49.4691,53.8809,47.1421,44.0159,46.5392,46.1846,51.8978,46.1578,56.5763,
47.4243,58.3002,44.8609,47.3728,46.7697,45.5337,178.927,47.6141,45.0335,57.0592,48.5117,50.3007,195.794,235.872,45.934,
144.357,270.642,192.898,47.8151,46.9729,65.3305,52.6464,50.0243,50.929,48.6093,54.1304,50.0064,46.2568,46.661,47.9849,
53.3331,118.692,54.0062,54.9229,46.1553,51.2943,60.8391,56.3181,44.7629,46.1017,215.199,44.6869,170.491,60.3965,52.3002,
46.8071,48.3554,61.9018,51.8484,65.8076,51.6671,45.2725,48.9505,50.4387,51.4157,253.572,140.851,48.588,78.6979,386.518,
52.7142,45.8144,65.0311,50.7995,47.1744,47.9795,54.3938,51.2631,51.3856,47.275,58.6597,56.0645,45.022,49.2491,55.6408,
55.2883,141.445,53.1337,47.9518,54.9254,390.782,49.0124,111.931,55.7389,47.9827,52.1806,49.6688,49.8786,48.2002,260.847,
54.3648,44.447,54.1978,53.8995,44.7622,45.2064,56.4956,71.0829,279.089,65.0836,68.327,58.0146,53.2335,138.84,55.7729,
46.6384,45.9676,49.6469,47.4336,105.373,45.281,55.2325,46.1846,58.6578,50.4755,49.8983,45.7807,48.4626,49.2082,157.054,
116.971,63.0763,47.5743,358.571,55.4182,47.1099,50.4314,49.4707,50.9458,46.6517,46.5215,55.081,141.796,55.377,44.566,
47.3823,50.3073,47.8133,60.2886,47.4611,192.801,50.2707,46.8897,51.6427,54.1726,48.1363,50.2211,264.105,62.0203,48.5905,
160.281,52.746,50.3566,53.0536,46.3618,70.0485,53.1416,57.2238,45.9881,47.5279,51.7748,70.7245,63.3726,47.1637,49.9423,
55.535,46.3665,51.4041,390.088,61.8684,43.1867,49.2942,51.9598,70.295,319.844,53.0675,45.9887,52.8931,48.7891,49.9329,
70.6466,48.7374,49.318,49.8184,52.6261,48.0434,48.0955,90.0508,66.8606,242.715,55.7612,169.833,74.0197,50.4552,56.0994,
51.4965,53.0152,49.1381,53.7974,47.3693,45.5754,45.0261,59.5712,50.5771,70.379,61.4774,49.8799,61.2505,44.2215,58.9931,
46.42,53.0708,65.2114,61.3807,370.315,54.8139,47.0573,168.646,439.828,51.0973,207.581,53.8794,44.774,59.9353,54.7103,
