408.858,540.882,204.994,357.554,654.744,546.08,581.93,327.153,698.49,319.094,565.389,652.508,208.65,502.871,309.82,
215.341,402.838,351.705,286.976,430.766,387.23,262.149,179.284,393.732,100.068,355.054,244.709,391.648,388.315,322.771,
147.427,136.916,360.903,379.352,227.971,254.475,291.547,212.334,272.244,524.38,352.047,471.687,347.553,199.157,144.507,
111.092,499.305,297.763,250.158,304.998,345.247,106.79,162.672,558.245,210.649,381.115,162.195,347.48,231.152,83.2122,
110.868,290.091,165.669,194.972,125.12,303.835,176.79,94.5367,207.078,229.355,295.588,137.856,310.792,158.144,177.283,
385.119,82.7875,552.116,209.116,302.246,229.99,567.848,163.484,697.821,132.131,125.051,254.99,211.149,137.358,175.967,
89.3281,208.646,254.419,90.2385,145.928,128.053,231.706,214.113,579.227,142.456,89.2103,71.7572,157.501,203.467,244.438,
167.384,205.105,354.703,112.016,78.1363,250.337,71.4871,165.12,76.2065,186.6,118.339,107.138,160.634,180.179,235.365,
137.37,179.597,73.7164,135.722,418.834,56.2835,238.4,82.2219,221.86,236.216,186.264,111.645,399.396,114.365,171.37,
144.357,188.984,135.967,316.86,121.156,74.2325,144.311,314.121,190.767,231.302,126.161,77.8182,443.653,305.542,299.519,
176.725,257.231,103.816,159.962,143.399,151.31,416.711,89.8916,108.504,100.182,144.435,131.384,95.5338,116.587,87.1135,
436.822,96.2085,88.0601,115.528,119.969,168.785,530.442,207.653,293.415,303.094,185.626,119.086,790.325,363.773,339.999,
96.6985,145.163,94.6864,235.551,85.9499,141.63,186.762,117.316,100.573,116.841,159.888,300.044,135.02,481.331,178.16,
101.582,268.622,90.9126,105.21,157.753,103.841,495.098,83.6085,217.142,94.2178,133.819,450.187,280.429,151.322,174.652,
96.3259,100.176,104.008,124.038,153.663,93.6107,148.228,98.736,87.2986,292.056,87.4597,107.621,191.437,104.59,167.323,
66.7658,93.4766,294.742,152.06,74.8161,86.8203,65.5491,359.151,205.914,571.425,402.336,161.452,180.492,389.528,121.188,
85.4737,104.593,273.952,164.276,91.2987,331.262,334.38,173.49,107.015,228.834,192.294,190.713,65.9658,140.827,52.1876,
126.875,105.855,95.3681,152.23,90.9015,483.565,410.262,226.661,70.3467,136.261,134.121,311.45,122.334,87.0678,165.107,
105.708,78.5674,108.88,164.784,325.232,108.882,74.0995,83.8178,62.0615,252.277,511.513,146.819,143.918,107.588,107.705,
151.84,561.331,428.432,131.178,101.805,139.592,61.5998,87.3149,100.113,275.087,99.6511,103.418,84.5887,106.447,107.712,
79.3743,110.5,238.391,161.032,180.519,207.024,90.2992,77.0791,92.9733,134.335,62.8586,68.7837,96.0792,114.559,149.893,
508.298,378.016,87.5333,112.946,273.327,207.301,160.518,191.935,72.0569,66.6105,75.3736,198.578,202.369,320.004,444.642,
138.341,91.3066,199.001,190.563,82.7663,121.679,376.188,101.584,108.899,174.285,109.707,299.428,95.0041,107.901,355.115,
148.761,110.592,116.95,268.299,71.2931,146.718,109.517,130.456,123.28,229.008,214.718,77.4333,73.6005,356.896,126.542,
101.164,135.347,70.4499,96.4967,227.675,105.179,106.838,90.0717,106.981,91.7507,153.273,184.474,58.7726,77.9908,180.331,
454.163,91.7527,93.486,96.7573,111.67,99.0227,101.678,95.9907,218.782,73.6383,273.768,271.465,249.502,222.009,140.941,
183.061,64.8715,105.236,179.803,113.772,101.296,134.026,126.89,238.075,85.6991,75.6081,81.8765,411.759,108.204,82.5837,
135.202,86.1818,214.117,170.979,118.429,154.98,220.776,78.4116,70.6109,110.451,150.074,155.33,76.6969,202.985,108.628,
217.434,70.783,179.932,175.293,178.02,107.19,448.515,246.038,62.2046,104.471,245.572,101.926,162.04,143.975,164.821,
114.303,273.55,75.3794,83.0545,112.266,70.3023,212.437,362.353,333.128,134.634,82.329,72.8544,89.1322,71.789,88.9175,
98.8505,119.301,89.0165,84.909,364.99,89.4163,127.556,442.95,123.42,90.4428,159.592,116.435,163.929,83.9593,76.5273,
152.954,118.653,115.054,143.94,123.035,89.6947,130.414,78.236,138.87,143.887,49.5768,97.9775,110.569,76.541,254.372,
72.7198,75.8459,93.1613,195.909,114.661,109.802,92.0673,144.306,76.2896,160.641,511.186,107.087,106.6,408.371,81.02,
66.4389,251.368,343.137,65.7114,341.494,88.3644,215.451,64.7594,138.201,456.507,198.936,122.824,200.164,76.109,84.0796,
87.2465,101.788,89.2238,96.8935,161.716,218.422,135.847,112.352,250.274,129.558,197.566,163.564,120.444,81.8457,82.6058,
299.999,200.207,121.107,199.813,81.4337,235.773,90.4237,133.038,133.614,59.0026,178.114,151.455,96.6159,336.269,72.4849,
108.66,124.19,102.706,101.505,60.4316,293.784,273.532,115.824,89.5532,132.609,270.357,81.441,108.096,75.5395,227.962,
140.358,78.056,137.829,118.999,102.665,126.709,81.6039,125.449,151.809,277.339,63.5236,224.053,120.565,145.325,261.991,
407.732,313.175,163.145,296.587,100.746,98.4853,203.513,96.5074,482.641,220.406,205.347,432.509,203.046,233.92,91.8901,
89.1097,82.099,143.559,107.134,79.0524,88.7916,309.727,80.9032,157.977,102.656,157.515,192.87,116.811,132.824,343.236,
137.014,156.006,484.715,98.4946,191.663,127.94,160.969,129.609,261.587,85.5013,51.6396,204.866,78.0961,171.721,71.8874,
93.072,110.157,93.5019,181.621,82.3126,251.005,372.208,181.166,152.701,137.176,193.655,379.87,115.149,360.258,68.7774,
157.843,87.2304,79.1004,111.62,110.136,121.176,108.77,285.277,296.786,171.65,326.671,237.757,92.2298,225.81,181.948,
196.054,136,73.891,65.1699,103.813,172.855,118.063,213.448,191.28,64.254,150.009,143.462,102.808,166.471,120.265,
119.33,89.1026,259.082,187.842,97.6392,251.033,190.803,52.5214,188.74,99.5492,156.162,235.771,301.321,140.254,214.828,
149.463,106.321,118.028,97.8266,154.595,84.4057,113.157,151.07,143.798,189.503,89.7777,219.505,151.519,141.658,129.168,
260.277,78.8995,212.852,87.241,92.1553,77.9619,122.969,211.39,72.0627,107.666,194.608,97.3526,159.388,115.473,88.9652,
101.512,129.904,78.259,314.344,75.7386,131.805,189.339,189.791,163.854,132.842,214.303,118.537,83.737,112.372,81.0555,
89.3655,582.583,72.5732,58.613,95.5249,88.3383,134.89,361.078,163.972,267.318,454.711,100.551,262.441,84.6387,157.912,
76.8687,102.586,153.759,166.212,146.447,103.574,109.268,92.0757,102.246,217.764,283.219,123.872,181.055,84.4877,81.3279,
