650.388,449.547,549.12,342.244,542.551,333.764,672.051,430.881,211.345,415.094,443.756,457.962,186.641,101.292,481.858,
258.573,572.076,430.737,258.785,392.339,410.748,294.556,574.572,396.293,388.683,434.634,524.949,605.635,230.554,409.795,
450.205,518.482,419.015,464.313,490.969,344.273,178.478,423.222,195.721,402.223,237.87,509.173,209.74,431.402,473.901,
505.124,116.847,198.597,491.942,481.559,565.355,147.22,467.424,364.388,283.998,270.584,307.861,514.726,297.186,266.936,
506.464,68.3762,154.975,545.786,173.016,564.116,354.672,484.121,258.436,135.975,272.528,297.384,226.73,115.47,384.691,
256.759,421.497,318.266,214.424,380.772,510.526,182.027,428.105,135.056,198.444,173.197,103.738,203.763,158.512,221.853,
185.15,310.322,393.083,170.293,408.664,115.891,262.611,107.335,386.885,138.261,94.6616,290.825,608.154,153.185,362.61,
660.441,317.937,131.29,161.743,162.329,100.11,656.019,250,135.961,197.591,97.6399,155.976,320.094,248.134,193.097,
235.656,211.074,164.946,293.356,308.057,574.83,291.911,192.455,161.649,124.309,154.852,228.75,219.153,200.1,333.835,
281.739,304.126,183.169,171.53,269.662,229.396,230.313,215.761,193.823,315.36,169.033,201.302,174.103,179.31,376.22,
490.33,174.403,127.646,198.336,198.21,200.933,477.786,135.281,158.355,350.498,416.685,700.675,180.451,550.543,155.697,
575.183,240.496,555.539,147.675,423.048,168.733,166.217,215.896,232.641,350.861,536.822,115.497,611.802,505.105,260.799,
491.879,387.633,341.585,151.021,141.225,258.904,323.499,565.739,167.473,378.808,80.5174,445.999,88.8528,167.637,200.233,
84.8895,95.2748,348.587,322.313,339.28,176.221,207.333,252.995,175.26,92.1431,716.36,473.773,458.725,289.083,163.44,
283.33,69.3052,210.154,171.555,304.256,152.99,427.936,133.493,583.454,240.43,97.6337,68.607,319.906,447.064,117.29,
215.211,186.609,288.652,221.253,129.064,177.964,424.242,206.626,253.023,150.327,193.825,237.238,156.209,184.213,234.642,
153.559,311.462,162.746,453.463,187.662,446.365,319.478,272.199,176.307,203.099,279.206,627.877,298.885,545.346,329.03,
88.9598,117.21,258.867,203.863,241.367,109.632,72.6954,111.903,205.973,161.239,169.929,267.136,357.99,348.741,513.007,
199.144,462.665,219.122,188.926,468.69,164.497,130.055,531.668,415.216,285.926,532.681,357.113,164.764,236.464,175.62,
464.088,110.068,272.516,193.058,189.651,133.902,360.565,391.105,267.159,66.5185,362.558,326.236,298.268,139.767,247.309,
220.817,331.152,315.696,302.251,270.853,287.573,351.382,159.559,166.028,134.738,145.537,395.449,491.917,194.646,131.207,
213.44,477.297,203.65,343.853,465.429,142.653,273.038,413.91,312.735,429.119,144.36,306.609,237.421,344.638,585.155,
141.197,590.64,639.197,336.841,416.169,589.545,388.131,164.892,514.596,298.179,214.133,458.873,389.659,205.85,591.718,
512.72,228.206,191.237,230.624,357.582,245.533,195.953,209.901,148.751,473.092,499.409,146.027,546.876,487.038,518.176,
292.271,185.406,185.647,144.04,316.162,99.715,271.827,259.366,542.293,558.252,173.689,507.981,138.91,304.509,413.238,
167.951,255.363,174.119,260.691,354.693,494.628,183.342,172.257,217.272,463.284,150.257,591.153,235.559,303.275,191.376,
277.509,200.383,217.16,362.417,364.962,312.851,432.86,176.338,200.38,233.22,268.877,232.644,166.437,380.55,193.196,
144.4,150.329,569.091,478.54,182.707,486.195,132.612,98.8652,525.766,666.554,422.544,216.208,234.791,517.585,196.564,
349.296,169.807,454.215,482.947,435.531,222.453,130.206,432.033,279.983,88.2865,119.417,435.759,175.534,157.623,292.482,
148.867,203.053,423.215,141.593,188.386,235.168,166.682,482.032,484.733,309.399,319.507,341.214,284.251,360.251,178.595,
330.906,383.222,119.612,380.049,202.636,236.986,180.282,194.362,81.3504,510.341,438.606,226.04,184.786,574.408,545.039,
248.74,235.844,304.764,126.747,567.085,214.628,255.964,438.152,186.263,369.758,674.204,620.717,112.69,220.501,212.24,
163.863,65.9733,465.622,131.975,393.865,647.896,569.076,549.523,591.465,358.304,636.145,313.243,185.144,240.489,122.432,
189.504,564.54,546.602,337.673,173.718,97.9137,557.545,232.89,190.52,317.982,290.005,649.095,343.313,235.108,113.636,
201.192,211.619,138.203,292.988,258.433,264.846,329.001,326.968,272.055,462.445,190.695,222.441,296.415,332.391,249.575,
106.886,124.099,355.993,375.983,248.863,171.909,151.562,284.927,399.863,164.263,556.854,158.24,550.447,537.14,199.225,
549.101,302.393,210.423,80.7826,277.558,146.976,210.055,406.171,348.211,100.047,89.9296,209.365,451.253,335.169,266.346,
271.268,253.973,401.281,486.793,214.37,251.165,164.125,256.627,220.869,490.209,260.205,126.457,231.47,320.925,75.428,
296.339,383.689,191.916,113.548,649.22,651.68,228.299,333.223,220.088,578.109,151.596,420.147,545.03,518.798,265.92,
190.411,132.392,465.417,264.357,136.39,447.916,213.861,560.923,253.152,347.277,233.089,669.041,650.21,184.164,80.1047,
270.125,84.7374,141.785,72.9947,203.996,375.203,254.846,138.556,251.1,135.622,652.411,297.323,277.182,122.922,195.195,
265.399,512.956,564.871,637.589,241.358,126.365,187.975,204.475,432.717,289.116,95.772,628.966,550.75,189.21,106.196,
124.964,179.955,241.546,203.75,234.192,232.566,131.245,165.246,243.708,154.806,173.965,207.554,58.5019,324.787,615.419,
319.056,389.423,71.3003,570.325,80.0712,528.751,67.9103,505.186,392.547,311.106,413.316,413.019,642.183,202.258,334.327,
369.145,438.253,476.824,158.078,210.129,92.8476,669.552,738.855,540.233,464.956,174.426,251.082,134.529,371.136,664.416,
167.395,539.4,173.243,413.326,242.612,162.924,85.3348,190.039,174.125,570.846,91.1771,136.908,195.906,323.225,183.12,
80.5793,368.269,395.617,588.761,485.532,150.977,428.95,140.568,165.482,259.402,245.72,95.9337,331.05,652.021,105.652,
154.909,454.749,334.729,486.667,511.36,337.475,300.762,275.395,418.437,563.016,121.441,174.209,165.035,281.79,163.08,
552.753,74.2894,345.715,134.026,434.197,425.544,115.324,405.885,132.152,71.6016,361.669,409.618,310.77,223.533,288.24,
220.992,127.803,668.58,144.319,375.344,330.705,107.862,343.2,277.061,446.498,303.55,176.921,408.706,306.62,543.89,
