8499.72,3076.16,183272,429609,44253.8,295480,122196,41701.3,48584.4,2802.09,70825.4,282090,393766,15612.4,47455.3,
3309.54,2276.52,13150.4,69906.4,134535,4627.54,264355,234971,2528.1,61174.8,2801.44,22997.7,121463,2541.41,2846.72,
2849.29,2423,2785.11,3031.88,2939.69,5823.5,4893.78,81905.8,3938.32,5361.05,3253.08,32053.8,4112.53,2439,3089.6,
3147.9,2313.15,3239.65,2415.04,2432.87,2779.26,56001.7,3157.52,4016.96,2585.68,2808.87,50789.6,6220.71,47700.4,2516.18,
3618.66,2638.73,3837.66,2383.72,3132.01,14906,2460.33,3546.55,3150.38,2560.73,54112.7,2397.13,3273.85,8290.05,4319.1,
2668.63,4446.01,3575.78,2643.12,2679.44,2240.32,2285.17,2549.09,2272.86,47269.4,2316.88,2705.62,2958.25,3245.42,3417.82,
2753.04,3066.15,3193.76,3235.46,3399.82,2809.18,2493.16,3868.25,3788.47,9023.23,2445.08,152839,3307.53,60748.8,2932.76,
7762.18,2715.83,2484.81,3111.37,2590.73,3227.05,2949.4,2687.02,3734.36,3075.13,2396.39,2539.73,2605.12,3799.16,2406.51,
102570,2405.92,2629.17,53826.2,2768.55,9914.83,2217.07,3724.13,2483.58,2118.09,2577.92,3051.92,3036.77,4236.85,3186.14,
3781.59,2192.48,3367.53,2210.08,2281.75,2056.03,2061.04,2421.13,15479.3,2594.17,2454.88,2692.18,2197.6,2565.59,9250.71,
2937.4,249350,3404.71,2154.32,2466.91,2652.17,2190.46,2666.65,2797.88,2422.28,2511.93,2247.26,2127.1,2144.6,2526.9,
3257.17,2488.65,3894.27,3683.77,2494.13,2175.63,2210.09,2437.94,2288.43,2927.75,2516.73,2614.48,168453,2577.98,3059.24,
2716.45,2495.86,2827.08,2163.52,2181.35,3630.23,2393.36,2032.69,2208.51,2538.09,2786.43,2595.93,2013.36,2353.84,2750.63,
2277.9,2522.06,2401.24,2625.38,78875.3,3482.74,3045.31,2962.39,3795.29,2181.06,2625.93,107858,2538.01,2988.47,113707,
3235.44,2909.35,2959.39,2458.03,2332.23,2782.11,3483.96,2006.9,77436.7,2631.83,2308.22,353376,2816.94,2807.08,2283.68,
2844.61,2379.74,2675.78,2255.64,2555.39,2545.84,2011.52,2185.09,2244.19,2549.93,2313.99,2472.09,2388.04,2100.87,2605.64,
2974.41,2061.1,2969.29,3118.02,2477.16,2406.96,61106.2,3272.98,20862,3325.33,2264.79,2483.05,2613.52,3700.76,2126.58,
2344.84,2855.14,3310.91,3136.76,2631.64,3438.62,3415.42,2400.85,2430.77,2886.98,3967.23,2671.67,2591.32,1995.3,3380.61,
2627.61,3620.76,2960.74,2833.02,3117.45,2184.08,2031.59,2418.26,2352.92,2486.83,3178.25,2129.62,48629.1,2542.89,2364.09,
2789.96,2858.89,3965.61,2438.42,3439.99,2587.81,3261.3,2718.8,78872.4,2811.7,3367.67,2498.73,2581.35,2050.06,2840.25,
2780.7,2351.24,2622.31,2523.7,2943.26,3038.14,2146.79,2175.62,2398.07,2507.43,2404.78,2431.71,2544.7,2265.74,1945.45,
3021.68,2661.81,2978,2888.15,3549.06,2544.13,3371.97,2634.13,2549.8,2177.61,2224.07,4085.09,3478.43,2648.13,4103.76,
3610.52,2366.01,3049.48,3274.38,2882.45,2427.27,2177.98,2227.64,91455.6,3250.58,2613.2,2635.41,2337.63,3466.25,3126.05,
2569.44,2269.52,107215,3005.32,2377.89,2914.08,2629,20536.4,2502.86,3247.89,2601.7,2511.69,2905.96,3548.25,2493.1,
2156.29,2190.99,64284.8,2151.4,2460.16,3182.52,2704.95,4014.46,2752.67,2344.49,2816.73,2409.98,2297.79,2868.38,2352.44,
2304.59,2460.15,2496.42,2186.62,2422.09,2772.26,2212.6,2271.56,3031.88,2775.57,2697.16,2965.95,2794.7,3199.44,2458.99,
2516.6,2412.47,2462.89,2471.71,2185.33,3116.08,2941.25,2473.03,2959.81,2278.34,2086.83,3372.51,2190.51,1932.11,2593.94,
2627.39,2516.12,2129.82,46628.7,3237.76,2261.47,3216.52,2400.97,2318.74,3473.67,2005.15,56447.4,2050.23,2500.74,2210.16,
2302.66,2927.19,2500.19,2143.52,4147.66,3534.03,2066.04,2547.84,2823.2,3475.76,3419.93,2088.46,3230.66,3426.29,2148.39,
2621.19,2201.14,2793.4,2769.43,2613.28,2446.03,2465.84,2544.66,2922.24,2348.36,2607.7,30436.6,2614.95,2483.56,3893.7,
2507.12,2681.46,2152.15,2548.48,4087.3,3523.27,1949.1,2327.58,2458.01,2253.53,8556.99,2880.35,3024.43,2688.55,2321.83,
3506.39,2822.72,3159.39,2274.32,2499.65,2158.09,2300.45,2413.42,2768.4,2443.1,2265.46,3322.27,45464.8,2739.77,3520.62,
2235.59,2346.47,2044.12,3468.77,2555.48,3386.76,3794.77,2374.75,2798.94,2176.25,2533.43,2203.01,2938.81,2564.01,3248.63,
2710.81,25579.7,2342.9,2264.92,2390.2,3138.98,2415.15,2741.29,3490.3,2438.24,3055.13,2155.38,3614.2,2523.59,2733.37,
2302.59,3407.02,2620.92,2922.99,2340.37,2148.46,2500.84,3745.9,2535.71,2123.5,2957.31,2365.79,2907.23,2271.48,2844.32,
2401.54,2691.64,2769.75,3577.66,2546.52,2134.57,2486.87,89846.4,3788.05,3865.82,2252.73,2241.87,2903.23,2312.8,2297.38,
2625.99,4239.4,2458.14,2949.04,2392.68,2820.05,2737.77,3222.56,154390,2143.22,2965.76,2489.23,2656.47,3410.84,2075.36,
2238.89,2230.06,2348.78,3189.56,2573.36,2089.92,29542.9,3106.76,2683.43,2544.21,3115.27,3216.47,3234.63,2090.81,2869.1,
2267.17,2903.23,2110.99,2596.21,2748.22,2276.27,2849.69,2233.26,2874.56,2940.89,2887.66,3451.3,2566.05,30828.9,2562.52,
2670.86,2729.75,2078.34,2492.89,2698.44,4383.07,2740.63,1930.29,2475.06,2773.19,2123.36,3664.01,2469.65,2616.66,3007.35,
2312.78,2272.65,2690.58,2198.31,2290.83,2346.05,2378.4,2109.24,2380.48,2353.66,2435.01,2864.94,3033.86,2873.28,2313.97,
3923.04,2215.52,2917.11,8806.07,2605.13,3473.56,2291.57,2262.42,3388.98,2386.14,2689.97,2342.88,2467.52,2735.64,2224.94,
2980.68,3057.38,2412.24,2493.39,3108.23,2300.34,3056.27,1973.81,2183.75,154231,2412.04,2172.65,2357.24,2313.25,2598.54,
2371.24,2262.58,2117.36,2279.09,2227.39,2157.74,3268.02,2196.22,2653.93,3856.82,2744.09,2183.39,2112.95,2470.18,3729.2,
2744.91,2331.25,2730.81,2373.96,2165.95,2107.85,2580.88,2212.62,2913.96,2177.69,2417.32,2255.04,2913.39,2455.46,2359.81,
2372.12,2282.26,2968.03,2164.51,2440.18,2364.61,3213.43,2639.52,2141.34,2358.7,3747.93,2468.1,2126.22,2706.44,2545.85,
2348.8,2700.65,2489.06,2262.63,2930.65,3583.12,2710.53,3235.03,2210.07,2610.49,4007.24,2412.01,3279,2623.58,2971.64,
2495.71,2889.62,2264.89,2098.77,3132.59,3806.17,2645.73,2000.09,3016.3,2307,3011.52,2404.8,2286.65,2640.04,51534.2,
2701.65,2197.2,2452.39,2676.73,2871.16,2504.16,2726.88,3078.79,2628.04,2677.54,2258.49,3075.44,2554.07,3046.27,3433.49,
2696.55,86207.9,2573.52,2791.93,2075.41,14566.3,2582.31,2409.01,111307,2159.77,2529.64,2872.98,2315.05,2298.81,3551.01,
2518.67,2854.97,2331.82,2865.96,2352.13,2192.59,2825.13,2706.62,2241.85,62831.7,3409.52,2846.26,2750.74,2418.93,2205.51,
2085.91,2525.53,2851.45,2184.83,3242.84,3687.75,7658.52,2470.4,4157.44,2945.9,2167.12,2066.04,2748.09,2235.17,2488.67,
2927.68,2239.73,3465.21,2027.99,3035.54,2471.1,2325.85,2163.09,2378.48,2295.95,2840.54,2454.93,2531.48,2607.03,2687.71,
2582.57,2131.64,2243.84,2521.99,3027.35,2684.99,2774.23,2322.18,2843.92,2675.06,2140.54,3186.37,2307.54,2708.8,2667.74,
45448.6,2155.27,2432.3,2307.4,2268.97,2036.53,2813.73,2157.88,3166.49,3008.44,2931.06,3093.16,2898.85,2524.6,3542.62,
2339.98,2443.4,2817,3087.15,2226.24,2274.35,3080.7,2847.64,2476.31,3658.06,3154.33,2161.69,3513.45,3439.9,2549.69,
2681.78,3250.89,2447.08,2927.2,3254.62,2463.95,3844,2234.35,28706.9,2840,2214.75,2622.38,2481.65,3306.43,1932.5,
3486.19,2562.67,2220.98,2602.87,3570.02,2582.98,2743.79,3004,2328.8,2186.94,3625.38,3225.34,3552.08,2604.56,2508.36,
3166.65,2007.34,2295.22,3710.66,2819.85,3134.03,2261.86,2782.67,2864.18,2715.51,2878.92,2068.69,2614.59,3340.91,2539.18,
2741.18,2455.05,8120.33,2545.2,4320.67,2118.25,2838.21,2779.02,2418.27,4353.89,2489.01,2459.24,18119.3,2638.97,2589.82,
2969.17,2438.65,2099.22,2150.58,2251.17,2568.98,3070.72,3260.98,2500.47,3183.93,2325.74,2671.3,2139.55,3203.79,2349.73,
2956.63,2950.33,2527.28,2578.84,2175.18,2329.85,90512.4,3478.91,2356.08,2351.74,2457.25,116888,2120.02,2855.52,2684.57,
2524.45,2128.89,2384.43,2034.13,2424.75,2139.35,2624.72,2644.68,280999,2223.38,2505.36,2793.96,2387.91,2915.5,2563.54,
2522.03,2972.81,2246.14,3360.13,2007.13,88277.5,2112.96,2209.29,3514.6,2110.56,2354.39,2232.73,2376.04,2520.59,2126.44,
2074.71,2115.41,2278.53,2860.65,2556.78,3021.53,2666.22,3070.37,75652.7,3235.96,3117.62,3529.57,2937.27,2706.47,1998.87,
2361.54,2499.59,2878.96,2107.37,2033.97,2659.61,3308.73,2369.93,3515.21,2272.3,2171.8,68447.2,2457.11,2943.08,2396.72,
2469.45,2491.66,2679.08,2319.27,2165.43,3081.65,3264.4,76775.8,2496.47,2239.43,2540.67,2487.54,2128.15,2575.75,2358.75,
1940.1,2990.38,2324.86,3372.97,2341.03,2140.96,56468.5,5081.09,2587.02,2855.17,2438.73,2666.45,2725.01,2523.83,2637.85,
2591.31,2412.88,3287.69,3285.16,2357.67,2482.89,2496.87,2971.14,2213.07,2655.17,2236.44,2121.09,3970.99,126230,2393.97,
3596.73,2199.11,2837.33,2405.07,2418.42,3349,2384.84,3269.45,44734.4,2766.47,3172,2657.83,2232.68,3375.08,3541.05,
2665.38,2333.8,2597.3,3861.88,2662.78,3379.52,2256.87,3012.11,3305.64,3995.9,2847.11,1995.75,145101,2873.87,3110.36,
2543.56,3219.65,2278.33,4719.47,2533.9,2647.02,2469.31,2256.43,2153.86,3633.32,2243.48,3405.72,2955.03,3509.92,3361.13,
2924.73,2496.02,3305.36,2647.63,2739.76,2858.49,2543.68,2356.04,2953.57,2099.56,3264.6,65287,2359.6,3239.28,72966.5,
2086.38,2803.95,1937.69,2642.53,2344.06,3226.59,2985.2,2868.4,2500.82,2448.53,2831.81,3629.51,2686.07,5022.26,2718.07,
2694.68,3564.3,3180.37,2314.22,3532.65,2002.85,2508.36,2898.35,2441.4,2133.86,2074.33,2250.47,2796.03,2364.37,3130.99,
2469.24,3134.05,166450,2761,2552.64,2932.21,3623.24,2805.45,2968.72,2753.36,3781.48,2789.45,71653,2813.63,2492.93,
3407.52,2626.33,2197.41,2353.7,2456.87,3375.21,2082.85,2243.29,3030.81,2194.84,2262.09,34541.9,2982.6,2457.53,3338.47,
3082.08,2247.86,2011.62,2110.67,3662.51,2181.33,3292.64,3081.52,3356.08,2590.1,3160.4,3915.55,2492.79,2311.82,2177.12,
2173.42,2046.01,2107.2,1996.64,2039.96,2913.49,3177.07,2520.07,2398.11,6846.51,2597.98,2610.67,2605.94,2221.1,2724.9,
2935.26,2462.99,2283.84,3492.16,2353.68,2189.53,3497.78,2425.77,2430.24,2647.66,3109.64,2220.82,1971.05,2027.91,2249.58,
2403.26,2752.57,2105.1,2284.34,2456.7,2277.55,2942.82,3096.16,2234.76,2094.45,2677.48,2714.15,3462.14,2750.76,2989.44,
2610.74,2206.48,2212.73,2518.26,2280.71,2020.23,2429.14,2028,2836.79,3505.51,2606.01,2867.25,3642.37,3059.58,2114.6,
2543.26,2707.36,2279.48,2897,2991.69,2976.09,2853.87,3813.47,2342.41,2306,3147.86,2089.27,3134.83,2915.46,3666.78,
2696.84,2295.02,2177.54,2923.43,2146.15,2356.15,2142.55,2201.16,2545.17,3085.42,3563.16,2763.06,3218.8,4414.44,2880.09,
2392.67,2427.28,2448.49,2759.02,2724.22,2139.32,2809.03,3036.42,2208.59,3692.07,2371.29,102280,24067.6,2244.62,2473.37,
2304.34,4126.97,2407.6,4246.41,2291.86,3141.11,2978.24,2328.53,3201.74,2128.89,149039,3300.46,2255.33,2910.27,2396.92,
3802.69,2826.53,2382.07,3195.25,2290.2,2144.9,2733.92,3562.63,2951.73,2306.93,2865.94,2434.19,78623.4,98763.8,2086.8,
2214.13,2458.19,2412.72,2363.94,2272.07,2570.24,2590.42,2552.63,2487.94,19176.2,2570.18,2699.68,2198.35,3497.54,3466.86,
2490.14,3407.29,3231.07,3673.4,2643.78,2871.12,12448.7,4469.02,3611.04,60608,2803.93,3443.92,2997.84,2063.3,2816.75,
2222.65,2960.96,2347.82,2230.9,3568.52,2452.85,3200.97,103893,11050.2,3072.97,3472.45,3111.35,2416.87,2435.19,2560.92,
2543.19,30285.6,2381.75,3121.27,2400.85,2146.62,2472.45,3641.43,2587.12,2478.17,2475.6,4168.81,2419.9,2251.58,38589.6,
2361.61,2960.11,3213.91,2140.57,2381.44,2508.08,2358.53,2118.91,3218.45,2379.09,2083.43,2149.18,2698.08,2264.43,2090.56,
2662.32,3049.37,33857.5,2373.34,3464.02,3312.77,3362.22,59856.8,2359.05,2814.94,3657.02,2146.8,2042.62,2746.42,2805.54,
3151.88,2680.04,2594.34,2896.99,2906.4,2367.24,3495.82,2526.55,2920.14,2525.73,2242.04,3524.74,3769.59,3094.56,5201.88,
2174.58,2920.05,3000.44,2571.3,2313.44,3423.07,229454,3405.46,2610.33,2881.71,2244.61,2058.27,2095.71,2081.07,2716.15,
2287.82,2815.83,3000.25,2507.22,2707.76,2710.11,2114.55,2199.04,2108.82,2536.41,2427.13,2552.89,3049.53,2256.75,2417.35,
2128.85,2172.39,2713.8,2727,2456.76,2795.88,57355.5,2209.65,2968.69,3160.85,3210.42,49418.5,118632,2847.61,2163.59,
1990.76,2503.12,2405.68,62759.1,2754.53,3664.21,3125.75,2860.71,2708.68,2262.76,2344.34,2617.59,2725.24,2254.59,3367.12,
2317.72,3447.59,2116.78,2097.17,2442.5,2506.61,2193.06,3410.28,2773.08,18880.4,2483.84,2760.14,3147.1,2419.22,4222.51,
3435.91,2469.68,2971.06,2902.38,2109.21,2431.46,2260.36,2476.6,2859.31,2659.14,2539.78,2904.89,197326,93464.2,2570.56,
