90203.1,261822,133808,166653,264197,305592,248299,360236,465657,117292,247891,320909,224420,193298,343389,
90962.7,312868,305223,173789,88037.1,344821,278353,157975,365034,146820,234941,298223,190285,186758,81578.3,
109092,294502,136323,315927,116005,140134,399321,129178,117791,108120,341400,90696.1,179598,122324,137033,
259193,344948,149665,263504,195619,176902,215536,281954,156155,116149,254111,97320.2,102186,298891,85817.2,
331299,114526,147256,119978,300339,99717.9,83440.4,244192,215729,259421,380667,351819,106302,295883,452507,
213825,103731,171910,96955.6,97497.7,365732,98370.4,325887,129136,376061,238879,185316,120609,65777.3,55986.9,
313351,340576,116236,383795,368362,89786.3,240323,25289.3,189341,225835,307407,19836,142984,133401,121360,
130049,89238.1,190239,125152,108680,100073,317655,99411.8,166345,89190.5,291348,87395.1,206728,159245,104250,
262573,199871,214854,331699,120946,259269,269518,123731,148848,342117,154992,163972,170137,108897,96003.2,
111280,119119,123654,101636,120028,141168,103664,95858.8,109105,64575.5,155478,101236,114329,352336,128710,
136250,130585,25688.3,223497,147057,102275,293351,42730.6,150770,348001,319712,111505,142038,117154,127139,
97066.1,269114,159211,159581,145622,19017.5,96544.6,106083,116250,88564.4,117061,176856,185590,125435,100909,
152012,81839.5,96619.8,103437,227848,85673.4,30583.7,148979,76843.8,137391,171476,326579,190520,79026.7,251273,
347686,95260.5,126242,110340,113209,115820,65172.8,93323.1,208298,97258.4,101483,128357,268354,148037,80098.7,
48163.3,121521,437449,129152,149961,108182,273187,97806.3,272947,111868,131045,140936,102703,239870,120650,
277103,76896.9,266404,114442,164618,78549.3,370380,276724,204801,306422,151155,143407,180821,102635,93508,
174493,224058,88617.1,129067,138831,115979,109677,205568,50269.1,70958.6,129799,129584,97552.9,129410,138342,
340361,134938,34127.7,105627,93124,409700,162888,124422,115503,79675.4,139556,160096,196566,63193.4,218824,
224633,357858,78088.3,205904,73734.9,99037,155323,68156.2,281842,86574.2,106833,71393.9,89814.9,158384,145602,
241127,91647.7,392021,129369,149990,273538,178987,243662,109636,132772,208318,129408,110864,430978,108556,
145493,102314,121399,381335,185443,113362,220269,195579,133795,342954,217321,41361.4,176434,166574,148015,
100463,285732,164863,206937,154282,134674,120904,167223,321155,115437,72674.8,186609,110265,84298.5,73155.3,
144554,99531.6,114665,326381,101936,151566,160889,133388,168901,155535,175894,143172,347943,149086,179417,
131211,148883,124024,84573.6,251776,107056,95103,138622,114868,164991,312011,130949,55087.9,212924,64567.8,
53614,102560,104658,233369,137899,204864,288070,88144.1,108085,216808,112520,125403,395511,204263,197209,
260094,295395,294261,162872,80500.3,130970,295835,249099,142936,170857,62696.7,122450,116356,130405,81232.9,
236315,110831,273361,76284.7,109665,180407,123288,169277,314469,163487,169777,105882,92446.4,82647.4,84156.6,
195453,122642,94694.7,103134,133582,94079.6,130526,112969,106116,76928.6,47836.9,92708.6,107819,140548,188931,
180647,185500,284726,215611,190531,107880,162947,185262,396707,260355,172187,142859,119826,131854,230559,
78021.5,135690,76031.9,104916,114865,76629.6,119335,132069,46403.2,119253,477344,104145,185277,27833.8,124695,
145690,197691,83975.4,138792,89223.4,114234,348151,120446,99990.8,111579,102397,121942,212796,18753.7,88982.5,
136828,309275,216395,171311,97365.8,245923,114964,120534,155592,103290,161305,279667,132049,121340,162170,
55949.9,25765.8,331143,431888,173172,224708,144605,30292.3,131345,229755,117432,216880,254450,104839,150164,
152177,193970,111696,61503.7,151989,236908,153256,116848,94558.1,352727,182997,156734,165227,111498,169019,
150875,119698,159909,154042,105921,166924,87439.9,90376.2,291109,115115,118664,164298,133722,151101,136853,
85279.6,6837.36,121994,133398,160921,171498,5585.93,119531,133575,261664,160261,94523.8,82068.1,168082,329124,
160033,82867.4,71498.4,53713.8,345416,158011,135230,110105,245100,146929,135116,221291,70141.9,179027,144206,
190170,212987,152285,197549,107552,225950,252809,300541,149849,100771,71070.8,213385,183541,111427,74921.3,
128691,86952.8,31406.5,131515,185703,135502,151129,51382.2,152028,89679.9,205629,162142,105133,111166,281555,
143476,39380.5,147097,88713.5,90253.5,95493.6,226963,69898.2,123752,269403,214307,96745.8,311009,191814,120452,
338010,103192,78273,129912,285239,226861,106129,196662,87179.3,177212,95308.7,306822,163399,119179,35307.6,
76565.6,223953,109172,145744,132802,148502,184947,121738,104189,126763,292074,162826,205235,143422,116432,
142465,150877,375888,328708,150545,255399,90097.8,111557,216343,170706,159865,187964,51311.1,159468,59932.3,
177501,153606,424694,109416,96776.1,101458,254527,231692,264102,126940,116373,160603,171788,127765,101425,
424508,81864.8,127960,75318.5,171842,199195,213212,120513,216538,127852,93659.1,147131,138548,130383,125907,
248801,145510,119710,106812,303220,172391,188049,192126,106825,86742.7,144498,178654,129283,147778,117667,
92551.1,159410,204475,271793,139500,34484.8,160683,153219,206223,371853,143170,122452,150522,335744,115859,
92021.4,161669,273902,92502.1,82780.1,135028,134581,134522,332978,139038,148179,283163,308109,110542,116972,
332862,189511,4461.54,121732,267470,180589,100868,92316.1,101426,183269,187724,125531,232322,100579,113114,
157873,152981,152283,113696,77751.9,164022,131599,346966,83688.5,126803,130558,93183.1,133178,118263,154623,
56232.7,211638,71394.4,299993,50705,105922,342092,259637,192230,180498,150675,93486.5,176894,196869,147696,
347812,144894,100060,119792,115869,98469.9,128356,186877,128126,85669,121418,281918,139602,108287,112120,
163474,80232.2,157116,154097,121429,123094,145831,405531,252567,104695,239051,155743,90733.2,119817,146001,
102442,157435,83883.1,138958,117645,133055,99455.2,122417,127191,102708,102493,130788,188363,192975,115491,
117116,247303,112579,86492.7,194933,111967,189924,56620.1,155664,109831,153503,189123,115245,154894,93486,
146646,79636.5,114678,370982,149313,158132,49938.2,97471.8,64448.1,101221,135479,138221,124193,107667,134037,
86541.1,97668.8,81063.3,173467,402381,138713,140206,160896,89416.1,63447.3,171905,132454,139390,324676,72626.5,
120835,160604,99230.6,77734.6,149792,149485,161614,95239.8,76725,147415,166250,121073,107096,134355,77273.3,
118775,236107,206989,275934,162645,90339.4,95169.5,73830.7,123502,135080,113776,354259,129777,132684,186304,
193915,107484,105863,64274.6,25989.9,152663,171605,78793.4,136233,214579,159107,95330.6,114278,370432,70963.5,
70677.9,88726.8,297090,269776,85625.2,242247,159706,160968,127915,156415,110812,152871,56454.1,154893,86039.6,
172162,125799,80643.3,106286,140619,117149,151036,144644,83137.1,299299,137830,174465,61574,184092,116683,
160346,72796.2,115273,305261,101882,117647,178457,113014,182463,85354.2,168455,108101,6244.03,264020,240359,
364039,191211,330585,112551,320691,300544,217862,110647,38848,135512,99547,117108,151515,74147.9,114912,
419116,109028,92698.4,150267,104256,71097.4,115710,93304.4,95008.7,101591,93679.8,77603.9,405722,110794,201930,
97383.1,74909.5,211372,100901,186796,94996.3,91136.1,331221,134335,141136,358631,32406.4,72426.3,125119,125714,
68960,89996.3,70347.6,166881,202685,103451,193918,103142,381548,126341,117517,121140,68154.4,65198.2,95500.5,
96444.6,241187,99318.8,104691,100558,102296,311717,49890.3,65989,289209,91702.3,165656,89112.2,135715,61491.3,
235483,208273,103926,79450.1,153080,126795,68952.4,281919,60142.5,209382,277971,260109,154950,20518.9,112742,
253562,101947,347284,74356.4,91654.5,323458,89949.9,184437,150979,164054,278708,116509,250929,120428,147715,
155515,103639,233925,135967,104488,127450,113990,132354,173981,98411.9,120905,219002,176252,209511,51479.2,
100278,157638,92709.9,109509,116971,237776,356540,381723,186139,237719,63893,412642,220935,97178,112827,
99219.3,385831,3818.65,122736,372539,174314,127527,294360,138529,126815,84383.3,124184,95804.9,143208,131684,
128819,123239,90725.7,328099,169147,111423,367710,71652.3,38894.7,259485,148460,80980.5,111086,160647,286690,
125956,133040,98929,160939,291388,141216,229596,137840,118144,98546.7,103242,188194,108836,105835,197730,
128896,97386.2,76687.5,383175,121768,123764,100344,133748,165422,127699,126211,267256,173328,202376,124340,
125463,91451.8,150025,104471,134449,117917,171500,139957,126747,86754.5,122160,121888,97662.2,121773,104932,
214627,93479.7,142630,150987,153483,64011.5,176578,116983,101098,44613.7,102557,107633,166798,137682,127252,
120733,117760,136248,152305,115368,159609,97596.7,70125.6,127328,113225,70652.2,162214,195214,257821,119543,
135648,203641,103115,149801,181052,74762.9,113411,97308.9,121141,110095,313037,107234,176856,97447,83394,
112920,104175,225218,132118,94571.8,261481,88080.6,98163.5,174308,113959,104979,145215,90813.1,376319,111388,
225719,176520,94463.7,171688,141932,158591,127197,76893.7,252583,166642,143700,219505,84061.3,113622,113433,
98273.1,102700,188324,97519.1,66974.9,335606,121577,176210,88510.3,152323,188771,69067.2,111119,214614,150349,
58807.5,289655,128888,145541,91625.9,316943,131104,110604,122927,125006,142828,131301,95168.5,170576,138308,
114211,33662.3,136511,359138,156477,161874,109628,140038,114537,179118,87847.2,140776,125410,68638.1,5452.1,
165638,88709.1,94145.2,223288,268539,36029.5,45828,167758,160488,5537.64,69517,78066.7,181261,105845,75177.2,
148109,58694.3,124723,98405.2,198560,210362,90772.7,112828,148341,117604,130692,46881.9,160166,113857,135270,
223196,286970,79647.3,165485,202743,63866.8,162487,131849,159069,124427,219692,122828,55626,144198,101053,
110589,34714.8,154297,296016,104321,94550.1,136979,126127,186416,163032,94565.2,179776,154441,154619,67229.7,
82987.7,172943,267037,76934.2,313642,224047,192500,212759,54521.9,130470,116214,110390,161204,121685,126000,
76072.2,265823,112085,124506,98857.7,106758,100401,253075,144651,344829,187192,145664,112605,357094,100759,
79608.5,99736.9,101703,108215,136351,139055,150184,135084,60915.6,301103,88875.6,92379.1,96073.7,141188,121365,
105394,67308.1,66400.9,44629,95902.8,85053.4,63894.7,221448,152288,98661.7,248393,103100,155236,112941,255811,
126263,141374,138425,79687.6,133232,109386,170501,138955,97276.4,365402,289992,93546.8,143288,94400.9,75100.1,
146259,154877,106990,117724,140222,28139.8,273668,115569,135722,171186,72377.8,112656,145013,208677,83440.6,
266538,135372,128478,95632,123124,336642,120334,163889,109615,79178.2,131409,73553.7,76776.4,111059,112735,
154989,79466.6,92640.6,146109,134509,111424,196131,110548,101963,449915,139461,111019,80802.8,161129,228065,
76050.6,79896.5,93252.8,305425,111510,70027.6,90183.7,96294.5,122726,144238,102729,126807,95212.9,130512,77631.7,
173464,264441,120825,55424.3,173927,163746,135144,112928,5030.49,97777.4,122046,111794,124481,113536,269204,
124794,112122,112103,100565,85327.9,96890.1,76605.3,122543,95798.4,122806,79515.6,212347,114129,160753,151277,
