352.734,490.102,648.139,264.123,630.121,683.642,787.26,590.27,592.225,583.162,305.641,440.915,650.208,534.635,331.136,
702.705,585.305,301.623,652.683,493.405,658.213,488.149,675.841,683.866,377.409,303.44,729.389,444.161,414.638,453.957,
614.114,638.159,463.995,699.484,434.508,373.21,675.308,709.156,248.217,548.565,655.707,738.041,445.834,366.368,632.79,
480.622,357.596,707.067,607.933,695.239,598.783,472.812,417.73,394.083,756.253,623.247,704.037,403.228,730.968,706.089,
372.432,620.527,606.605,475.758,710.729,432.602,673.219,574.96,622.225,687.567,604.88,497.029,582.648,672.045,560.949,
298.371,269.574,581.974,657.222,744.293,422.794,385.319,366.584,511.804,312.479,308.727,659.483,311.229,337.251,470.471,
792.474,622.669,719.342,353.774,286.731,675.183,669.354,711.529,215.901,678.065,576.905,294.332,323.658,283.603,638.282,
640.805,407.544,665.363,637.487,658.12,586.767,671.26,715.531,643.753,434.104,321.312,279.598,423.136,454.483,337.878,
267.491,685.509,486.657,704.437,360.392,605.298,386.824,388.946,244.334,603.494,298.001,412.26,414.043,667.301,676.658,
441.312,341.181,369.006,570.606,710.064,611.119,717.479,292.821,658.697,660.55,335.747,521.227,444.341,675.323,383.777,
436.293,509.436,404.776,745.638,748.504,336.481,673.118,279.005,494.636,678.009,478.367,613.469,404.715,621.885,368.424,
336.686,652.282,653.745,396.407,518.448,314.717,404.748,326.974,325.492,666.452,540.662,642.297,248.673,576.935,271.897,
549.851,565.535,701.088,349.494,379.434,373.979,575.82,537.833,662.626,481.976,603.714,332.898,271.219,458.087,481.884,
597.928,689.823,640.719,626.739,656.216,487.707,788.382,715.99,467.183,513.469,606.061,592.681,609.188,642.533,689.874,
648.348,534.001,336.201,620.332,345.361,331.383,474.85,607.079,277.674,271.601,660.199,588.15,687.578,526.671,609.239,
488.076,614.651,458.959,484.022,522.461,709.99,424.673,725.599,609.125,426.097,365.194,345.974,359.058,349.141,468.881,
329.939,330.657,448.337,668.18,549.169,284.046,406.31,446.175,421.178,658.455,310.394,578.281,336.297,482.621,347.08,
681.497,648.76,375.152,282.189,324.081,406.017,483.259,443.397,501.825,432.926,674.167,405.517,385.512,633.473,573.344,
473.139,672.447,446.15,419.791,212.346,329.572,654.896,301.531,369.697,726.801,410.002,458.47,513.787,513.308,658.488,
293.908,724.86,544.266,421.004,454.488,608.151,238.306,519.768,468.086,298.81,390.541,289.644,497.654,675.194,678.4,
313.548,630.372,682.806,677.485,601.721,575.688,371.202,420.584,473.749,363.379,450.276,704.479,525.673,540.153,631.335,
670.342,375.033,416.542,567.034,605.465,650.294,567.315,399.877,660.209,649.498,506.671,298.263,627.393,663.584,287.58,
308.123,442.667,596.538,584.643,757.467,244.526,282.363,513.331,314.671,377.731,389.919,682.818,737.954,432.922,650.662,
372.898,451.862,278.471,646.039,679.283,723.272,645.674,276.252,260.786,232.02,614.274,691.892,441.405,463.805,459.237,
380.046,398.189,643.857,682.855,688.222,669.84,507.164,356.394,489.784,376.833,444.093,530.404,389.01,645.788,407.302,
703.503,565.812,322.457,266.614,556.871,601.312,734.711,551.139,376.781,524.396,598.101,681.266,581.257,415.464,598.67,
588.082,684.637,356.534,720.366,364.484,444.89,664.811,246.164,604.235,635.124,398.274,371.969,308.056,617.433,588.568,
626.555,663.788,729.09,624.002,689.729,465.155,736.485,546.571,392.14,697.331,714.975,638.255,601.939,294.648,530.493,
641.864,609.934,404.672,729.632,596.057,252.278,600.877,706.292,282.66,391.246,378.662,691.74,517.949,593.976,232.87,
296.353,464.097,305.044,573.219,318.555,329.045,256.094,568.256,501.786,321.658,266.064,450.819,406.119,679.25,727.588,
445.627,602.124,256.969,671.402,653.573,380.799,680.053,486.581,381.834,689.883,315.887,552.558,509.329,526.483,368.154,
603.002,510.484,627.832,412.791,506.631,599.494,476.309,517.659,708.109,601.875,616.841,627.982,670.471,600.466,667.209,
640.147,620.061,676.776,619.266,708.374,377.781,702.052,671.134,374.638,396.487,345.377,533.106,369.559,452.333,412.144,
574.794,274.826,752.542,361.936,517.004,678.239,308.904,314.248,353.747,645.121,530.721,729.913,348.417,499.166,414.839,
519.451,648.861,547.08,521.953,328.24,366.135,442.418,444.876,665.83,728.343,361.426,714.524,261.27,267.34,635.648,
462.06,602.978,748.635,667.809,707.21,725.405,697.737,455.052,350.087,276.532,618.571,716.352,715.41,571.867,453.136,
421.761,315.493,311.428,385.987,607.741,650.102,609.601,413.538,426.221,448.094,293.176,705.041,318.709,689.386,403.087,
618.781,619.013,692.379,683.377,356.346,585.098,444.018,546.69,593.916,404.598,483.383,730.291,654.255,342.482,274.401,
307.522,242.587,285.356,512.522,669.494,520.03,603.859,518.821,364.777,568.554,735.614,691.226,240.956,242.388,581.646,
447.973,511.995,634.822,316.828,615.409,314.616,678.178,545.463,283.696,656.836,679.414,392.626,484.908,597.069,503.906,
749.911,667.91,649.483,288.192,685.711,641.117,377.198,412.396,635.473,392.65,564.275,377.27,629.039,490.656,285.326,
220.431,678.093,430.484,380.403,283.951,446.389,542.285,492.426,479.467,417.905,393.613,356.639,660.955,358.971,426.517,
453.406,343.714,403.909,435.028,489.603,707.025,667.489,706.253,312.324,621.824,282.642,714.437,425.349,622.852,681.995,
400.907,705.487,680.765,651.029,630.066,635.558,382.475,678.179,617.493,720.078,440.603,343.916,658.2,290.487,281.29,
682.374,335.545,687.232,489.149,328.58,457.71,519.896,552.432,303.444,291.796,580.509,640.674,310.331,599.665,488.007,
604.665,469.398,533.796,658.31,304.78,247.201,324.865,539.001,686.319,586.251,593.321,663.718,683.326,334.15,405.851,
270.368,578.67,567.175,455.698,613.175,281.932,375.935,543.001,495.767,599.291,487.385,260.718,301.045,353.859,452.487,
527.08,543.63,677.229,429.56,658.128,253.752,272.48,360.437,784.818,714.761,641.258,544.063,592.2,557.282,669.246,
240.415,372.049,425.742,461.289,706.095,508.901,305.7,544.412,682.704,553.307,473.063,644.987,512.971,211.172,401.426,
624.089,445.516,691.459,394.548,497.315,563.299,536.136,351.708,591.802,534.282,502.423,582.769,723.186,240.684,666.611,
671.142,434.124,375.886,577.496,722.347,410.52,614.87,308.142,631.666,596.082,271.941,258.932,238.905,406.634,613.051,
258.857,624.11,632.674,648.759,386.089,598.171,342.305,684.889,686.575,331.162,199.66,693.141,378.999,482.888,382.564,
682.375,625.656,348.208,340.851,340.586,641.46,519.746,417.073,664.979,383.679,314.667,355.181,669.561,179.158,480.237,
714.445,474.395,600.731,289.689,378.91,511.645,349.233,630.828,270.995,353.406,553.152,744.03,497.268,288.593,208.375,
577.866,604.705,383.556,401.261,637.286,439.857,248.297,351.919,502.582,719.485,399.163,270.92,711.527,284.508,392.551,
362.858,630.391,249.894,631.414,429.592,261.105,269.232,656.21,467.193,293.048,469.824,635.959,623.183,702.022,596.325,
458.031,478.767,619.815,401.537,347.976,650.097,216.017,361.971,258.282,739.331,636.227,328.524,681.125,606.102,705.276,
436.274,635.25,500.602,415.038,386.389,702.668,349.518,684.671,363.583,318.517,610.113,409.44,638.443,372.496,545.139,
616.602,534.637,728.773,337.221,241.569,511.513,711.251,485.59,420.757,424.246,747.467,392.96,606.244,430.297,259.221,
638.338,615.228,526.723,405.118,629.14,737.371,558.117,486.003,212.332,589.091,645.128,280.06,653.452,602.566,475.252,
644.702,392.05,266.663,694.595,502.593,710.713,421.492,211.364,325.054,591.937,299.761,631.07,518.993,350.093,634.341,
693.696,320.594,413.123,398.988,692.247,522.288,618.815,282.369,633.856,377.44,367.676,338.533,695.5,542.807,663.667,
752.97,573.471,678.687,381.252,728.759,722.163,570.077,701.707,297.887,667.177,626.182,412.525,623.881,325.61,241.173,
421.648,633.02,335.485,475.903,651.732,328.33,351.303,652.996,279.66,666.61,731.127,625.45,327.868,616.804,644.93,
345.949,551.65,604.23,621.302,569.829,685.266,672.705,676.713,556.684,555.102,272.303,681.672,421.298,726.559,553.118,
288.696,494.199,685.922,499.43,691.015,621.356,316.892,612.713,595.156,425.222,697.664,693.218,393.435,284.03,335.505,
678.296,354.252,280.331,446.378,346.993,500.297,304.51,590.219,473.906,298.816,711.299,779.569,367.271,643.539,456.857,
427.059,726.113,347.378,270.283,520.54,449.611,431.847,769.919,606.92,315.387,580.649,360.398,708.667,609.886,693.956,
627.629,296.875,697.843,334.97,613.022,602.937,713.667,624.617,508.929,637.849,571.725,486.938,561.426,584.384,625.63,
367.905,575.148,379.2,227.199,390.688,729.679,484.934,452.574,491.375,718.047,395.151,441.903,568.081,696.922,620.686,
266.846,331.47,388.786,333.509,417.606,647.57,502.842,663.358,338.758,641.544,565.47,361.569,725.87,638.965,530.321,
333.091,555.062,324.248,588.234,328.48,486.552,643.39,589.673,497.696,636.006,390.39,316.552,686.592,322.028,257.779,
618.322,537.381,313.381,651.007,205.046,360.854,483.487,413.432,436.481,683.516,272.439,338.252,659.216,649.832,640.907,
609.777,409.837,274.509,462.604,323.255,280.781,613.761,339.333,311.434,306.718,321.197,367.157,537.161,396.78,408.627,
663.298,481.404,744.175,660.685,432.606,337.502,412.051,584.105,683.148,343.376,343.444,657.756,241.041,474.905,434.688,
