486.7,635.345,694.678,665.513,574.025,327.545,681.209,564.182,479.694,417.626,326.89,604.287,562.709,305.984,532.75,
589.865,566.145,360.32,432.19,432.246,630.209,504.074,743.859,692.226,669.963,396.373,394.701,343.773,422.034,450,
637.318,699.928,303.919,507.087,458.483,735.622,321.137,377.894,592.648,493.819,301.838,451.077,637.147,557.943,766.85,
341.545,549.637,608.533,692.475,293.439,601.333,681.381,737.885,404.341,546.342,648.533,636.354,405.157,581.506,619.714,
449.956,725.561,595.213,556.182,363.58,357.776,338.162,422.265,589.159,302.544,651.51,522.33,388.959,673.909,672.477,
619.775,587.748,504.021,492.782,493.417,451.278,478.276,612.661,483.39,489.978,471.419,625.381,349.72,616.184,508.392,
397.839,619.615,556.041,642.094,419.873,295.615,568.589,776.974,353.761,560.359,470.183,264.643,563.688,478.387,506.464,
282.306,481.381,367.654,631.232,466.875,345.483,561.962,357.197,708.608,575.386,518.869,664.906,681.415,308.103,314.108,
717.633,305.462,388.572,299.181,582.019,432.374,503.357,681.076,296.675,270.781,690.617,338.759,562.664,285.829,273.913,
671.952,472.559,634.777,362.306,407.41,492.915,450.812,592.382,316.286,612.291,385.447,669.574,366.091,391.394,313.45,
614.994,595.637,431.927,682.887,351.585,531.835,637.844,495.407,232.243,427.316,307.453,319.081,401.892,707.912,655.808,
674.206,589.398,469.327,475.365,657.253,401.687,573.328,556.615,639.115,533.87,515.8,479.227,512.22,562.041,413.996,
689.531,312.51,325.505,214.678,650.32,672.825,673.162,501.962,345.007,548.153,669.376,394.173,449.499,397.83,447.519,
719.654,454.944,255.147,323.451,627.904,691.152,611.888,375.992,267.386,664.538,648.558,646.409,434.857,643.059,545.695,
685.618,651.063,491.34,680.965,661.579,736.748,322.73,689.399,625.35,447.872,644.437,647.382,631.938,349.908,727.843,
546.229,431.333,286.816,612.319,418.001,570.533,683.557,639.562,685.315,406.05,709.867,481.031,278.06,623.734,559.223,
665.404,666.559,580.963,308.166,582.084,434.521,519.955,589.859,762.323,626.415,715.482,706.347,753.296,752.503,566.587,
382.038,767.776,669.809,727.735,295.569,710.913,362.193,574.434,490.61,630.749,407.023,362.675,500.322,490.024,654.9,
356.452,613.088,470.929,681.424,664.111,698.528,599.102,659.526,613.463,676.815,692.607,389.446,573.01,656.344,563.166,
523.273,464.637,320.371,352.522,718.961,334.837,295.15,314.254,437.361,371.713,655.708,706.84,494.493,285.844,709.467,
286.686,709.784,413.582,460.189,306.422,723.939,465.841,662.281,637.756,486.975,305.839,370.542,372.423,679.986,727.9,
422.292,349.092,395.881,672.327,609.17,683.792,356.49,578.403,488.804,324.826,749.461,695.067,468.773,652.333,540.431,
487.979,681.511,327.493,318.046,261.104,376.886,553.854,593.376,618.049,647.725,550.295,615.802,488.896,322.262,315.301,
615.271,411.299,295.585,562.733,316.028,334.408,268.419,552.6,715.398,456.801,700.06,419.493,356.399,498.196,645.965,
588.192,681.528,590.906,628.286,377.579,221.611,296.328,727.828,312.948,292.843,492.93,588.681,576.409,354.37,378.033,
679.508,223.875,621.102,376.307,382.827,395.187,557.932,612.029,307.206,690.186,647.636,709.049,699.591,317.748,640.339,
384.915,689.972,639.912,308.436,356.456,250.353,344.625,531.868,306.345,651.104,577.73,551.378,670.909,695.232,431.962,
694.78,526.948,734.672,299.112,650.419,579.221,706.679,305.183,716.239,583.093,496.995,445.821,407.696,493.684,709.743,
379.234,677.924,304.231,522.161,250.771,615.689,385.292,746.982,580.311,496.841,520.113,648.837,678.78,678.811,395.959,
569.144,678.503,711.591,733.396,383.384,626.634,639.402,396.303,308.073,608.237,434.32,342.128,482.177,410.934,602.805,
401.151,368.79,343.129,355.326,691.339,748.771,462.319,534.177,660.36,383.981,308.534,589.916,551.053,338.408,287.627,
307.085,334.929,315.015,667.828,552.158,784.834,468.902,737.557,615.468,552.464,339.31,548.346,385.497,615.335,520.214,
371.505,354.22,753.795,726.192,761.533,769.717,319.388,402.364,585.676,527.148,443.753,500.762,454.335,383.465,491.931,
249.014,685.605,432.125,559.712,297.084,257.907,433.439,680.816,742.939,677.851,463.013,496.875,333.266,352.275,555.713,
750.676,653.047,650.306,720.144,539.356,558.28,229.452,394.448,643.243,358.66,330.598,635.705,385.514,597.61,361.352,
657.454,284.548,633.171,332.42,365.21,516.77,538.304,459.409,647.204,688.326,415.4,325.737,662.131,774.37,524.484,
681.63,700.123,548.333,394.02,207.454,308.414,429.68,654.587,570.769,757.87,416.064,344.742,643.931,569.882,398.36,
565.708,282.501,321.07,667.514,747.965,280.779,392.265,257.651,416.688,448.623,668.296,338.097,639.8,425.753,407.866,
555.828,361.317,312.647,490.555,555.28,310.609,357.194,647.015,659.507,536.116,765.553,543.409,548.918,607.902,523.672,
499.008,708.797,664.283,595.945,413.115,308.464,276.177,652.158,510.034,627.232,294.198,380.731,593.42,596.673,279.952,
358.856,247.011,320.152,508.784,486.864,597.443,360.297,701.872,385.052,392.701,347.717,514.766,684.374,269.148,618.27,
384.068,706.93,452.723,224.677,708.439,664.91,486.322,382.414,440.748,698.937,417.077,676.05,385.716,390.058,556.48,
347.987,385.446,342.281,355.908,265.231,710.012,610.162,610.83,420.14,369.749,455.953,415.626,278.678,584.527,457.955,
432.254,308.376,489.451,463.76,362.724,750.287,542.669,538.088,434.289,444.42,754.056,546.602,581.055,375.048,534.197,
636.817,273.298,577.932,515.463,499.62,603.978,467.618,499.662,288.318,686.613,670.564,727.938,650.93,659.179,508.65,
260.2,634.598,573.926,336.187,584.915,427.051,375.113,264.225,250.189,339.008,518.579,683.582,683.955,387.696,632.659,
714.517,663.902,686.799,635.896,532.135,625.888,322.022,697.479,318.98,364.39,654.938,347.56,692.577,308.282,489.402,
427.094,523.897,663.455,502.491,417.762,440.11,679.795,663.476,335.13,577.787,405.487,582.528,409.03,347.705,528.148,
321.902,389.204,529.93,620.238,284.737,337.841,678.236,683.368,696.441,598.987,659.664,218.822,532.733,592.793,389.951,
643.037,721.535,638.272,642.658,429.287,367.592,639.289,464.713,306.721,666.315,701.008,353.63,662.059,538.567,372.848,
690.43,342.931,600.351,314.911,318.032,564.059,534.853,632.791,499.498,291.135,352.552,347.002,625.698,462.769,677.131,
313.074,373.9,650.937,503.192,246.597,627.794,750.931,291.674,607.495,528.693,263.002,592.291,425.825,358.611,516.785,
638.471,243.714,556.324,363.068,560.959,662.191,410.551,501.168,584.52,254.769,360.382,677.734,419.397,284.457,277.49,
744.323,647.301,334.327,464.792,698.133,221.294,575.328,626.377,716.194,315.626,531.855,388.496,305.367,288.199,737.014,
342.014,355.559,636.934,426.858,737.272,300.877,687.685,550.57,421.724,448.64,627.708,350.057,551.32,306.161,413.095,
319.476,446.667,703.913,589.013,455.834,445.48,679.582,371.153,431.183,337.597,729.337,369.162,623.611,274.928,373.863,
419.868,362.526,598.781,655.42,325.091,572.491,636.687,740.466,545.25,428.29,271.794,334.535,722.092,443.218,712.168,
432.607,710.285,519.238,452.023,726.324,752.82,362.14,368.855,652.817,517.816,684.955,725.737,548.937,536.71,702.079,
336.589,437.109,227.326,618.674,695.579,406.766,414.66,689.146,588.435,661.505,338.078,462.199,649.176,613.156,698.734,
589.552,582.63,761.539,692.194,712.915,383.929,603.186,675.52,268.196,526.635,390.711,465.142,333.814,422.599,320.385,
697.91,525.657,710.215,581.343,404.31,334.872,302.303,606.686,341.587,413.869,374.349,359.505,415.756,668.48,284.312,
345.826,726.84,572.977,738.147,411.64,620.96,706.187,304.813,654.118,458.912,436.741,404.706,541.303,641.596,318.619,
581.247,486.648,580.026,383.797,381.17,349.739,585.096,325.71,401.506,333.757,252.556,665.155,600.731,565.275,683.987,
709.417,524.981,660.603,650.867,402.556,303.1,374.338,416.069,670.671,568.95,515.55,684.911,679.391,335.001,696.432,
707.976,460.924,657.15,520.165,282.393,405.83,630.981,716.665,692.176,295.394,356.76,690.758,270.931,352.707,754.864,
334.022,344.86,334.771,412.55,638.294,708.808,664.37,321.301,325.595,740.04,698.319,635.457,282.768,756.544,518.123,
321.305,678.216,488.463,565.28,271.929,527.004,628.767,361.64,257.179,611.903,291.782,272.189,551.069,590.912,724.769,
564.76,418.015,356.579,368.913,277.354,265.21,624.319,539.806,628.321,622.922,433.951,688.689,401.569,688.872,364.432,
397.855,686.433,507.432,279.039,752.98,438.512,649.189,475.161,494.867,459.704,439.012,712.882,317.668,479.054,448.171,
708.062,585.922,677.215,652.814,596.792,431.338,467.561,617.564,465.974,505.907,580.421,680.032,707.217,372.552,355.172,
652.49,375.558,490.509,698.504,647.262,660.108,486.713,226.263,712.726,462.456,302.615,452.756,540.353,634.728,337.079,
649.238,521.371,530.434,348.271,357.298,638.989,662.204,323.599,630.762,257.453,439.031,601.289,675.25,681.416,380.655,
283.952,412.678,676.669,733.62,436.423,356.088,338.991,737.671,268.034,681.209,692.472,632.72,661.072,327,619.589,
619.766,577.49,449.861,686.139,346.394,468.38,290.987,627.594,718.4,362.241,631.965,346.608,714.935,477.39,448.959,
314.313,644.591,602.872,718.519,334.821,587.498,632.217,619.155,680.013,419.515,653.796,669.799,268.034,721.986,719.568,
