633.249,457.043,412.152,326.435,372.577,484.052,669.221,118.211,89.9868,704.658,300.084,469.136,342.453,611.126,322.119,
73.9441,177.532,486.934,303.905,441.965,155.381,347.609,57.778,646.626,423.563,194.759,60.7255,356.684,51.7087,507.978,
163.017,94.5404,145.267,182.727,59.4619,76.3012,120.071,72.3399,56.921,107.337,161.558,206.185,157.317,199.723,266.07,
212.061,63.3251,75.4254,93.3464,321.607,139.275,415.953,56.9224,157.171,52.3115,60.2156,92.2453,121.184,63.3907,63.4806,
205.852,153.164,61.5244,202.178,57.0534,311.073,66.2382,477.87,82.4943,130.053,101.624,149.071,154.781,320.544,52.1117,
56.0286,54.5492,76.5802,59.7135,275.725,134.195,289.571,65.3437,131.734,71.2734,196.965,392.393,64.8819,72.4505,68.3462,
195.234,131.609,55.5597,108.859,68.1216,99.6246,176.296,54.2101,59.92,250.305,86.419,173.703,56.9321,63.9711,229.333,
119.975,202.965,50.0367,391.546,73.0817,67.792,63.1274,75.3944,66.4745,74.8644,131.676,310.903,54.6372,75.6216,73.3626,
112.542,55.3587,51.3225,62.822,76.4629,58.2609,63.0326,183.032,252.058,172.284,56.6555,54.1302,50.9946,54.0281,57.7515,
148.942,50.15,87.8492,60.0169,63.4912,209.659,58.8739,56.3841,69.0188,67.2573,209.984,71.1963,301.76,67.4982,256.339,
61.1153,53.3561,124.86,58.1059,68.3974,73.3206,73.9752,58.0718,160.878,154.595,108.185,53.547,96.0783,76.7979,111.695,
229.32,52.7857,105.614,165.695,51.629,90.9556,275.114,315.777,211.17,57.2797,57.3185,63.2954,49.2457,67.7987,61.6082,
57.3443,57.7746,58.3994,74.3186,245.134,169.22,232.803,138.241,52.9453,60.4369,50.5199,49.1728,180.868,60.7417,70.3332,
67.0523,323.349,87.9547,297.98,53.1938,53.9875,55.8038,184.403,58.6984,107.961,55.4804,54.7367,53.5882,78.69,57.8708,
53.4892,55.7976,127.672,150.685,164.445,54.9792,97.3318,240.629,73.1027,115.193,66.7564,48.2419,53.7434,73.1536,57.7471,
64.8608,224.275,60.4977,63.2613,54.0485,56.9453,190.709,50.5703,50.6648,65.3066,51.2941,66.2711,50.6305,71.6641,54.8419,
100.306,62.7971,114.153,92.5085,264.805,66.2491,65.4576,56.7422,204.423,55.2511,57.0833,51.9365,62.6101,54.7172,68.7621,
59.6882,376.748,154.981,80.5565,52.7468,52.7593,55.3273,51.1628,52.9356,77.5142,58.3827,64.1872,158.191,53.1007,55.0191,
59.1177,51.4231,63.5681,281.119,62.8551,77.8213,55.6565,66.2571,151.962,364.689,194.533,50.9303,65.5062,267.137,373.309,
56.6575,52.788,75.8593,123.578,60.2054,101.818,147.498,201.847,56.7334,48.8067,359.38,121.151,118.718,111.798,54.6759,
55.2696,51.968,227.838,110.355,56.1643,53.6662,251.556,100.423,56.3066,54.1075,176.509,89.7654,66.1351,70.2547,62.5255,
94.0104,100.775,65.2955,55.5301,57.8682,69.8138,69.6664,61.7061,361.029,53.9384,53.5155,53.6596,121.187,103.031,120.141,
48.8821,361.259,104.417,165.398,124.451,105.115,90.438,481.4,128.858,53.5685,59.9695,56.0756,56.5246,61.2567,60.4919,
53.3123,48.3944,196.211,331.489,54.7973,166.144,316.692,99.9532,134.784,49.7915,60.069,59.0533,186.05,77.0753,282.895,
99.8829,60.2626,203.369,53.6459,120.261,52.2973,53.0802,52.5381,103.906,61.0118,176.472,68.8523,114.603,207.181,63.5475,
61.7696,59.6177,102.539,235.156,50.644,49.4863,66.133,91.3276,58.1958,198.214,57.2528,401.168,103.167,60.1662,122.707,
62.1238,51.5846,52.3401,63.3877,59.453,54.3334,254.488,66.8405,152.474,61.4935,335.96,112.994,230.92,55.5733,48.6789,
55.5506,59.6763,232.958,53.89,56.9071,64.7238,61.9381,66.7763,60.3414,146.314,53.0051,57.6996,81.5206,56.0117,469.099,
61.7751,142.215,54.2499,240.202,53.7941,49.1638,54.2032,47.4222,152.09,50.2887,64.3464,64.8925,47.347,63.1024,388.124,
62.3883,126.228,51.1552,54.0316,72.764,101.328,92.9547,58.4216,228.407,58.7984,54.1814,62.2576,52.0727,177.038,53.3808,
50.3616,148.885,55.1287,146.826,161.155,58.4923,102.129,53.932,304.424,55.2214,58.8816,53.9872,111.393,59.1367,150.441,
59.1471,56.3598,51.8295,230.659,67.5427,50.3683,51.7229,49.6225,150.653,52.103,236.002,233.949,59.7144,49.8713,66.713,
249.109,54.5606,48.3744,57.9488,51.628,112.238,371.775,47.0824,56.3683,51.1701,60.4816,55.8044,53.0008,56.0943,54.0687,
54.5709,57.7045,170.247,195.538,168.512,82.6439,247.068,154.437,129.845,53.28,54.4157,58.732,58.5629,52.9279,53.7964,
64.9106,58.6125,58.7379,49.6751,53.0504,159.753,64.3537,55.6479,57.9419,163.588,65.7581,112.237,132.261,54.3489,124.484,
173.635,53.1826,54.6978,156.889,137.312,181.953,66.6377,60.1271,175.436,175.216,65.6274,56.1317,298.03,246.65,59.2744,
239.668,226.877,63.493,49.9524,54.9323,62.9583,47.9264,61.1305,64.8846,55.8907,52.1661,55.8391,64.8604,137.778,57.4792,
160.719,52.7789,130.701,53.3486,54.0778,47.825,378.921,118.594,58.2482,188.734,56.7167,137.417,59.9659,50.0976,426.866,
74.0694,59.7497,197.809,162.083,423.761,62.1624,113.132,63.4866,223.011,78.7254,233.122,103.961,57.4297,167.233,52.423,
50.8912,205.627,49.6444,52.4965,53.7434,51.0599,110.306,57.328,74.4708,61.3631,47.6969,48.5096,49.449,262.208,57.4159,
85.3434,58.9979,50.5382,245.266,349.607,59.5621,61.8703,54.7516,149.995,63.4194,62.0362,65.2912,59.3439,53.9877,66.1189,
66.0529,53.4838,53.7569,136.025,131.639,51.0747,60.2346,162.228,54.6473,52.015,279.021,500.393,105.965,240.511,225.479,
51.2068,50.0545,50.9473,50.6995,157.66,64.2215,57.0224,59.3824,107.295,55.7002,46.9626,50.4301,65.7483,51.0444,52.4629,
59.276,56.0513,82.2507,300.981,53.0822,49.8706,97.8573,64.2864,227.268,49.8575,161.928,59.4202,53.5547,154.973,55.9216,
180.602,58.2572,267.366,143.258,52.1178,54.0845,282.556,122.484,106.663,110.119,376.577,160.432,50.5662,68.8447,198.917,
51.4119,48.1009,50.073,56.9213,60.1464,61.4311,59.496,56.2525,66.6913,50.4101,294.984,52.135,201.434,61.0759,205.579,
244.354,295.14,192.471,445.479,71.452,65.1048,59.5212,49.9,133.926,267.766,219.944,51.0323,54.8175,112.78,154.173,
52.6928,65.1022,52.5033,149.648,59.9743,335.316,60.7133,56.9107,47.1133,148.852,287.133,53.6091,222.235,55.5433,137.612,
59.8443,76.1344,279.97,51.4378,55.4264,62.4245,68.5905,242.952,293.842,47.1088,54.607,171.611,56.0851,57.4417,345.009,
51.213,293.419,55.0302,587.464,56.61,217.685,260.721,53.8207,68.982,57.4614,77.5021,153.14,157.091,48.2927,58.4197,
151.606,114.516,58.1028,217.954,49.946,52.8639,102.538,58.9991,60.2922,53.9275,61.4865,121.473,61.4836,78.0291,57.346,
51.8658,52.1847,188.347,324.384,55.511,51.0412,53.6564,58.9008,53.464,126.221,144.258,117.524,63.2977,188.942,138.972,
68.0017,94.9945,59.6191,47.9515,48.6094,47.6572,74.1928,51.7209,65.8481,244.548,84.3054,234.403,58.2689,58.0115,206.281,
258.395,289.723,52.2575,74.2998,53.4272,237.221,171.695,138.705,49.1842,58.7227,63.2428,55.6536,55.0143,58.1012,56.3373,
48.3053,130.058,56.7868,63.8627,58.824,60.1861,58.3878,64.4512,50.4195,49.2722,169.067,183.427,159.836,64.5394,59.7777,
54.0804,56.469,109.365,50.4085,502.082,54.9533,225.551,49.9476,47.4971,100.03,47.4715,65.0085,46.8158,60.5232,52.0293,
142.13,151.895,218.281,58.755,56.2268,128.935,57.0311,106.979,50.2614,63.4191,56.5374,190.375,75.9506,55.6581,60.4749,
90.7599,243.582,51.9425,75.3996,50.6436,172.552,97.3698,575.491,59.1476,60.6335,118.453,490.981,110.154,234.279,58.3432,
152.005,50.3979,58.4757,56.5335,111.208,55.7516,56.0196,195.244,52.6207,45.15,113.294,108.618,58.0242,79.072,217.447,
48.2821,84.5776,183.084,50.0523,52.4115,56.9638,134.749,61.5264,61.2811,63.5895,738.23,180.332,53.0034,98.0308,112.699,
59.0421,67.4911,57.1789,147.773,270.503,247.423,62.1729,58.8977,228.881,288.579,51.2976,65.9124,160.995,101.698,163.402,
55.4126,49.1662,63.5034,365.118,159.409,52.4372,264.869,52.7356,151.204,124.6,59.8533,56.2477,49.2398,110.869,392.32,
143.05,56.5623,143.761,48.1573,109.625,63.6563,228.215,177.055,62.6035,85.7375,165.395,53.5617,57.9664,120.28,157.636,
48.6591,240.877,58.6868,251.91,63.9118,50.8964,55.1458,130.915,48.948,51.9555,213.55,68.6886,57.831,73.2294,65.094,
57.069,49.4273,49.6987,92.5583,186.856,148.102,53.9894,57.5678,154.115,340.269,57.0476,335.977,50.5512,292.374,549.531,
52.6435,95.4481,50.5757,145.479,55.9261,162.338,50.7868,55.7243,56.1635,149.763,282.043,70.8749,61.7746,51.4742,61.6252,
59.6278,57.4247,58.1761,72.6506,54.8226,220.202,58.6632,55.8534,60.2821,375.717,120.671,63.22,361.635,319.707,61.9631,
49.9345,53.8057,164.375,222.736,63.0618,78.9145,232.327,152.145,156.902,53.491,47.4554,50.3144,249.32,51.6587,90.8022,
47.5017,54.432,187.152,217.687,49.3358,50.0768,49.2566,73.6499,250.506,49.041,69.1463,52.0475,195.341,284.745,333.367,
52.9239,47.9434,60.5829,46.7655,66.2081,123.635,144.111,116.052,160.958,55.5013,52.5316,47.6792,56.2748,93.7721,164.357,
51.9115,80.126,51.7748,78.2751,101.256,50.1075,98.238,65.9207,47.8949,72.9597,180.688,121.995,55.077,199.552,150.922,
62.0234,117.323,53.9232,65.889,131.598,67.1304,58.0964,173.594,213.793,62.1171,52.4858,58.8705,150.707,53.0619,69.6559,
52.1424,258.336,54.3619,52.6654,64.1114,139.061,54.3764,61.7193,230.645,67.9295,50.9363,61.4336,147.838,62.0845,56.2148,
314.795,51.587,66.2022,173.843,52.0267,59.1766,49.1637,49.9203,58.6876,211.793,52.56,180.156,57.7255,49.8944,109.783,
114.642,52.6622,56.7815,446.831,69.7875,400.573,56.5151,59.1945,56.6953,175.604,50.0178,48.7707,97.5447,56.3814,55.2977,
