450.639,542.414,276.638,520.603,615.71,464.645,560.901,124.675,506.625,658.713,352.084,592.532,587.855,354.369,449.62,
247.039,323.991,338.989,455.565,570.558,280.353,285.382,204.469,373.293,403.685,525.767,611.69,323.597,360.708,546.446,
417.899,332.385,449.321,288.311,429.349,465.416,486.105,429.402,244.349,240.647,493.373,580.147,512.763,357.601,509.464,
208.143,234.296,520.028,610.228,292.622,324.741,356.471,522.13,232.357,344.247,582.385,451.236,362.411,408.659,200.437,
170.112,322.983,127.716,348.184,313.076,323.465,373.713,217.129,531.326,351.706,562.441,531.931,464.783,434.787,646.75,
235.499,176.834,293.746,363.707,351.022,517.298,174.137,647.602,233.832,455.611,314.004,233.01,262.237,346.092,612.422,
458.433,261.509,299.438,534.739,263.3,164.039,426.129,514.971,137.947,234.579,380.886,410.722,288.638,358.936,320.694,
211.169,477.201,345.337,225.031,195.297,188.799,528.597,316.719,480.968,418.26,405.533,185.24,229.369,310.182,307.098,
470.998,625.013,239.575,234.582,193.46,306.236,446.081,274.81,149.497,467.437,450.526,454.118,364.909,212.629,403.2,
421.195,515.605,180.959,360.612,238.015,372.117,170.788,212.527,456.915,232.526,357.38,630.947,225.291,400.189,270.622,
438.28,332.34,327.469,288.468,167.928,601.745,420.553,206.78,218.866,306.212,300.146,495.399,388.607,257.954,343.186,
371.552,239.9,172.042,706.757,628.742,469.63,210.041,524.713,201.189,391.927,517.144,325.097,547.613,243.613,333.782,
573.968,287.782,189.438,438.952,265.339,184.633,287.528,528.616,331.351,283.446,195.823,393.045,421.302,416.787,295.307,
189.606,218.15,360,271.232,251.412,343.947,681.194,328.348,280.809,215.194,399.413,288.426,258.351,158.868,438.173,
289.504,680.325,171.685,197.164,431.134,436.822,583.379,241.061,700.959,155.518,515.06,337.437,266.836,239.448,187.01,
416.605,232.059,192.332,465.966,511.98,150.69,599.546,475.463,273.946,163.61,410.284,422.327,225.958,249.457,224.456,
274.449,305.376,263.454,309.289,204.309,415.992,246.836,433.804,228.081,543.228,496.599,395.841,220.117,174.909,460.037,
206.319,279.631,133.408,277.289,121.652,305.591,233.658,212.608,431.337,304.082,250.97,226.256,303.755,118.994,546.269,
374.647,519.537,345.332,447.947,393.484,296.398,211.352,258.583,486.669,587.416,390.039,428.845,382.203,462.08,226.135,
157.057,412.968,328.194,415.399,351.273,302.804,333.495,369.112,131.251,189.583,293.612,142.459,242.325,558.937,184.095,
376.364,136.566,236.591,256.341,262.593,103.908,217.713,371.02,307.886,417.013,106.469,298.25,387.117,400.646,189.955,
217.444,257.191,162.501,299.603,263.954,245.874,210.502,332.755,384.495,243.392,292.329,475.902,461.613,323.717,351.972,
117.897,147.933,284.701,339.221,378.664,189.133,251.593,471.659,250.033,387.494,366.038,456.615,275.675,137.861,434.929,
318.015,274.293,505.244,239.139,319.479,412.797,300.247,393.282,262.925,287.936,81.1601,166.101,170.276,164.674,291.978,
94.2289,217.231,77.342,136.808,490.277,404.606,204.532,189.851,637.363,100.439,307.207,207.639,90.6878,243.735,335.758,
192.8,357.378,107.351,112.431,308.767,255.208,327.739,365.644,77.4478,263.085,160.723,372.328,169.064,370.94,504.693,
177.589,140.551,316.696,296.955,129.825,462.864,112.752,129.371,157.856,168.944,89.9651,232.169,287.663,224.503,133.851,
63.9436,133.203,160.458,533.065,273.114,471.159,107.531,512.45,150.979,119.759,379.26,477.353,95.7528,293.167,128.529,
405.81,105.118,115.169,298.577,418.36,372.835,199.211,68.7079,326.919,390.85,335.914,121.29,220.778,359.417,111.926,
276.288,94.54,166.369,66.5636,549.746,80.2298,67.061,214.177,223.317,221.664,93.528,134.143,93.8856,65.7716,259.139,
100.426,246.355,191.395,109.542,244.85,125.091,62.293,417.497,127.005,526.729,448.758,241.232,254.117,177.538,199.062,
115.068,116.631,139.833,81.1522,115.119,108.368,87.1666,132.333,63.8841,140.492,199.332,150.535,155.104,64.7068,127.186,
440.075,309.404,352.246,191.239,175.048,320.368,324.831,119.256,313.879,243.708,157.352,85.9398,470.567,160.996,291.532,
76.4962,111.872,193.014,200.916,359.464,249.05,373.505,138.101,217.392,321.735,219.389,338.22,101.56,180.255,386.959,
135.032,456.32,73.5243,236.114,484.476,439.408,364.377,142.674,224.071,352.753,188.403,186.528,109.928,207.106,230.959,
434.079,122.198,360.033,357.757,106.87,134.191,304.531,143.306,156.973,178.166,251.038,417.081,478.116,144.448,256.428,
177.658,160.683,288.493,93.3819,344.181,365.442,212.352,388.596,234.689,111.196,410.209,86.4657,312.789,270.365,222.768,
129.358,222.394,81.6567,81.0067,79.0585,235.023,389.392,146.692,161.971,220.43,131.992,194.801,136.888,139.427,130.809,
86.8159,202.46,102.179,73.9943,280.236,349.975,348.037,102.658,144.137,393.203,96.1595,173.065,260.983,125.436,113.821,
312.265,292.722,258.9,93.7746,183.922,115.496,277.055,297.477,210.2,116.925,268.545,85.7815,74.7787,301.295,153.932,
140.531,158.233,112.193,163.778,320.682,202.646,169.235,104.429,94.8044,121.968,302.987,206.273,146.728,356.404,214.808,
117.406,122.149,160.661,256.011,78.35,127.54,208.098,133.579,214.369,381.726,396.832,488.062,163.557,370.614,204.451,
446.725,385.394,417.129,107.593,104.115,191.713,327.084,208.247,260.942,128.813,175.566,71.6099,198.253,226.453,226.897,
183.063,95.5754,367.779,132.104,62.8365,155.82,220.856,258.79,212.121,132.07,82.7849,468.877,198.294,90.9862,131.864,
193.324,646.486,258.087,146.376,176.439,89.4002,386.469,472.392,317.072,238.969,65.027,63.5723,69.8167,266.892,232.364,
109.249,516.146,125.937,107.749,75.597,256.998,109.322,60.7931,225.783,256.811,91.6397,88.1063,97.2187,106.492,93.5937,
261.114,94.1269,76.4765,134.027,67.8262,412.34,90.337,163.933,247.211,239.571,178.025,171.975,111.734,387.105,134.981,
289.907,146.892,74.9646,238.173,162.648,368.388,173.571,301.658,165.559,240.965,72.2327,132.989,157.966,158.279,283.247,
270.771,227.295,142.904,530.222,216.409,106.9,87.6789,88.7838,144.456,459.98,67.1307,212.149,294.396,279.974,255.152,
162.332,213.108,255.642,67.4666,130.924,428.569,316.213,521.411,435.349,82.6952,391.916,135.48,266.079,121.141,399.189,
328.717,209.772,105.505,270.48,122.869,124.446,323.858,124.14,70.104,189.211,66.1512,104.624,409.025,298.38,264.29,
215.861,64.6147,214.776,188.062,302.951,265.002,131.031,108.719,187.113,96.8567,184.164,151.142,99.0422,363.412,467.184,
364.415,226.176,100.373,160.515,223.954,214.587,166.92,168.658,202.767,252.711,93.7475,558.112,165.261,77.9356,271.453,
104.549,99.0923,206.723,329.525,169.336,131.887,95.2856,330.378,249.653,157.14,340.215,477.116,333.245,233.996,251.939,
87.8229,183.243,94.621,158.4,71.0344,62.8553,93.0959,350.658,79.6612,172.476,243.807,143.546,343.005,136.339,327.68,
82.254,274.121,372.377,330.081,59.3284,81.2289,165.164,84.583,97.4432,284.519,152.633,82.8529,190.896,70.6824,108.033,
314.075,118.042,154.544,63.03,105.228,327.673,240.786,152.234,253.235,233.138,393.527,519.849,445.013,149.727,116.295,
575.117,56.834,90.3187,255.037,176.245,86.442,434.197,189.568,89.3947,483.582,69.2158,126.051,129.277,121.453,117.674,
124.741,93.8509,362.062,195.654,174.248,320.006,325.8,71.7975,347.7,73.6735,77.5305,56.398,453.125,131.289,337.156,
141.117,97.1577,128.883,291.156,345.573,58.5958,187.226,55.4292,278.909,178.119,106.056,176.578,141.533,180.677,128.967,
114.958,79.8878,194.936,128.483,286.593,212.064,268.021,181.025,64.5361,159.527,65.0829,279.246,91.7017,152.936,96.8121,
148.097,102.734,98.5827,123.24,123.418,72.3207,59.5284,154.069,101.832,109.085,65.1059,105.779,81.8096,267.129,150.982,
158.709,203.213,131.504,82.6616,137.253,108.641,155.81,307.99,83.5068,93.7197,77.5395,62.7845,139.655,108.467,252.815,
173.458,154.187,141.729,300.217,223.646,118.11,93.7369,389.715,143.319,254.182,170.39,65.2096,77.5443,216.264,269.367,
105.221,89.0898,56.0948,115.093,241.473,68.5236,112.903,152.366,293.928,182.78,120.395,140.957,346.412,82.4125,73.5369,
244.614,189.137,142.454,165.035,73.5828,172.298,125.465,122.924,73.6565,139.91,168.93,103.597,249.006,81.147,487.381,
119.931,231.293,571.253,94.2031,97.3687,292.547,84.8257,98.3986,191.805,203.875,352.355,169.026,127.934,246.679,78.0953,
89.7773,119.098,123.16,79.6967,281.658,81.6923,116.713,264.242,184.551,353.878,56.2791,171.913,80.4149,196.967,106.53,
138.179,439.853,153.731,151.259,117.051,111.44,225.656,141.948,135.294,280.524,160.102,382.021,157.619,151.994,87.5728,
233.388,91.7359,155.156,57.968,207.072,207.606,144.718,79.9773,172.581,77.6449,122.314,93.2145,73.1251,111.033,62.609,
642.671,65.3992,207.721,75.387,192.393,308.704,71.4581,65.8615,281.413,77.4311,299.813,208.302,155.131,95.0306,78.0911,
347.662,136.039,97.9723,259.74,61.26,191.851,210.491,130.781,416.348,169.477,192.701,72.2938,164.587,71.6956,159.477,
373.135,137.995,205.679,109.95,237.232,65.8473,267.862,156.371,229.947,198.249,80.2263,234.257,95.2735,484.294,99.5387,
137.091,95.8015,54.1112,129.585,161.54,65.6006,61.7015,68.5352,228.559,54.1838,131.727,84.9583,91.4918,196.088,291.597,
135.676,235.355,196.887,186.994,217.69,310.317,315.552,195.133,104.625,261.393,69.7694,98.2508,52.5103,61.1982,82.2423,
