424.199,266.496,587.341,320.564,322.72,640.841,682.173,406.171,53.1268,660.594,271.416,454.091,595.582,649.983,216.091,
50.223,96.6447,317.761,298.73,246.29,270.345,301.984,209.557,250.559,224.369,294.382,305.808,438.195,320.941,103.21,
51.6793,169.114,398.9,323.064,498.049,282.353,382.894,85.63,313.018,210.992,194.269,257.644,161.284,175.585,143.286,
90.7852,122.787,240.899,216.841,58.6536,80.3319,66.359,188.217,53.3656,105.859,182.589,54.732,97.4163,394.142,96.4292,
63.5846,86.3245,95.0694,74.2503,166.346,169.826,53.6514,49.696,78.1545,65.294,151.472,62.8042,346.798,51.66,215.628,
54.427,57.4624,57.4201,61.2801,56.3391,47.8651,50.6939,242.702,50.5002,270.748,190.794,53.9401,54.3946,46.9225,50.0259,
56.9779,50.0221,47.9786,62.7629,47.4405,50.3043,51.0991,47.0349,50.5264,166.865,49.5142,46.0547,424.752,48.677,145.445,
48.424,49.6749,171.38,90.4539,46.2592,65.4436,182.169,76.1427,52.0082,88.0296,46.4669,159.688,55.384,48.8764,54.2709,
98.171,66.0566,47.9138,51.2335,51.1954,67.374,52.744,252.086,54.2475,55.5598,280.046,56.8913,56.3461,53.3847,149.173,
52.3155,61.273,51.0408,53.8993,62.2923,48.1574,48.7936,50.5847,52.1351,50.403,144.33,104.863,56.092,58.9966,51.1883,
118.716,48.717,93.111,57.7042,57.5698,111.769,64.2912,57.9117,240.486,55.0814,58.9744,91.2145,53.8419,128.337,150.517,
60.0939,55.6296,73.7868,53.3815,54.9487,79.2053,302.465,176.897,50.0038,45.498,51.6318,87.2521,72.0191,68.2849,54.7528,
47.5017,89.5391,101.746,84.5933,47.1001,63.4847,69.9478,57.7392,50.1123,50.3672,53.1656,91.2282,63.9686,96.9894,99.2497,
92.803,49.5053,50.9406,54.8423,55.5822,56.241,288.033,48.7435,53.093,48.308,50.3309,45.9375,78.6933,66.4904,63.1968,
48.3623,59.4589,57.4253,180.04,237.782,50.1095,53.479,56.0516,44.9783,71.5918,283.937,49.5187,67.5968,57.1922,47.6656,
64.3014,67.093,48.2306,57.5832,51.8335,78.316,46.3079,53.3398,219.902,51.7592,49.7281,51.3743,50.734,95.9825,53.0542,
47.4706,51.9542,63.1267,67.4264,57.2493,81.0692,55.182,51.1138,50.3238,262.539,48.2234,61.2584,49.6505,52.5355,50.533,
182.281,49.8592,51.4049,49.1526,54.5286,58.3526,47.6177,57.8759,48.8211,52.8955,58.8858,51.9443,50.3125,358.722,63.9231,
48.5633,56.3744,49.8082,61.4959,82.0609,50.8079,59.9774,369.099,60.8608,94.1164,46.7222,65.741,54.7004,55.7261,50.6014,
54.6934,172.827,77.6506,46.7638,74.1798,57.5098,49.3958,60.0448,53.422,50.1446,47.2949,392.202,53.4874,61.5765,412.647,
76.4763,184.68,58.8839,187.246,53.4808,548.155,57.0792,47.4775,47.7245,55.2901,66.4022,49.1384,52.3769,46.0868,309.667,
47.1422,60.3129,95.0626,51.9884,49.8211,52.7661,52.1222,59.7897,143.445,141.085,61.1942,53.4967,109.12,57.1741,242.427,
51.5675,53.6688,55.3939,64.6994,47.4776,62.1737,45.5931,54.9945,48.4559,55.5317,54.6147,77.0985,48.8174,55.8202,240.686,
69.4981,50.3026,65.0289,110.768,54.8989,46.935,44.7419,56.3355,543.71,48.1849,61.3124,220.47,52.6436,55.0032,112.737,
57.1094,70.0568,57.7254,61.9474,54.6778,415.751,56.8629,156.177,46.2415,58.0455,51.8375,47.514,49.2746,71.6387,211.782,
50.8582,55.2818,49.7419,42.9239,182.983,102.597,44.462,420.168,51.6926,59.2544,50.9634,47.8878,229.193,64.8028,47.1005,
56.5635,55.3264,57.8673,44.6014,56.6612,45.6094,54.8349,59.6009,54.556,349.978,45.9019,48.0543,62.0932,48.5037,52.2683,
46.5035,55.1359,49.8133,54.1488,62.3808,48.1106,45.928,187.4,51.2006,60.594,50.1867,52.774,67.0973,53.9792,65.4319,
49.4051,62.8969,49.114,153.294,53.1856,73.1986,50.4064,53.7204,45.1384,62.2095,50.5016,163.599,55.5481,63.9611,194.396,
53.5689,54.7646,72.9812,54.8166,47.8847,206.509,99.4378,49.6223,48.6794,49.2584,272.364,48.1616,285.624,57.901,54.6047,
57.8057,51.2551,161.24,48.1547,48.0026,51.6389,52.0644,52.7371,56.8087,54.9967,59.5878,52.7153,55.3171,56.236,43.9764,
63.4508,51.185,84.5544,48.8697,51.269,64.5388,49.4631,47.1121,60.9922,55.5819,46.3409,77.4345,47.058,48.3114,51.845,
48.2403,65.1248,133.988,75.5272,44.3894,53.6987,45.9753,126.633,48.7738,69.2763,50.4558,50.5862,48.9682,46.4088,49.4089,
69.5003,248.741,56.1585,64.9665,57.0525,176.054,57.8069,46.5477,59.2646,50.4317,224.718,49.062,52.8004,59.3607,54.744,
46.6328,58.9913,49.0574,52.8272,57.4487,66.1613,51.8204,91.5881,50.2948,52.3915,46.9471,65.6879,44.2274,52.7947,55.8049,
55.9888,50.0684,77.0913,51.4908,164.847,73.5435,68.2965,46.808,309.026,53.6709,52.478,266.207,59.3521,52.8694,262.1,
49.51,72.4234,80.7548,44.6246,57.4068,51.0713,102.788,47.224,73.0393,52.1098,46.5854,51.8258,159.167,48.7249,62.3446,
56.8786,48.3012,158.148,53.8133,56.7944,66.372,45.3282,107.361,49.2785,204.449,59.6439,46.7063,46.5837,49.406,64.8561,
50.6578,47.3466,57.2162,47.2957,49.5853,47.0938,52.4138,70.3694,54.9583,50.3468,55.1707,48.9844,55.3292,53.0173,212.168,
44.7706,293.307,55.2796,47.5032,64.0413,54.0506,46.7456,53.3758,56.1584,49.0639,61.3318,49.7687,57.4451,46.3961,51.6189,
47.8522,65.4081,55.54,143.004,45.1068,55.1881,53.7481,50.3934,254.832,187.093,218.195,44.6617,49.0326,58.5599,45.9284,
113.95,56.5525,56.4713,63.3328,48.0021,53.3511,59.0635,48.5871,45.3018,48.4273,72.1916,49.8085,66.8853,259.873,51.1301,
54.7287,46.6418,49.6367,54.5902,52.1237,47.6193,48.5504,89.1278,64.4234,50.5515,235.619,50.0312,47.6971,53.0024,53.1723,
257.608,50.2747,64.3438,43.9759,47.3461,46.8129,67.5852,52.2111,49.8937,58.43,59.0546,57.9249,58.5771,47.2329,54.0663,
52.9985,48.6532,101.858,212.172,50.5704,161.706,47.3437,45.6327,47.6535,52.8294,47.2685,63.9917,73.1709,47.1703,51.1559,
46.0255,55.2644,55.1568,46.85,199.231,61.3306,49.6676,50.1675,145.951,49.5078,212.774,233.353,156.271,231.268,45.2375,
55.9401,199.167,56.7741,58.9107,50.1701,56.8788,57.1461,52.8599,51.5033,146.579,49.3886,52.7305,50.3227,430.467,58.2851,
55.8059,49.256,58.4196,70.0243,253.218,46.304,58.3222,236.346,57.5326,53.8629,55.6462,51.3403,50.8714,49.8177,47.3919,
48.0216,49.9975,65.1976,48.4041,47.6698,47.4027,63.8043,48.2212,49.0664,50.5185,51.928,55.7608,46.5939,50.0879,50.9107,
46.8762,48.2225,50.2549,52.1374,59.4488,80.0056,53.5891,248.67,65.1665,63.9939,55.9376,66.7294,289.797,46.5498,51.6558,
58.1902,59.6377,51.9476,52.6309,48.1465,52.4614,71.0983,63.0069,47.4507,48.2018,54.6512,63.4249,301.25,47.5161,49.0857,
54.4518,46.9471,47.8897,209.503,66.5961,48.4775,52.8812,46.676,49.4723,204.144,70.3428,44.3284,47.0843,49.8668,46.8551,
46.3687,54.5288,49.4209,219.725,45.9472,56.2314,44.187,56.5296,52.548,43.3075,53.749,271.306,48.7401,258.988,45.5213,
48.7285,48.2443,52.8547,51.208,46.2593,65.2241,47.6542,49.2776,53.4439,54.0617,154.195,44.5749,45.7815,130.224,51.6598,
79.5898,51.0239,56.7046,47.6821,48.486,49.3434,66.617,75.8857,54.3165,46.9748,51.2346,56.5792,329.24,49.8746,52.0911,
69.4995,56.2768,56.3143,64.2719,52.3535,53.3977,251.975,217.021,55.1462,44.9828,45.9318,46.0205,54.6905,47.8894,48.168,
45.8927,45.3837,48.5705,65.6662,103.165,67.6394,49.0441,57.9834,51.2057,45.2538,54.484,57.4926,45.1017,128.946,52.9422,
158.272,52.0253,46.7285,48.0874,58.4216,78.2716,70.9548,270.208,223.189,45.4345,48.7777,49.9218,47.4891,53.9711,47.1177,
187.201,204.474,49.6382,44.294,42.8687,47.9257,45.9367,59.0549,68.4934,57.5267,48.6876,49.93,140.334,82.1453,76.6135,
254.209,61.3953,46.5009,53.7471,46.4596,56.1894,62.9814,47.5708,67.2793,47.4576,55.259,132.69,296.221,45.9037,614.446,
42.9137,45.8816,44.5611,50.3008,53.3339,51.8427,45.1267,50.334,51.861,45.9312,60.1063,62.4652,45.5359,55.7473,52.0921,
51.356,44.5151,50.4755,65.6414,64.193,58.0615,66.5563,55.5558,48.41,52.5869,51.8587,49.4343,91.4727,96.9771,53.5058,
50.3996,114.13,44.1295,64.0659,52.8761,58.3853,75.2452,46.2341,87.9901,53.6336,57.83,86.4442,49.8824,51.4932,44.3853,
46.8385,48.5792,46.9408,50.3819,57.6124,52.7042,140.336,57.8774,62.2043,56.6002,54.292,124.517,262.948,48.8718,64.1573,
50.3284,51.9806,49.9643,50.9697,48.7888,47.9496,46.6157,54.9574,60.9507,59.5306,44.8177,57.7472,64.1276,53.4936,59.8817,
48.3681,49.7119,58.6113,59.049,272.36,57.1905,44.527,54.4671,49.1804,55.2833,60.2014,117.204,50.4445,48.0574,46.1086,
83.3354,45.6443,252.339,51.1288,170.591,53.4099,49.7995,75.7805,68.9508,63.8127,66.9435,187.593,142.592,147.599,46.7136,
48.6763,56.0417,57.8434,50.7398,62.8015,47.0753,50.1103,311.449,50.3374,71.7715,68.9733,47.5511,96.1181,64.4081,50.6919,
93.973,58.0001,46.023,282.258,46.2923,46.1084,50.7286,164.863,47.1426,52.0421,46.7403,54.2058,54.2776,193.696,59.4724,
49.9163,60.4899,55.6416,52.5598,58.1419,61.0537,48.8624,52.9421,47.2729,179.639,55.2254,54.8172,46.841,71.1136,69.5983,
51.4562,59.2726,49.8168,45.3048,44.6595,44.1408,60.3331,72.4295,48.5935,57.0525,48.7795,59.7476,54.8547,59.3662,54.9056,
192.236,53.6069,52.2017,52.2749,46.5634,425.422,81.6606,54.4007,63.9338,61.4666,53.3527,52.3222,53.3594,55.8662,50.1326,
51.4251,56.5122,44.5739,75.2811,61.5336,46.3009,50.9909,153.345,52.1317,60.049,57.422,52.4327,99.3847,80.7466,56.2747,
263.776,47.1133,463.912,61.4367,60.9276,140.609,44.3846,47.2178,45.7967,61.7922,49.2389,48.1878,420.959,48.4381,62.5971,
60.0255,51.8156,55.3594,60.3757,46.1819,424.012,51.3971,45.9844,58.7574,51.6113,47.8798,51.1486,51.5707,238.228,91.4177,
