456.669,730.494,339.839,505.952,127.395,594.714,648.585,368.061,341.564,85.6107,705.842,256.261,376.579,298.399,344.133,
191.09,297.462,277.354,424.678,268.147,333.072,436.467,488.003,207.226,428.987,303.501,313.135,359.853,404.625,523.221,
396.573,234.388,294.862,273.943,390.214,696.213,410.232,316.059,592.903,580.857,246.075,126.851,456.735,127.796,136.528,
201.524,215.562,356.902,147.312,289.83,87.3469,417.972,146.827,297.055,172.244,414.812,200.024,96.8754,292.259,74.6276,
235.319,91.4021,67.0721,233.547,215.41,148.258,161.746,163.772,531.39,82.207,84.3879,65.825,405.087,282.176,386.798,
94.3574,86.9722,135.534,127.484,120.396,244.189,107.83,59.853,161.535,206.771,280.418,171.866,156.994,98.8207,124.586,
122.743,85.5613,145.983,151.162,220.757,266.972,148.115,176.296,147.513,283.048,105.746,103.121,55.7609,99.802,71.3669,
183.167,89.7901,84.2677,122.172,652.231,88.693,238.904,66.288,418.186,68.2082,200.008,145.418,76.4341,191.825,134.664,
182.817,99.7501,66.5271,100.203,68.6085,69.9373,123.227,286.574,270.529,64.8769,360.796,118.487,498.62,415.809,132.863,
79.1891,137.151,216.264,70.3786,356.244,254.053,252.145,299.875,464.845,90.1479,196.802,159.261,55.7696,363.794,176.918,
162.243,119.789,162.932,90.8541,67.7175,135.307,266.866,408.22,276.866,68.4697,288.853,181.59,243.138,55.7417,93.9382,
59.8799,104.257,70.3182,55.0367,158.163,138.723,71.4382,124.013,169.831,153.407,82.9804,63.9547,215.536,54.1251,67.2572,
204.71,322.533,157.078,133.616,311.903,86.3412,127.871,123.967,212.616,204.718,64.0616,183.114,119.924,63.4026,329.019,
234.237,89.0395,194.136,235.907,102.517,104.908,157.377,105.723,150.746,209.054,385.201,94.8271,449.484,60.0573,97.2626,
114.346,146.17,95.191,94.7712,375.66,255.156,63.0161,210.561,392.351,204.137,260.488,121.845,549.749,58.3706,381.357,
64.0078,248.027,94.3967,180.386,84.9129,289.094,69.5523,246.038,173.767,242.63,286.338,385.479,321.574,155.146,295.287,
223.086,322.344,86.4446,190.397,529.954,69.797,163.808,63.6449,287.858,133.046,161.2,56.7874,202.794,163.99,73.3146,
192.559,61.4505,82.0285,144.955,156.33,60.4556,129.648,109.896,77.3999,298.377,156.461,128.638,402.585,280.962,60.9314,
175.851,240.921,76.8935,141.177,68.5314,445.887,340.869,114.367,124.538,168.952,92.2328,138.954,169.194,156.635,103.907,
106.059,126.436,194.021,71.7728,59.4159,444.083,65.5031,163.932,131.04,159.287,291.94,428.039,255.547,63.3217,181.252,
97.2514,147.505,51.0897,541.871,163.054,188.228,188.74,153.446,362.383,106.325,136.626,64.6437,254.651,114.865,339.87,
453.563,186.888,126.979,140.676,224.593,63.2599,239.299,218.667,653.117,106.379,180.988,57.8678,61.5075,248.847,130.405,
65.2037,62.5517,320.259,261.389,127.951,248.58,243.629,59.7359,204.656,63.2624,54.2929,57.0613,223.057,138.233,93.5198,
205.029,178.011,68.1068,51.7311,178.276,116.693,113.054,374.184,57.7257,298.674,197.28,56.974,489.036,369.619,76.8204,
95.824,169.573,65.0212,238.391,58.1093,280.648,203.519,206.048,153.544,124.29,181.826,93.1735,92.6589,295.975,112.213,
82.5846,62.0254,86.5399,172.361,99.7516,75.501,113.252,124.422,269.136,71.7825,305.715,287.095,59.4868,124.249,59.3896,
261.982,326.81,154.487,264.884,54.2129,429.4,59.8176,273.926,195.909,189.944,132.669,135.688,58.7045,71.8499,253.851,
336.106,112.55,102.83,138.236,304.046,208.612,177.646,62.7163,166.271,138.177,255.029,108.759,163.408,133.386,78.1534,
184.523,246.702,344.85,573.733,92.0085,141.499,200.978,91.2867,126.131,86.1078,382.947,68.966,64.3075,179.381,140.175,
515.65,318.132,81.2657,478.335,99.953,147.681,65.0648,181.566,101.955,119.729,101.688,350.572,95.6161,100.764,74.5528,
60.1705,159.622,77.9843,66.6889,188.212,122.255,150.101,79.7309,213.344,186.296,82.9589,222.202,78.4417,275.999,68.317,
309.498,116.687,461.608,63.7545,213.91,154.873,90.6643,165.21,77.2084,96.6832,150.2,78.0273,160.758,444.057,189.898,
140.66,153.625,71.6903,87.2403,65.3318,287.995,197.387,291.096,107.379,59.7765,125.916,116.709,119.44,151.188,269.097,
89.2031,58.7793,214.291,144.619,196.376,68.8924,60.0497,87.7389,79.1135,118.756,71.5266,565.765,249.214,167.864,125.083,
368.43,105.728,329.734,114.163,101.279,280.43,127.867,135.991,258.562,327.239,337.296,165.082,57.0875,140.046,73.2362,
74.8404,189.639,386.097,129.007,93.1491,118.428,69.0847,180.885,160.761,134.91,354.612,177.402,164.692,138.774,506.223,
103.022,68.0784,135.731,279.793,135.343,58.2528,170.342,66.3059,64.6585,110.173,135.386,124.652,265.38,124.243,198.304,
85.85,266.828,438.957,57.1229,69.4014,105.294,329.415,187.877,82.9136,188.357,76.5776,73.0429,60.3248,349.988,54.4238,
60.8311,85.1997,113.525,56.0881,332.467,321.191,144.286,67.0736,63.6996,150.78,74.2672,198.444,89.4941,101.631,141.532,
202.598,311.072,277.618,131.519,140.883,99.9134,305.276,396.435,84.4954,91.6456,261.247,66.1186,144.382,55.1864,158.142,
160.582,65.5141,69.8874,75.7047,80.0763,220.391,392.788,66.9002,221.405,66.1684,69.1373,178.935,114.615,126.307,78.9412,
438.226,260.577,56.2218,123.206,92.0281,60.4257,280.704,73.5511,357.378,122.45,88.9371,189.258,151.561,150.92,120.785,
117.508,68.5288,95.1139,180.15,72.5409,130.015,239.407,65.3234,67.9368,92.6415,70.5732,60.2653,96.9947,84.3409,100.979,
135.26,151.123,215.456,338.419,485.027,354.451,135.292,127.925,420.533,114.162,221.345,184.601,141.913,250.487,393.613,
326.859,267.167,300.715,125.309,468.55,156.799,574.621,423.07,471.398,152.176,171.014,153.184,311.986,245.02,64.5337,
407.153,353.616,120.217,76.0463,67.6348,69.4867,84.411,416.153,62.5888,231.512,203.517,79.4198,92.5982,66.2835,316.621,
146.279,216.939,151.253,303.051,196.452,85.8058,95.4165,343.234,109.982,370.027,136.415,87.9908,56.2932,64.2296,160.14,
72.1966,225.794,535.549,62.4053,75.3769,124.971,81.526,230.489,66.2354,421.075,247.399,172.586,159.843,116.465,54.974,
394.013,85.6976,210.719,60.8285,68.3402,144.247,260.358,224.744,248.434,76.0722,319.93,286.54,338.199,73.6132,80.1148,
105.401,273.717,142.245,142.636,73.7387,162.762,127.559,135.08,147.701,362.327,136.283,494.84,58.8687,73.8958,62.9516,
62.3815,522.785,165.768,71.634,75.9165,152.037,56.1503,451.435,121.453,54.7974,65.5068,65.2435,338.393,74.3777,359.857,
183.499,78.0048,107.39,66.386,119.916,80.4184,148.065,235.945,65.3534,105.96,96.3981,67.2851,101.686,90.0826,170.431,
216.637,199.561,127.053,113.344,230.316,58.523,134.015,145.842,136.33,143.897,82.7491,93.1315,318.348,76.1329,128.569,
422.745,66.0414,75.925,122.634,128.4,141.318,283.091,276.017,63.7263,504.207,68.632,189.964,184.751,171.64,221.673,
86.938,171.659,62.0112,116.734,158.438,447.38,66.9603,433.925,563.935,104.329,73.741,139.869,128.07,339.903,66.5729,
80.6291,90.1825,228.608,121.035,267.244,237.554,160.007,61.9441,144.077,253.912,65.0353,118.918,232.242,117.909,250.861,
369.43,169.004,133.069,234.716,62.8794,170.831,273.415,162.569,114.333,428.4,95.4413,537.832,413.415,164.714,186.796,
118.915,132.746,105.778,425.575,90.1726,97.4094,168.837,190.969,65.957,286.647,395.966,206.703,127.714,133.946,62.6463,
116.167,74.7152,101.602,111.458,68.7209,251.56,151.776,98.0309,56.0475,132.353,60.6674,186.701,142.534,331.223,266.126,
64.8949,60.3659,67.0605,366.533,129.677,212.952,153.052,358.834,239.879,125.39,99.6983,107.84,125.372,111.333,83.6852,
198.693,145.574,57.3033,483.207,177.334,98.6987,118.676,167.921,629.125,65.2117,180.326,64.3799,202.704,141.227,288.954,
76.7899,306.375,143.417,142.752,238.954,57.4132,131.665,161.699,67.1174,60.4474,160.318,133.863,93.6185,143.548,353.369,
214.769,432.941,73.1392,292.57,320.382,59.924,240.869,163.309,112.724,77.9516,90.2939,125.07,297.645,140.333,127.531,
131.822,56.8154,103.664,59.4289,72.4927,68.2247,148.084,342.462,254.877,64.7883,347.752,151.538,130.809,233.675,243.99,
153.904,170.295,266.812,71.6113,323.243,195.177,301.704,316.87,181.695,115.639,133.14,103.632,130.31,312.933,243.174,
349.919,374.271,187.728,198.453,279.708,129.502,126.741,72.4957,166.746,112.631,158.91,205.389,75.9733,138.628,247.574,
189.319,197.663,152.126,62.4127,59.8063,86.4447,116.607,89.6541,184.466,82.9102,192.069,282.052,285.096,88.4407,216.948,
129.532,70.1299,118.472,137.35,160.45,516.133,84.0586,187.234,72.722,141.148,118.063,225.071,63.0303,77.5327,179.287,
176.696,222.827,152.373,132.443,60.9087,273.403,200.078,157.563,81.2859,164.55,169.174,256.749,163.16,108.563,179.469,
75.5951,265.306,73.2436,183.579,243.185,227.8,155.799,300.587,73.5152,209.317,192.03,143.611,162.182,243.191,464.811,
144.61,331.827,306.752,209.692,207.196,161.052,255.302,107.871,284.484,72.1898,70.0891,208.53,133.987,166.223,71.6451,
69.3591,156.526,203.686,228.503,518.127,110.252,128.465,304.577,142.185,450.815,90.6065,223.288,156.161,265.157,284.708,
61.0065,192.648,295.404,176.964,145.185,74.3754,434.199,94.2989,293.053,85.2353,182.794,239.21,107.462,91.047,317.251,
90.362,216.23,457.602,92.5861,95.4558,234.912,435.857,91.3123,279.511,63.3663,64.4397,68.9237,58.1741,57.8981,71.3818,
56.424,199.371,63.6955,529.024,72.0827,416.964,70.0649,88.1622,59.2954,125.951,200.817,63.4847,94.1088,483.805,58.6306,
