404.778,547.75,274.2,542.785,619.862,187.02,333.225,522.17,412.956,576.903,332.013,510.521,453.156,321.137,387.478,
146.33,319.121,568.402,257.744,508.381,552.677,137.587,535.156,256.153,353.352,598.212,572.252,614.25,151.271,243.594,
353.543,167.621,228.614,205.384,378.046,179.379,213.616,531.767,296.509,591.142,116.399,175.8,394.649,190.195,546.185,
568.917,81.1406,177.789,452.224,169.966,498.638,423.622,102.775,225.17,649.248,106.4,649.405,103.606,117.472,281.138,
131.257,137.745,230.423,422.007,262.338,201.189,195.874,124.663,156.613,335.615,465.722,380.495,133.978,88.2003,241.899,
350.37,263.551,395.224,302.095,159.94,208.643,112.341,378.026,399.844,399.293,217.12,682.546,162.181,107.078,190.291,
77.9746,64.7109,107.47,545.356,274.261,360.97,114.858,679.96,243.268,63.5907,107.806,581.27,122.81,479.545,174.789,
121.38,380.801,116.454,158.038,188.481,354.119,119.365,92.1007,325.49,105.396,115.492,126.568,92.8491,63.4048,402.703,
375.196,149.084,87.0453,241.131,72.7672,113.37,334.536,325.773,250.445,115.684,352.987,185.963,495.371,331.578,308.371,
206.293,174.589,74.0305,253.215,161.439,246.659,67.1677,65.6266,97.2529,191.725,71.0217,76.9247,168.374,186.506,205.301,
227.108,209.917,202.575,292.297,273.746,196.117,160.238,199.39,183.4,64.9952,81.1928,481.075,66.714,137.467,89.4889,
94.6536,198.488,113.613,126.725,107.583,137.71,94.9535,183.043,292.473,309.581,222.118,152.364,119.468,441.836,193.576,
118.998,64.0541,153.726,164.641,193.431,189.308,262.884,361.998,177.866,465.708,102.062,113.314,266.046,160.654,306.136,
124.536,542.457,186.776,90.0295,134.51,80.7334,207.433,126.032,216.299,135.81,60.2166,142.17,138.185,325.481,205.76,
104.894,218.295,300.098,182.162,65.6206,635.127,77.1093,160.295,247.996,116.657,200.121,140.113,650.289,256.153,387.639,
363.972,123.084,155.177,96.7415,229.413,198.834,342.637,131.917,94.3443,259.179,194.096,208.014,274.782,166.809,66.6067,
83.9872,166.008,226.84,340.771,79.0214,278.605,130.216,68.0892,78.3717,536.702,285.944,150.076,145.659,492.279,208.337,
250.028,84.0629,68.3557,62.7929,162.805,196.702,143.921,92.378,60.1801,241.502,99.8794,59.1126,186.96,103.058,336.932,
54.6707,61.0109,417.748,158.743,98.0254,190.121,296.022,216.558,125.126,132.998,505.68,269.225,140.164,126.326,344.183,
257.117,61.471,304.201,161.287,162.779,309.728,113.848,90.8244,174.054,144.564,260.44,199.525,189.493,164.694,117.94,
257.869,214.35,120.755,182.64,183.356,60.3155,206.83,293.485,228.504,476.088,343.443,58.0985,116.458,152.235,103.202,
291.495,154.363,158.623,212.653,130.39,54.3856,210.905,156.886,331.545,364.729,278.831,308.556,182.697,153.99,302.135,
65.4967,114.375,73.2721,138.634,239.38,310.527,61.0328,107.947,61.83,162.667,193.492,69.7133,59.8749,166.132,429.63,
302.046,74.0124,198.501,66.7445,440.684,268.707,276.147,241.166,169.31,223.533,88.5427,116.439,62.571,218.955,70.6069,
57.4011,349,163.603,56.8156,153.369,132.573,52.3275,118.823,64.9074,116.661,152.819,56.1951,307.245,177.547,137.231,
99.8853,302.3,137.384,201.67,176.661,264.249,348.593,162.616,73.4644,81.5083,150.384,518.731,222.547,265.575,132.997,
67.4925,76.0099,161.116,62.6307,61.89,150.233,66.3592,93.4583,216.772,211.659,379.921,288.362,89.5031,76.9545,122.119,
166.521,255.897,154.495,98.3591,63.6568,105.057,109.148,58.2467,183.29,158.082,114.555,244.614,55.0941,70.8973,225.074,
203.233,52.7593,139.728,317.049,131.839,463.203,282.982,109.081,105.833,163.269,75.2005,194.575,93.7123,70.4624,259.056,
273.142,149.58,113.443,90.1524,149.823,212.818,203.765,62.2386,61.667,213.198,60.1225,120.909,214.433,87.6617,84.6837,
304.049,70.1094,131.084,192.093,71.1174,118.592,65.5758,143.911,118.442,405.549,92.2036,125.639,137.251,396.354,199.701,
56.3897,58.5838,132.657,61.5914,73.3794,68.1604,60.3274,408.081,349.843,91.007,111.093,149.127,64.8455,154.282,178.585,
59.7276,137.162,111.252,253.151,71.176,62.5834,566.73,156.964,96.7926,57.5063,203.22,57.8796,156.273,127.619,122.06,
95.9169,147.727,291.848,490.786,228.455,168.481,92.8138,141.133,188.896,238.729,489.693,257.514,151.697,321.695,106.034,
470.697,515.176,53.5164,289.451,291.922,468.688,64.2726,129.221,194.209,215.26,173.407,63.226,173.138,417.878,97.4554,
60.329,73.5721,68.2774,92.5774,146.935,144.23,100.195,68.487,326.371,61.1943,88.1128,241.893,110.418,279.822,397.086,
75.9143,88.7446,134.447,388.249,188.785,129.978,107.374,65.3252,345.894,319.104,305.699,392.479,107.152,73.0378,100.792,
294.859,283.172,220.354,255.48,163.155,66.0343,79.2678,89.7043,57.2543,82.0001,379.018,201.376,189.456,91.8603,188.698,
390.175,115.163,177.435,134.604,72.3538,336.209,272.588,80.6985,355.244,121.509,438.503,66.6255,163.196,265.22,64.6618,
76.3932,396.37,64.7521,382.594,161.146,65.5629,70.3432,200.513,309.299,527.238,89.201,203.018,58.8112,240.582,177.287,
211.145,96.9247,156.176,67.6192,139.399,271.108,58.1455,58.3227,97.7096,536.84,154.411,383.348,61.5854,186.858,60.6932,
126.61,169.101,57.9576,63.2053,207.438,260.294,546.111,355.529,73.2876,86.8639,220.97,453.991,113.562,115.954,264.277,
63.957,162.401,249.373,179.429,125.232,267.904,114.412,95.4431,210.575,63.1037,95.2462,106.192,293.616,101.03,100.45,
142.016,64.8525,76.9663,377.653,143.264,188.396,152.147,337.38,337.213,113.827,55.476,142.611,456.283,112.487,285.874,
106.844,130.837,57.0801,65.1956,132.994,130.206,108.867,67.4686,216.383,201.61,66.5634,73.1171,408.054,251.62,333.841,
316.715,228.944,270.095,203.606,279.308,165.065,139.45,140.202,156.456,365.928,95.4189,63.3215,64.2451,77.4606,120.501,
213.973,179.762,81.3863,147.932,70.1862,178.828,61.6734,168.308,434.161,165.492,135.457,132.884,194.439,80.0029,177.351,
133.071,253.318,85.0275,110.821,61.9439,162.836,273.393,67.4125,311.285,104.795,203.177,100.044,148.587,142.202,86.053,
113.007,65.5026,61.1352,81.5512,432.472,54.6877,381.232,101.631,104.204,182.323,92.8264,102.921,63.3486,179.792,187.026,
73.7507,72.3844,210.738,257.949,64.1143,58.2469,226.328,65.3989,102.922,238.269,292.575,369.291,198.521,125.7,84.4695,
145.026,106.445,198.173,219.471,381.966,106.653,79.1881,85.6172,58.8956,134.584,64.3206,153.376,269.27,255.198,129.006,
116.552,200.743,69.518,72.5001,169.591,70.5888,253.96,112.583,190.117,171.238,58.4507,295.134,329.678,128.642,66.2604,
72.6539,92.867,191.369,120.667,340.991,150.84,85.6247,152.907,71.7589,96.0175,454.743,168.196,235.247,70.3942,274.14,
76.9692,290.199,225.368,234.159,55.2948,93.626,93.1875,98.8565,412.85,180.702,262.696,162.622,261.089,257.217,176.292,
374.295,109.952,180.521,289.504,112.48,83.6406,83.403,145.313,53.6304,73.1829,190.543,147.027,197.421,58.3431,94.8091,
159.833,60.1085,69.7052,104.96,85.1234,165.814,74.2019,168.282,121.675,203.642,353.462,222.295,102.021,254.866,73.9162,
178.777,155.898,187.397,98.6232,67.6013,112.396,105.396,79.9827,73.1595,212.108,64.9341,63.0759,57.1771,118.144,187.722,
404.127,100.091,196.038,312.141,254.159,60.9513,297.241,92.8227,68.8682,121.203,245.557,106.147,289.107,171.187,110.705,
168.862,185.073,181.996,130.268,77.7114,61.7661,60.6772,152.779,106.204,455.405,488.438,123.405,387.153,63.0929,84.4404,
99.4375,55.9415,133.76,313.335,89.0789,406.644,176.515,216.341,90.1029,167.607,62.2177,118.434,274.701,70.349,135.639,
90.1275,70.5934,246.306,258.593,108.517,61.9722,109.858,107.491,65.3405,203.674,288.257,254.978,287.239,101.678,267.619,
161.558,251.982,160.753,66.7334,117.72,66.0007,59.5342,114.696,205.889,56.1478,107.811,181.616,246.05,65.5471,235.619,
118.053,57.7095,466.681,63.7405,85.996,62.1587,255.244,112.768,61.6987,489.153,68.8682,175.21,249.719,412.711,160.906,
261.831,170.402,153.768,122.586,336.83,62.1242,118.001,305.901,217.906,65.9543,253.685,77.7286,100.489,68.7618,613.851,
70.2043,134.61,101.297,100.867,212.816,86.9485,82.1598,138.036,163.81,292.78,59.322,149.584,163.376,327.899,288.627,
151.668,58.6584,61.3705,276.259,176.041,413.149,104.425,71.6533,202.697,121.55,226.814,115.841,284.542,60.9292,102.358,
133.813,304.47,73.3998,158.489,65.5008,94.791,224.214,71.4559,173.409,395.903,201.402,378.049,172.574,68.3821,113.354,
94.8816,63.3794,281.395,236.808,471.281,451.074,258.051,68.3725,235.37,53.0654,172.695,363.455,298.265,84.7301,59.453,
276.849,62.9282,123.221,67.8832,59.9814,74.9662,459.618,56.7123,65.0014,176.017,353.16,143.214,194.401,181.9,295.174,
311.802,158.445,229.286,483.13,70.7607,560.272,369.545,181.151,113.642,336.903,118.512,165.489,204.072,202.162,70.6576,
464.084,65.1439,222.489,108.943,113.173,58.1844,412.979,124.965,86.099,144.272,117.695,150.387,401.28,217.466,153.109,
135.295,74.9454,68.1529,156.79,51.904,66.9275,114.667,97.6545,393.273,378.069,116.905,247.647,120.194,70.0601,57.0254,
407.735,280.2,134.84,124.256,536.208,121.981,121.706,232.18,150.931,162.338,334.913,220.695,144.771,157.44,59.3012,
258.814,62.834,133.772,84.5806,143.909,62.3075,336.696,172.471,106.989,237.228,327.172,537.724,62.7349,156.479,162.208,
61.8489,185.954,324.043,252.023,462.274,132.428,63.6558,169.51,76.5455,86.6202,468.939,112.117,136.436,121.875,301.725,
