653.722,377.481,605.629,433.946,557.333,532.758,567.158,621.476,559.483,535.39,441.241,304.914,722.457,545.881,495.564,
510.71,185.908,469.45,511.648,429.531,387.34,486.181,608.415,602.391,534.019,513.542,701.529,405.807,490.432,222.829,
171.569,199.183,359.162,611.466,624.179,620.508,567.668,207.516,510.093,614.48,612.533,508.152,313.816,290.237,258.813,
325.403,501.424,568.224,527.713,500.115,490.137,393.217,394.953,512.503,277.639,532.506,662.237,316.224,317.789,483.112,
490.947,451.385,152.474,393.741,330.476,445.136,576.424,590.44,241.989,443.225,559.354,620.412,481.925,235.906,503.426,
496.758,301.245,575.059,324.522,603.067,699.853,351.088,616.102,432.796,383.862,397.922,371.932,479.818,590.255,618.509,
738.626,518.977,262.497,577.236,380.628,429.994,431.53,266.926,248.819,391.038,597.847,311.174,146.759,264.128,606.696,
683.923,532.737,628.738,503.211,338.508,349.663,237.682,282.95,171.462,194.472,442.879,233.575,300.926,717.618,340.709,
395.943,308.328,310.484,518.681,303.804,199.308,452.859,423.291,561.994,274.399,577.35,229.716,289.909,373.683,345.378,
198.184,357.774,483.935,265.727,397.226,180.937,319.603,327.775,198.772,391.012,176.267,452.893,248.432,313.371,504.88,
218.44,401.073,470.23,616.194,367.95,553.435,518.22,258.627,241.431,402.504,316.816,411.902,299.408,270.328,533.343,
339.171,294.489,543.4,261.016,614.048,312.145,428.094,614.707,305.954,544.669,167.66,176.479,205.023,288.69,174.36,
178.794,423.065,220.84,367.499,494.503,171.734,197.079,436.157,266.783,179.896,202.719,328.414,559.062,560.363,213.266,
536.345,267.424,156.478,216.682,250.305,477.527,233.786,202.715,424.484,277.707,276.402,289.814,560.765,497.015,416.215,
301.445,536.367,220.687,270.968,556.348,321.211,421.318,271.031,183.318,260.652,179.964,212.874,216.186,239.527,280.679,
422.047,161.06,169.266,163.202,238.468,181.426,301.211,443.228,407.887,171.761,250.267,247.95,379.531,351.309,138.941,
329.467,328.654,228.521,312.802,316.381,443.743,568.163,317.196,187.392,544.489,253.583,371.937,141.909,275.39,358.883,
606.781,417.487,184.663,175.642,267.122,278.56,288.491,231.991,180.349,459.455,575.751,579.101,475.656,291.752,449.462,
325.834,301.852,205.266,229.726,263.485,173.375,171.969,294.606,290.694,315.721,176.396,367.656,336.876,563.745,304.95,
425.417,442.696,255.71,449.935,471.948,642.819,409.885,264.104,333.5,186.774,457.955,172.096,163.425,366.322,231.385,
511.326,282.85,214.115,218.929,205.555,198.785,103.692,411.594,637.19,124.049,209.422,460.645,374.076,216.922,268.745,
208.459,292.785,193.341,197.706,161.659,252.873,395.01,453.959,353.334,201.534,396.314,489.004,134.629,302.256,312.023,
260.848,351.758,452.535,417.02,336.183,339.029,199.879,265.962,264.084,210.65,241.857,388.992,208.334,244.013,474.906,
490.561,417.159,249.957,301.753,170.988,333.526,241.304,220.141,455.193,345.945,497.106,425.543,160.526,352.735,323.101,
283.92,449.259,325.715,369.785,183.773,173.381,246.133,234.298,304.577,245.424,259.677,273.416,362.264,408.153,231.445,
363.954,340.541,217.58,408.443,478.967,222.351,192.636,251.753,255.325,209.598,465.339,308.758,273.841,342.574,179.274,
486.135,293.973,278.87,341.537,197.398,366.525,264.09,504.29,289.912,218.315,135.098,235.784,296.628,225.487,317.431,
161.2,274.729,202.084,434.439,474.336,538.77,229.965,192.209,441.896,334.249,430.361,391.039,310.876,247.311,232.511,
345.297,428.55,369.129,155.966,484.523,449.718,156.201,266.985,543.973,634.529,135.449,254.93,208.385,463.773,296.031,
479.061,249.03,357.299,309.843,419.542,183.279,220.915,534.811,490.819,474.748,252.484,258.699,466.376,291.501,551.272,
462.982,562.758,342.981,409.242,279.701,318.469,578.469,540.049,421.059,492.193,313.678,224.685,480.24,275.078,425.407,
404.002,452.961,260.512,513.723,173.96,404.183,480.192,273.065,405.684,413.371,442.798,472.518,232.889,319.086,522.443,
463.143,350.952,385.094,201.242,506.551,241.525,381.812,307.992,282.316,302.076,492.709,209.893,316.159,487.151,99.5561,
159.958,335.469,256.834,261.584,241.56,339.886,345.816,327.691,200.93,430.679,339.672,307.49,199.152,506.822,291.8,
350.719,459.5,154.701,492.595,431.374,253.328,344.237,168.228,398.986,289.725,339.256,219.826,319.855,335.657,327.929,
309.278,168.966,218.341,233.795,219.796,529.858,259.127,243.851,343.822,299.66,484.022,252.67,433.183,180.399,359.444,
337.323,197.064,178.009,334.825,577.152,342.363,254.956,414.302,156.259,231.294,429.292,350.286,326.892,235.538,204.411,
293.816,269.407,279.108,359.726,362.881,475.226,295.749,202.163,355.679,372.821,388.643,217.237,397.655,622.938,292.09,
458.758,181.632,487.27,465.186,303.574,565.461,237.335,653.329,548.989,354.216,315.101,216.49,269.477,520.468,317.871,
524.301,228.273,508.567,231.302,299.004,294.027,408.921,195.414,320.909,301.32,398.602,142.205,362.127,297.225,187.421,
375.807,249.206,299.688,303.396,274.121,511.933,305.352,363.672,265.702,341.388,206.343,217.194,144.638,181.316,203.963,
497.41,457.927,592.544,235.139,443.002,179.559,257.358,425.887,278.662,615.603,316.249,411.31,426.217,381.568,247.676,
458.201,327.633,213.432,277.15,320.987,230.003,235.521,477.034,202.03,249.645,522.988,377.623,572.57,250.594,498.02,
337.35,280.124,209.515,254.787,386.285,398.33,183.593,207.848,512.583,175.396,483.267,278.009,533.018,497.251,149.652,
193.771,275.867,457.985,202.82,343.96,439.332,113.855,395.529,436.423,284.439,271.644,177.569,252.267,215.443,257.101,
222.968,287.19,317.836,412.167,588.394,488.901,422.134,209.779,86.2483,294.525,330.64,222.058,288.756,485.262,195.847,
433.504,177.687,301.73,281.762,228.018,249.247,527.002,206.551,407.595,153.185,342.827,297.455,286.848,279.252,193.936,
326.697,383.998,253.216,478.828,293.686,262.069,245.927,316.036,407.49,304.662,235.25,312.394,696.249,340.896,182.315,
221.443,433.722,442.813,186.466,395.521,432.961,157.906,392.728,158.948,162.657,258.214,508.895,182.289,331.467,426.431,
284.737,202.918,163.677,271.195,314.261,237.963,711.466,501.26,450.819,294.237,439.479,338.646,208.702,495.002,347.81,
501.485,202.87,195.374,197.468,232.426,220.408,173.652,295.914,389.707,306.299,465.019,322.394,302.709,414.267,320.995,
458.549,503.176,168.692,230.575,207.488,349.574,553.973,381.419,157.856,339.67,323.808,225.565,456.718,310.643,193.947,
243.48,272.198,588.803,529.019,327.681,171.392,387.336,243.814,195.926,362.083,236.092,297.52,610.896,576.438,315.655,
378.868,177.646,367.016,410.026,354.418,458.509,282.354,319.534,201.617,223.736,434.708,300.654,279,616.815,394.862,
281.849,500.294,710.705,584.766,537.402,287.201,146.774,407.327,505.005,343.322,442.674,347.763,363.614,230.304,285.227,
277.847,340.945,225.718,375.464,194.278,341.527,534.484,196.853,309.024,334.53,349.348,337.227,192.262,571.113,206.86,
334.685,217.262,183.681,155.302,410.255,519.689,315.212,299.275,523.258,634.859,506.404,593.389,280.028,206.292,231.916,
478.841,313.45,618.554,372.429,234.518,240.848,347.845,190.477,302.258,159.465,290.682,385.215,348.801,264.277,306.905,
268.616,327.611,153.697,270.278,257.175,309.705,391.881,575.544,428.483,203.178,621.008,286.714,323.615,341.195,557.905,
254.731,265.637,394.184,376.955,226.547,174.156,265.153,220.549,489.782,179.748,136.015,182.676,193.248,219.568,575.698,
435.051,237.724,415.897,506.637,346.952,183.922,234.235,238.914,286.983,156.548,275.923,158.638,206.862,170.208,411.237,
399.217,362.497,310.983,330.323,383.443,372.693,519.153,474.675,272.712,427.939,220.204,191.709,448.421,233.601,400.844,
344.273,250.934,263.869,205.005,298.135,451.883,159.511,146.826,305.095,148.829,379.305,191.76,520.697,198.749,258.837,
263.411,173.83,221.459,327.949,379.085,116.806,185.72,432.125,137.206,272.556,589.438,254.381,372.052,156.454,449.164,
217.041,227.3,365.055,552.947,175.056,490.811,346.812,266.52,468.736,231.819,283.866,259.68,308.436,256.695,308.697,
283.412,322.298,199.107,245.883,194.253,559.812,195.769,320.633,335.419,217.463,408.569,228.439,369.424,645.378,208.917,
145.637,272.764,238.394,192.587,561.214,598.28,520.858,214.123,183.385,206.45,634.604,311.659,337.245,257.717,352.477,
587.841,483.56,551.431,160.256,343.702,234.824,204.033,505.911,376.857,337.248,491.84,431.322,195.678,178.285,394.629,
161.845,341.772,482.271,189.115,141.2,267.252,167.443,166.035,218.934,184.652,348.427,234.212,454.525,250.122,594.241,
313.804,430.371,260.3,502.52,239.4,231.878,185.929,298.999,328.133,492.486,554.168,377.564,508.092,290.084,151.952,
508.384,390.095,201.996,578.04,390.185,170.414,354.439,198.756,329.402,541.859,269.551,359.351,334.098,256.464,182.444,
149.355,252.659,283.238,239.273,370.187,309.508,554.494,170.239,197.304,390.687,311.031,505.937,191.657,160.036,157.027,
293.644,360.952,528.413,208.856,194.364,492.853,246.989,647.694,328.875,341.089,193.592,600.701,213.497,285.559,293.923,
351.127,272.134,368.856,177.388,185.16,315.453,403.235,226.316,597.068,533.105,162.81,214.264,191.085,226.336,194.639,
304.362,571.141,393.667,183.531,584.063,492.848,179.724,193.305,186.116,318.255,525.711,265.604,485.47,226.916,596.644,
