422.646,541.197,395.86,376.892,237.258,164.306,430.092,665.454,573.254,610.62,462.907,119.81,515.585,504.646,592.344,
348.737,93.333,218.33,330.061,581.118,92.7759,171.674,349.659,123.646,250.149,619.936,224.849,532.827,248.165,212.182,
600.582,262.825,424.505,199.563,337.187,254.573,303.449,288.118,147.268,126.332,252.081,166.677,304.67,316.66,533.141,
105.345,237.423,271.097,302.239,131.098,188.599,307.183,390.409,318.364,136.685,87.7821,290.885,430.79,110.282,345.527,
557.641,372.099,65.2303,131.319,185.349,169.89,516.96,114.626,183.353,342.134,299.46,322.563,261.102,295.767,280.368,
123.504,77.8091,99.783,175.679,553.517,147.429,382.664,91.8216,176.439,142.796,144.416,316.212,293.84,268.285,178.856,
169.06,88.1679,96.7952,194.298,344.057,218.426,194.337,105.457,173.466,274.638,443.089,108.176,179.698,352.42,134.136,
69.892,493.686,133.919,392.396,359.92,256.077,294.731,186.019,234.521,169.327,200.637,182.34,346.083,114.856,89.4052,
93.7876,159.017,154.739,191.247,215.703,156.833,382.976,522.384,356.79,551.138,389.25,225.317,122.818,410.508,495.386,
201.892,316.621,124.453,195.029,130.641,89.3728,75.5203,479.656,163.304,91.9783,381.729,293.964,167.228,298.821,149.697,
120.719,74.2952,174.924,274.85,85.4327,397.588,77.2707,160.659,240.077,143.748,82.6256,213.943,144.729,110.954,224.02,
213.457,73.9815,282.798,101.37,110.268,124.317,171.105,428.243,111.964,188.135,340.183,109.3,103.404,253.765,308.142,
190.352,409.952,486.683,520.723,109.766,93.9584,230.935,386.32,195.99,190.521,136.16,253.383,82.5885,219.635,332.673,
125.652,112.036,95.0989,85.1527,266.949,329.967,109.951,243.226,263.44,681.153,89.5351,146.823,182.065,223.403,375.565,
291.386,321.648,77.4138,256.156,193.193,382.216,190.724,110.772,225.027,89.5342,511.816,167.017,467.454,502.94,327.231,
74.0717,217.898,294.86,113.1,217.491,368.3,128.705,166.752,280.497,223.646,231.848,590.546,114.376,213.345,175.833,
277.596,339.949,561.795,293.968,168.274,71.4727,109.541,59.1698,109.669,96.1,280.661,108.985,192.287,164.223,376.051,
65.6812,417.026,160.588,550.501,385.554,408.733,80.4322,119.049,164.725,162.175,213.224,92.9908,383.547,182.394,167.927,
146.14,179.189,68.2528,150.969,168.262,182.489,231.352,294.889,475.331,119.117,332.655,333.56,125.582,135.483,208.93,
243.118,70.2497,84.7367,65.8275,81.688,82.0968,89.3447,204.659,108.79,74.1206,51.0915,419.296,76.929,190.097,128.111,
47.6883,240.575,68.7611,107.174,82.0757,112.012,141.422,47.2151,357.992,176.514,61.143,406.795,53.2535,208.96,103.423,
270.777,71.1863,323.444,56.7893,54.1991,94.3259,63.5665,73.1744,219.054,67.9734,57.7944,51.4297,245.86,160.013,520.224,
130.502,201.048,57.3643,51.8153,54.5771,87.1619,46.2584,65.2924,90.5744,58.147,57.4354,188.493,185.765,56.0712,63.3433,
73.9381,64.607,56.3539,209.411,60.3762,53.2813,294.491,183.856,64.8166,339.89,336.817,55.6695,104.314,198.285,74.4993,
62.8892,66.7466,67.0101,112.627,67.4387,323.404,233.355,394.099,62.004,419.732,170.99,51.7762,353.6,115.162,167.434,
66.2827,125.125,71.247,71.882,60.0968,51.6187,60.1233,50.7272,133.8,109.505,329.878,124.04,256.773,229.565,63.481,
146.871,55.9751,66.5811,59.7431,130.052,62.5077,261.767,54.2273,68.2896,154.029,114.976,200.603,182.752,197.74,72.2747,
58.0091,54.9913,185.176,106.563,503.618,51.314,289.708,52.6577,54.265,159.27,181.44,114.834,187.581,152.854,216.404,
51.4763,58.9402,53.3265,51.4787,328.807,55.4313,111.44,160.053,101.337,66.6889,416.385,259.382,231.622,79.3494,50.5212,
389.411,64.3006,344.375,103.371,219.64,60.6652,180.871,82.5654,70.6366,250.656,69.7976,70.9431,60.198,88.9563,261.169,
113.555,52.3233,164.985,62.2229,96.6475,186.789,114.624,69.8303,133.303,64.072,111.506,340.321,276.78,116.257,253.567,
56.5506,73.4745,61.6292,78.2909,139.779,214.242,261.977,79.8839,179.676,65.8867,61.7927,197.809,257.994,60.6082,53.9747,
56.8793,177.233,61.3521,138.291,52.3613,170.525,114.955,197.086,48.4797,67.0782,151.699,476.641,59.6561,65.2281,77.75,
51.6882,127.246,51.3607,107.607,76.0262,232.701,68.0877,71.9725,53.9835,309.005,279.577,55.4338,77.0774,51.871,54.9684,
49.2064,52.1408,77.6059,62.0771,55.9073,182.372,108.829,60.3952,87.4811,51.7673,58.4009,185.442,112.908,275.659,206.772,
61.3171,66.2578,56.1342,59.948,254.283,65.2921,62.1222,55.9583,167.881,496.511,571.137,129.703,275.347,242.425,52.5563,
134.361,58.977,62.6226,191.55,186.051,85.3938,191.411,53.5261,89.8798,58.4507,220.467,111.402,107.617,258.05,51.6204,
51.9392,56.2233,64.5259,57.4091,52.4245,62.497,146.042,53.8635,377.41,225.269,67.0708,72.9662,157.745,61.4211,141.073,
122.35,58.5732,142.467,63.0508,63.4959,60.1492,67.6467,144.283,100.65,178.224,51.9273,70.3353,66.4662,57.6233,280.238,
56.1408,226.713,146.758,215.413,62.7438,58.6948,60.0255,260.569,67.2837,257.006,143.056,525.268,210.783,298.001,53.1361,
61.0283,240.305,87.696,150.343,56.5622,50.9343,70.6477,67.1857,129.036,69.8226,394.188,65.08,437.595,141,77.9584,
57.9594,55.311,304.972,470.026,62.5812,50.243,73.6991,186.9,388.532,63.2633,52.3784,358.116,56.4799,74.2935,101.306,
50.4278,89.0064,481.278,63.0263,55.7463,64.6725,70.8929,56.4207,124.28,272.054,50.1731,111.452,354.519,56.075,222.49,
223.233,56.4004,58.5496,56.0376,121.558,129.648,333.277,68.9823,93.4209,95.0164,194.571,78.0888,54.1012,54.5297,92.3752,
175.937,58.974,55.3456,66.2576,54.1874,215.85,55.4986,53.434,257.86,48.9513,164.699,61.7609,148.625,138.661,50.1551,
68.8174,177.615,58.216,60.4458,673.821,54.9631,57.1001,158.979,153.248,143.017,123.108,158.271,90.337,59.629,158.786,
58.1995,70.312,273.793,62.7995,367.25,86.9541,58.1583,465.174,98.9981,143.038,51.5244,77.6234,153.972,53.6378,54.9752,
59.6381,48.5152,50.1123,90.217,59.3634,264.214,53.8769,122.138,185.293,60.8928,47.6367,84.6584,208.295,215.71,49.5646,
138.218,52.7576,59.3254,56.5974,53.3665,103.381,57.2508,51.2345,59.7271,61.264,51.9626,302.818,94.9387,63.2681,52.6195,
64.6824,50.1141,210.24,47.8883,52.068,60.842,266.82,139.421,54.9839,63.5212,144.602,156.664,53.3063,53.5878,51.4221,
282.909,62.6994,126.229,185.383,59.9072,50.8019,60.143,60.4819,54.1323,52.6968,61.3769,230.029,78.2254,75.4698,61.0374,
46.6291,204.082,171.987,54.8577,306.625,55.0664,51.326,96.7696,76.0468,73.9136,154.851,200.024,53.2436,55.1672,51.5875,
242.79,66.6456,358.056,50.0883,145.114,112.915,52.1149,172.419,131.886,311.247,58.2416,226.824,59.7516,405.534,165.699,
108.624,95.5503,116.268,403.027,65.2741,60.5167,54.7617,186.575,104.976,56.5843,59.9362,57.6725,56.4851,174.762,164.334,
64.495,58.3713,53.7483,478.381,78.2164,384.52,160.534,61.7283,50.606,60.0716,148.139,67.5667,66.8615,60.0606,55.4985,
124.565,164.336,341.747,48.659,518.699,102.791,60.2113,53.3495,88.0889,62.9222,60.248,326.801,75.1783,61.5018,53.588,
324.528,76.8556,57.1602,62.9307,54.7531,62.0707,59.5062,109.113,122.392,57.1876,48.5757,50.3742,64.9954,55.2287,63.716,
55.3613,52.5019,55.6627,49.4683,55.4772,53.0134,170.868,190.597,62.7244,144.188,58.582,186.436,63.804,90.1534,169.196,
404.668,55.3286,160.103,58.6418,166.5,63.8498,210.412,179.169,148.688,55.7088,50.4786,189.177,51.7916,58.4229,55.534,
59.0197,122.9,56.1966,172.301,47.9557,57.2323,61.2825,99.4447,60.0339,64.6427,59.4363,194.35,126.245,62.6958,79.7732,
59.156,57.3002,51.8261,107.828,132.86,52.4441,113.715,70.7359,51.5765,334.505,104.573,106.605,64.869,56.0055,55.0024,
60.7964,49.5681,140.157,80.5714,152.037,75.0452,70.484,49.9737,109.158,50.6785,61.1106,77.4015,131.781,109.76,108.183,
289.78,58.8218,51.1595,235.392,48.5079,49.7837,61.6835,53.8636,67.0892,49.4771,54.0412,61.0988,184.373,48.562,55.5168,
62.6116,56.1861,53.9911,62.0828,72.2831,64.1717,59.874,51.6554,55.1278,48.5186,64.7491,98.682,68.2092,49.8782,186.419,
90.6684,129.399,124.313,147.566,72.9875,110.888,55.2143,55.5306,75.7051,61.0048,218.728,54.7885,53.5101,49.3562,55.6488,
65.2833,60.6007,51.9651,204.501,58.4473,52.0175,178.701,58.3484,49.2611,52.3589,48.4674,52.7626,99.7935,57.1949,52.6846,
68.6645,50.2763,67.2851,238.625,189.4,77.3067,228.908,60.0342,147.486,102.778,57.0777,54.2543,54.2701,105.477,53.0224,
109.464,63.917,57.252,51.2868,113.401,53.1465,291.517,55.3466,144.896,129.499,54.8445,58.1455,156.019,141.301,48.7491,
55.6051,70.9542,331.63,57.0524,49.5233,60.1487,102.123,57.9324,260.978,62.5277,160.246,186.548,120.35,115.14,74.2068,
49.7011,52.6878,94.5489,51.828,478.751,45.389,52.435,53.8511,112.537,58.729,188.006,82.8522,55.0253,120.695,276.961,
62.9316,45.8233,278.631,55.706,56.4071,47.3688,49.0991,71.9375,546.648,91.6578,102.873,108.655,131.008,77.5436,76.7821,
51.4701,214.088,58.5587,66.0393,49.1019,231.086,53.9013,87.7565,52.9866,58.4412,235.531,110.965,50.4934,70.46,58.4452,
87.6787,56.1609,162.829,77.4226,185.133,53.9612,456.403,71.648,56.9543,205.383,50.0102,222.034,68.4427,66.1827,117.374,
53.7266,72.0118,49.1941,51.6029,52.3326,56.1151,47.2534,65.8688,232.393,58.1845,130.919,61.8171,498.406,56.418,368.663,
52.3633,59.4103,236.393,54.2609,75.1148,53.0586,55.5263,221.522,52.0969,330.452,64.726,51.4512,61.3974,48.55,219.5,
