652.846,452.206,313.922,529.069,617.532,304.232,211.723,89.4312,683.623,160.715,656.978,155.206,277.566,575.354,562.873,
195.201,122.613,409.023,503.334,259.771,254.334,378.672,453.651,137.049,250.126,125.786,63.4163,355.04,398.461,209.809,
199.041,445.714,129.983,288.346,401.933,419.319,661.591,178.788,228.754,75.5994,628.162,285.681,243.229,286.907,333.06,
153.084,284.894,114.374,67.9466,135.334,393.953,108.005,187.117,347.552,113.781,121.6,89.0809,401.914,496.986,207.384,
191.152,218.93,466.544,415.501,254.904,183.364,99.244,366.572,406.639,157.118,285.377,78.1393,438.885,220.859,139.738,
184.887,176.731,168.953,286.502,292.529,268.126,182.739,192.056,71.3435,309.276,101.234,107.987,75.6696,249.607,192.573,
317.098,189.713,134.278,391.812,195.17,111.133,133.892,412.378,255.649,187.63,180.386,503.144,200.881,220.778,364.456,
209.023,135.021,253.628,220.844,573.173,98.2688,208.272,310.671,537.534,118.975,143.833,310.276,132.688,276.003,168.403,
97.0152,168.734,668.279,211.383,175.933,416.3,96.4511,138.367,360.105,290.709,169.596,277.772,206.071,129.969,146.639,
335.098,345.536,119.817,491.079,94.3733,84.8166,203.853,175.532,183.458,122.584,229.848,129.765,63.1557,168.123,122.652,
322.145,625.111,341.973,101.157,156.761,161.425,128.725,320.327,118.003,330.466,237.83,67.2868,196.28,343.01,54.0883,
368.689,335.978,313.72,217.677,186.324,186.998,97.8564,366.427,171.197,203.306,254.004,127.336,65.022,299.796,174.961,
197.901,108.432,283.125,91.1148,70.0016,310.817,181.335,191.49,366.895,248.46,336.438,205.165,153.968,121.208,312.068,
243.813,282.475,589.723,326.696,360.992,297.543,488.423,242.392,101.605,168.942,94.2247,127.382,176.627,310.891,207.005,
434.847,263.685,332.158,320.06,162.736,177.777,151.838,235.535,318.09,259.722,170.829,129.313,222.13,155.7,363.188,
181.237,237.262,63.331,104.086,209.264,62.5297,245.698,372.412,153.261,235.894,475.614,122.844,215.675,319.679,298.412,
192.449,140.188,406.244,219.515,128.432,137.192,180.652,379.874,195.527,257.886,128.598,235.85,220.231,111.11,349.575,
142.411,125.843,69.7299,313.212,84.684,238.515,198.823,183.315,107.438,192.553,74.6264,129.761,190.698,143.303,304.299,
268.444,337.604,72.5706,94.0775,284.505,96.897,274.296,277.698,339.674,89.0986,81.413,174.588,164.537,263.365,210.663,
177.975,281.506,194.103,270.81,411.437,134.596,184.804,188.127,155.469,169.216,399.443,187.024,203.668,315.684,219.748,
277.633,160.666,127.886,65.7871,64.934,56.3506,148.472,236.823,263.776,212.452,105.634,154.789,271.46,232.815,238.654,
266.816,59.4342,121.148,234.489,62.3367,242.768,131.25,243.304,230.818,207.45,135.79,441.3,162.294,155.019,438.238,
354.045,62.7138,306.962,253.49,395.803,142.48,77.7977,414.399,177.158,66.5747,353.305,58.0497,110.975,163.939,69.7479,
219.057,143.629,180.075,141.724,230.252,335.833,163.778,80.7158,53.8562,330.023,482.668,75.5183,58.1652,188.995,564.659,
69.5052,64.3921,205.995,269.904,98.8605,175.557,281.094,67.6161,127.187,58.4141,106.092,238.496,330.077,62.4022,293.234,
53.7852,503.884,432.919,188.087,99.3187,254.948,96.2184,421.58,165.425,267.862,60.4986,406.429,122.718,59.4153,221.277,
177.257,72.9993,59.2992,205.598,62.7404,74.4715,255.328,123.214,240.866,66.6743,188.678,160.539,177.3,314.814,60.2753,
427.28,160.68,72.6579,60.324,99.5112,86.8002,139.172,57.4671,185.515,69.1329,85.7794,127.6,194.167,365.406,105.323,
253.476,373.406,424.329,81.8571,112.456,95.4025,59.6574,249.411,58.1501,163.78,221.813,57.9865,189.91,196.585,328.696,
55.3531,141.116,527.457,258.741,223.447,176.816,137.336,71.2888,107.033,150.429,117.724,238.59,279.534,66.3606,60.6306,
316.413,280.825,258.579,71.118,51.3662,144.275,160.204,51.7042,216.203,115.833,147.668,148.804,456.756,57.4608,477.877,
247.128,54.2986,306.26,60.5371,124.036,114.398,211.204,64.2848,54.7311,403.53,287.623,153.834,395.302,75.4057,86.1068,
407.204,72.7483,264.045,57.4262,169.703,63.4174,104.395,58.3037,116.616,129.012,63.3255,67.4367,58.222,100.452,90.8684,
67.859,55.6225,75.0919,101.725,94.7186,326.338,63.7645,273.821,393.051,175.872,306.234,366.059,122.142,252.122,160.859,
104.054,162.253,65.9409,280.909,267.518,79.7598,57.0627,292.394,196.101,291.739,460.06,157.381,252.973,154.326,58.5628,
86.5331,140.768,202.968,188.824,342.085,70.5329,196.516,134.244,191.533,135.195,135.543,398.572,183.751,201.586,92.2045,
589.954,239.142,59.8183,127.414,52.7766,58.0732,156.158,145.529,93.1113,59.8223,177.543,117.428,63.0613,146.513,69.762,
55.224,236.061,202.624,189.583,309.9,59.4792,242.012,86.8978,59.2356,138.167,58.1309,315.012,237.76,112.604,142.089,
63.4932,211.253,162.709,69.9635,65.1256,127.344,164.302,306.214,469.328,162.386,240.27,237.783,191.523,159.39,103.956,
103.066,138.313,361.128,65.7142,315.474,407.108,526.367,65.5462,59.2686,272.509,52.1055,149.442,124.71,215.507,57.5391,
216.583,298.236,325.873,273.222,171.079,395.127,108.97,56.599,128.112,104.767,190.45,146,360.924,62.511,122.002,
277.643,73.0416,71.5693,113.582,302.597,288.964,256.307,136.032,129.24,77.8114,197.74,96.2969,195.129,143.082,297.847,
61.0168,273.587,167.036,68.4719,99.4896,252.067,148.187,67.0885,284.222,207.996,170.375,121.805,72.8497,66.7779,63.818,
87.4305,89.7704,93.1192,244.728,237.998,245.856,155.999,135.192,203.523,300.864,195.792,345.706,56.0803,63.9861,335.756,
64.6786,88.1173,229.223,375.162,216.219,321.318,511.687,109.928,106.819,219.795,277.986,62.0104,152.457,146.461,167.595,
273.932,186.743,272.937,113.7,171.33,489.243,151.586,51.831,183.865,67.3499,68.9433,267.879,117.583,66.3417,185.901,
69.9162,74.5038,140.406,143.867,178.209,303.469,232.672,472.824,120.005,168.16,116.904,221.386,420.414,457.528,151.642,
66.0375,168.934,125.025,214.01,102.668,80.7623,283.688,83.268,252.122,79.6246,148.957,204.481,311.604,167.177,64.1196,
127.712,200.353,126.732,130.229,118.203,245.226,177.684,72.1149,62.7263,100.345,60.6885,181.649,139.509,310.883,196.359,
147.683,56.7307,376.652,108.205,63.6916,374.809,121.479,121.31,242.177,169.557,293.138,220.437,68.1293,340.719,199.097,
485.273,162.059,176.541,168.569,276.337,94.7799,74.6464,81.7097,69.2114,94.2574,359.885,139.496,367.799,59.8487,106.63,
264.472,173.13,400.948,150.895,64.6634,110.257,95.0725,206.849,61.6162,68.7263,160.245,216.808,93.956,244.827,119.206,
89.016,77.9844,410.214,187.36,65.4542,76.4831,475.084,125.339,79.7669,57.8971,143.992,195.334,91.3054,193.025,63.6224,
152.387,269.33,313.091,168.274,431.936,175.099,133.853,73.2726,168.797,107.021,240.896,227.343,92.8541,162.18,124.557,
163.707,114.004,260.88,114.405,220.231,126.163,629.777,118.729,204.973,205.498,156.412,265.081,386.659,412.527,138.47,
122.327,370.155,190.784,62.5969,116.941,419.981,126.654,103.027,268.743,92,157.656,136.601,127.557,281.578,84.9178,
78.9939,196.834,181.501,375.37,203.899,401.484,63.5175,286.324,94.8437,248.789,429.741,87.2831,287.364,125.179,427.824,
184.465,116.539,151.469,193.902,139.062,71.7174,91.2293,67.5658,62.1697,403.792,101.056,63.3176,213.04,84.3175,444.461,
109.162,183.356,168.386,402.279,498.731,153.097,158.834,374.689,109.505,98.0883,332.551,68.7391,181.102,56.9006,172.307,
121.032,148.814,63.9375,60.8224,227.696,268.739,64.0825,148.893,109.775,57.3028,301.193,223.27,224.758,277.216,53.3047,
78.5495,148.898,113.188,94.5879,65.5475,84.5228,126.725,178.328,371.866,75.151,69.3958,69.3491,332.955,82.16,470.952,
170.974,134.123,403.52,221.551,156.12,143.913,150.815,72.1626,165.774,176.504,78.9591,72.633,79.9509,133.63,192.57,
395.432,151.012,206.333,71.3991,230.274,256.465,224.919,332.638,55.3746,100.083,105.171,114.822,57.5506,114.916,392.663,
73.3031,281.028,167.696,59.8346,150.999,192.241,114.134,305.306,55.0071,159.792,418.39,229.09,241.661,320.371,202.097,
68.8523,147.117,125.822,125.135,90.8444,274.907,522.597,145.44,96.5316,129.291,266.904,75.7086,227.966,57.921,138.348,
124.707,130.45,279.007,153.571,175.222,80.2675,72.7701,151.948,82.843,99.388,191.646,212.21,118.624,472.248,96.1776,
656.217,196.373,131.258,208.555,170.299,59.9728,223.291,138.332,448.711,217.899,253.477,209.574,485.676,66.1532,216.519,
379.141,220.452,344.977,124.504,147.786,134.29,130.754,170.917,159.443,147.287,292.778,67.9188,365.54,293.506,168.844,
400.757,102.59,312.264,335.579,382.894,171.407,383.133,477.715,61.8558,93.9474,67.7119,211.525,62.0064,200.899,111.372,
174.753,59.1801,78.9782,216.745,165.821,76.4307,92.8116,125.358,392.973,228.876,61.5467,221.559,99.448,478.697,197.5,
334.759,77.969,137.706,74.0433,152.171,83.168,78.2135,144.578,56.6125,72.0607,334.884,62.912,196.432,400.021,388.403,
80.3969,76.3486,215.169,72.0374,82.9736,122.659,498.298,73.6446,504.164,57.896,176.744,63.6972,199.257,113.635,148.146,
96.9022,376.433,86.8713,56.9056,90.2925,83.8039,123.729,319.995,324.136,59.6219,475.407,270.5,325.644,352.258,96.9652,
64.2409,59.418,159.441,352.489,260.166,78.29,255.212,79.6441,111.729,89.6172,123.336,248.897,108.656,160.361,174.005,
240.185,113.876,89.234,127.15,327.912,85.612,121.664,319.804,140.656,64.9086,64.8133,194.502,121.245,111.086,105.032,
