698.791,606.722,683.64,291.9,682.56,409.431,544.474,709.556,407.568,455.346,537.097,315.595,292.869,535.874,417.468,
667.555,424.28,467.475,591.921,633.563,367.876,497.767,519.328,696.632,705.797,363.506,479.039,694.453,628.092,588.713,
332.831,631.932,522.061,490.825,425.817,650.382,316.564,221.856,644.999,359.657,387.928,371.636,425.083,607.871,300.464,
328.842,523.733,435.386,438.65,677.692,623.452,678.833,652.536,465.881,752.926,624.429,302.719,356.996,252.908,677.057,
539.37,659.753,329.028,593.869,397.404,527.072,494.258,345.979,632.745,505.213,393.811,457.755,302.161,523.454,573.405,
505.858,674.996,510.575,672.908,544.63,508.129,523.901,510.456,322.394,534.066,325.517,598.035,621.309,613.274,255.886,
700.142,733.887,384.261,327.469,644.017,405.096,321.189,300.163,623.145,336.009,689.638,316.331,697.699,279.388,670.658,
428.805,755.285,351.279,784.87,285,325.135,501.142,756.171,676.385,299.032,370.676,708.21,345.389,626.172,448.394,
586.93,644.989,706.257,266.472,293.55,501.094,543.272,645.847,604.681,470.157,619.027,369.765,429.319,274.42,529.101,
619.44,255.354,668.044,424.175,602.503,471.723,678.093,350.318,440.37,326.793,613.614,253.686,339.571,659.292,524.47,
631.597,478.149,641.402,633.984,307.938,651.542,386.306,352.661,567.256,672.594,650.835,766.519,335.693,321.723,292.265,
682.351,242.096,372.206,414.015,375.875,443.068,604.443,329.705,619.115,309.276,311.287,475.091,423.026,401.017,445.261,
668.072,664.337,327.257,536.498,270.506,478.147,651.223,640.211,471.748,508.899,573.077,523.532,652.843,318.727,737.66,
433.522,667.483,659.496,501.227,497.997,303.539,503.877,564.899,465.659,619.584,696.034,730.487,354.517,600.013,418.047,
595.846,344.618,696.838,316.67,486.752,576.241,486.139,365.597,315.486,334.803,744.981,621.467,664.971,609.337,685.902,
541.812,599.311,622.386,767.482,441.896,788.556,289.63,268.312,359.559,700.023,263.772,335.705,385.042,679.421,665.519,
571.3,391.585,359.582,561.546,467.132,696.754,529.774,569.5,284.034,402.215,335.773,298.12,300.944,353.13,618.877,
542.528,232.404,402.543,643.354,698.273,522.766,381.434,316.917,399.466,298.22,646.263,420.856,267.524,442.907,395.187,
773.414,598.707,605.034,728.995,700.901,682.101,338.379,467.655,539.006,326.849,340.001,700.173,574.651,602.71,744.58,
639.76,535.828,773.35,180.087,353.222,399.295,381.007,621.69,662.137,390.796,532.773,601.101,447.192,694.901,631.758,
691.359,757.358,616.697,676.779,525.361,329.056,628.545,661.055,369.911,371.667,725.997,367.293,369.356,532.993,608.341,
641.927,302.99,612.871,413.435,398.23,751.343,470.505,613.265,604.538,637.917,375.624,340.248,467.393,377.164,629.262,
681.805,654.929,726.741,605.16,261.931,665.082,368.33,429.853,254.923,679.342,702.66,679.475,662.185,286.709,254.082,
379.197,725.509,369.469,683.976,409.814,319.227,338.452,410.334,232.171,358.019,498.922,388.76,749.385,634.397,683.666,
402.242,415.871,645.118,437.8,635.083,380.747,245.277,584.717,638.84,370.127,474.346,256.164,371.448,684.101,554.146,
301.721,383.579,551.304,704.228,654.571,234.999,334.143,324.158,523.847,671.626,359.871,419.664,671.603,407.705,375.866,
701.729,559.87,655.981,644.957,534.97,708.189,671.63,457.325,463.27,375.985,686.858,598.826,626.218,474.126,713.158,
505.982,472.484,589.102,278.264,699.782,337.654,435.991,312.627,666.626,422.956,508.852,343.169,679.411,603.928,731.067,
390.674,615.716,650.195,443.441,540.095,739.858,563.401,643.934,397.545,565.201,369.793,552.408,340.222,630.351,543.009,
298.975,645.044,726.071,577.24,560.122,558.398,535.36,706.059,646.935,652.317,535.44,308.786,496.491,675.072,666.575,
529.999,410.241,648.002,476,622.681,584.625,658.793,354.693,748.625,434.411,622.893,270.911,338.591,499.735,627.678,
504.904,636.575,410.894,437.951,299.779,561.288,439.873,482.962,709.361,588.023,655.834,683.92,364.909,580.447,607.894,
640.542,299.446,551.718,633.049,642.723,492.984,322.188,450.489,316.036,359.604,382.619,599.197,300.737,714.046,685.861,
734.521,299.443,400.421,342.185,548.415,400.014,439.657,623.878,677.674,652.578,494.622,642.29,393.298,353.158,720.816,
648.291,551.779,333.054,396.832,709.36,689.716,663.284,680.282,598.208,344.007,247.944,354.422,642.457,603.394,734.479,
246.223,691.811,634.398,581.103,387.743,235.976,590.786,525.176,721.162,451.947,684.589,413.599,404.17,634.182,488.084,
378.786,641.469,371.922,477.757,437.811,677.927,296.34,559.804,424.086,592.126,298.284,731.543,581.782,572.304,438.422,
472.119,622.143,495.461,671.253,388.885,487.741,654.68,353.106,681.856,648.126,554.536,393.011,609.747,575.945,480.502,
674.225,303.61,617.928,487.581,505.303,755.498,428.95,580.407,667.861,698.757,479.996,623.47,339.153,661.219,509.263,
331.019,605.421,299.419,334.345,668.368,445.454,415.117,288.543,712.912,610.119,673.269,302.395,340.334,371.689,711.535,
349.689,432.446,741.787,248.35,484.639,283.389,270.241,403.946,748.651,327.738,705.822,688.273,438.205,664.938,713.443,
333.091,704.124,611.244,370.502,570.772,395.096,581.996,606.747,381.352,350.872,529.262,434.23,314.247,307.64,387.832,
557.623,533.439,444.148,277.195,300.888,579.638,500.951,589.157,295.341,320.897,282.088,573.39,547.2,267.402,447.326,
774.267,455.921,512.406,583.211,508.964,254.205,626.184,651.489,315.82,408.686,727.195,677.775,377.767,326.31,475.943,
478.879,382.925,507.184,356.277,315.908,441.66,769.323,353.543,377.301,485.026,610.269,340.114,407.114,434.877,687.559,
535.836,461.508,621.332,526.585,675.003,758.861,391.44,582.257,294.619,558.648,761.027,655.517,695.853,273.459,712.689,
576.689,251.044,590.625,698.542,475.068,243.057,456.542,619.891,609.91,407.337,517.313,402.31,570.535,388.92,352.956,
352.328,379.56,558.28,688.479,726.438,485.321,676.663,362.911,534.145,369.073,338.284,398.845,319.693,553.991,634.628,
311.316,574.136,536.11,237.272,281.256,390.711,695.116,643.13,626.297,352.61,287.879,364.066,287.935,386.272,652.684,
276.032,632.914,314.752,650.159,372.946,506.461,575.317,455.036,484.526,644.597,529.025,670.167,626.463,500.482,383.815,
472.947,687.598,700.75,717.199,374.731,663.336,471.844,626.959,685.866,442.455,642.922,353.693,294.691,310.721,717.978,
428.732,428.141,394.473,503.597,416.214,699.609,679.91,575.835,400.156,573.128,321.893,634.763,750.066,566.42,542.151,
343.391,232.995,383.82,636.235,560.654,280.086,393.065,409.778,643.548,609.437,664.761,670.519,300.727,398.947,728.996,
419.462,694.636,208.838,441.056,596.818,590.092,737.621,399.982,523.099,509.89,350.431,340.538,353.39,421.575,376.454,
374.026,452.148,671.824,650.906,540.937,337.155,421.266,714.026,425.408,436.266,535.835,374.753,547.072,740.153,611.687,
691.534,549.423,314.249,634.24,421.241,351.067,277.346,532.339,421.856,639.466,497.086,494.658,735.869,228.477,625.37,
385.21,495.582,573.994,327.784,644.417,713.94,598.787,660.232,696.729,588.909,433.888,712.641,597.574,643.992,467.822,
486.925,347.682,575.447,385.121,779.112,683.769,608.903,556.645,271.833,577.971,481.206,700.039,536.917,601.597,514.98,
262.639,560.83,616.139,444.239,309.548,433.826,399.151,558.913,681.361,515.409,366.556,659.804,677.825,524.658,312.748,
431.288,670.371,467.406,295.268,669.426,304.965,629.61,442.628,441.742,423.194,433.104,401.708,358.785,315.826,632.476,
282.202,366.39,220.048,598.212,661.532,684.233,684.207,353.705,566.354,260.15,476.564,360.872,557.387,343.319,591.382,
537.407,360.992,438.969,538.205,324.131,587.173,730.608,425.305,349.067,559.459,720.068,422.334,572.95,441.923,469.896,
442.714,607.709,286.481,515.237,661.693,443.956,314.199,521.425,348.995,313.579,661.37,487.747,474.879,668.212,639.39,
313.716,595.726,636.195,515.472,617.802,671.902,560.742,807.165,538.981,532.86,411.241,650.771,618.284,386.659,354.328,
351.337,499.956,301.002,447.291,620.362,603.118,543.515,464.015,503.421,602.114,403.209,308.147,480.961,447.098,675.533,
710.36,588.941,558.943,330.484,641.708,373.067,624.647,619.7,681.956,607.153,709.077,464.33,348.734,268.679,633.013,
606.833,320.106,365.554,282.649,484.422,655.12,257.4,655.651,275.474,526.74,648.742,695.251,611.945,469.558,693.994,
648.687,283.789,617.05,390.126,669.324,588.57,437.276,369.767,349.927,493.536,439.859,509.579,552.158,347.018,339.715,
508.859,553.259,659.327,527.557,523.421,277.66,427.591,483.422,585.355,575.657,681.157,243.775,746.911,667.82,367.579,
619.675,701.248,340.472,459.416,357.427,378.898,640.778,520.23,424.379,314.246,642.69,447.211,701.225,338.426,690.848,
520.379,685.769,554.2,693.922,607.409,660.067,323.247,588.958,681.834,656.24,712.624,711.033,293.828,605.999,671.543,
481.958,244.232,581.514,375.22,494.002,408.968,616.052,554.758,653.415,727.153,470.264,304.614,405.728,246.032,404.309,
302.347,424.746,736.418,353.614,595.114,336.851,677.433,643.007,502.221,218.524,257.146,419.563,286.205,263.248,394.628,
571.69,718.194,267.515,311.504,746.706,677.735,631.984,357.581,471.605,285.517,446.049,355.925,352.26,606.406,307.458,
624.407,620.722,319.167,473.718,521.39,217.682,662.625,474.631,711.543,273.64,395.121,552.246,672.207,616.993,327.459,
