184.174,520.718,291.18,600.028,64.2621,318.54,633.563,594.294,123.139,338.032,371.89,560.268,407.731,758.933,336.362,
183.026,164.048,490.987,313.384,391.079,57.1549,283.494,380.632,465.492,83.1462,60.9335,178.968,383.479,52.245,625.288,
332.583,83.9766,71.0083,58.1116,110.2,124.642,359.637,296.768,129.003,368.495,253.753,136.733,59.1568,291.728,154.951,
116.22,53.4239,73.1405,100.413,459.218,60.7412,46.7443,57.0929,81.6592,64.6237,56.4354,56.3995,60.9664,90.0909,246.417,
261.215,59.5472,115.738,150.365,63.3909,282.372,89.6766,271.982,399.268,73.5521,408.84,105.651,144.236,50.2793,119.587,
50.0849,53.2451,98.4992,54.1946,275.082,68.7478,359.011,237.436,68.2238,130.074,110.754,245.62,329.835,80.1799,190.909,
66.3954,57.7147,63.853,60.6919,99.11,68.62,54.3303,57.0868,69.0933,288.738,116.316,117.034,98.8734,53.0215,69.279,
77.958,221.63,140.786,167.607,71.1764,146.136,109.775,57.079,197.247,123.498,104.389,154.108,54.907,130.739,280.769,
57.384,48.2469,57.3806,224.876,433.203,150.385,68.0142,65.1887,75.2875,61.2065,345.7,85.6271,70.5231,292.724,231.005,
51.8606,49.8687,59.1502,54.2673,115.011,66.5327,124.698,158.674,53.2858,89.4881,125.13,163.354,311.119,155.523,61.9284,
56.337,322.041,213.294,120.592,59.9392,182.658,329.187,134.77,59.3538,75.8461,78.5389,171.689,106.635,140.36,57.5754,
61.3088,175.763,66.1322,110.112,74.823,54.5617,94.2236,81.3624,98.9594,58.795,183.453,76.7312,100.837,74.0544,76.1701,
68.2207,170.221,112.97,97.6479,64.793,155.337,375.172,118.136,97.5441,335.146,165.217,59.7633,376.271,60.9825,281.034,
97.2817,62.8117,49.8349,85.4597,128.569,109.095,317.031,222.267,166.906,239.059,74.8568,145.912,158.374,110.65,70.6745,
58.7132,64.4646,64.7068,49.1999,59.2694,108.421,85.1844,59.3639,106.666,183.846,55.053,58.3127,69.5894,95.3162,88.8532,
63.6557,107.651,130.164,61.4767,64.8575,223.21,50.0913,77.1174,255.584,63.3241,155.055,244.797,47.3549,61.057,335.321,
66.7619,63.7825,67.7204,51.0734,90.0338,206.537,270.42,65.8907,55.4127,216.695,71.042,163.329,51.7844,52.2486,74.1894,
68.6027,58.7374,226.655,257.347,164.958,73.5071,199.082,58.7434,110.351,355.802,158.525,158.207,101.667,61.2406,53.7065,
50.2106,55.0871,90.4436,56.5906,61.8699,72.2987,54.0336,53.863,59.397,75.0923,113.553,52.7787,59.3215,55.8663,95.0438,
73.6479,61.114,51.631,63.3858,160.609,91.1272,211.725,54.0335,66.6739,163.296,70.8387,338.9,188.107,137.345,51.4152,
62.008,88.0698,61.2153,106.85,537.615,101.661,81.0144,68.0263,299.875,291.402,240.043,49.758,104.601,381.207,310.747,
57.8025,59.1213,71.8242,48.9374,53.285,126.745,47.6791,105.715,190.619,60.6899,82.6279,105.012,281.599,116.615,64.2318,
140.592,55.8534,199.126,53.2772,250.408,72.6602,45.1217,57.6656,443.693,49.7592,53.5011,217.45,216.942,146.677,54.4048,
63.8338,60.4484,131.474,87.2867,58.063,534.949,58.1673,73.7947,48.8924,172.372,61.252,62.3041,65.7783,59.3762,385.557,
427.214,326.864,49.8543,339.861,60.4908,63.5493,139.068,56.5816,51.6046,274.88,73.1719,53.6883,112.893,400.056,122.357,
63.3621,63.4656,62.5899,59.6145,361.38,58.1244,99.0096,50.0852,57.7054,111.545,110.738,54.2882,75.3288,59.2064,104.475,
54.3012,62.0603,58.6845,53.0161,178.484,54.8118,54.5689,223.455,62.2488,210.424,53.7106,258.892,146.371,53.7802,54.0038,
53.8674,168.954,435.818,311.964,53.0783,49.3254,211.231,69.4083,54.5473,107.524,307.503,53.3145,55.1859,154.101,56.3778,
201.52,70.94,59.2575,51.0272,58.3243,118.158,70.821,46.171,64.3343,59.3248,64.3691,72.6483,49.5518,61.9624,55.7748,
158.905,55.5958,48.1645,118.574,51.7243,590.106,211.268,63.6568,117.107,50.5813,55.8021,54.4865,50.3789,92.0723,71.5427,
201.49,50.3115,181.904,185.845,346.204,55.8788,150.974,57.7679,61.9596,60.3978,80.5298,106.028,128.614,260.057,61.0979,
228.179,54.6744,109.928,159.966,57.0126,53.3692,61.6305,72.2584,185.139,56.7392,106,48.737,55.149,52.2772,56.3354,
165.039,46.9438,70.7659,50.663,75.4466,246.211,57.0793,172.152,50.3803,52.3386,49.2235,51.4385,97.1499,52.7925,171.847,
57.9802,52.8483,62.5628,198.164,59.6763,57.9952,73.5669,221.629,101.749,232.533,50.1382,189.894,56.126,374.561,54.4269,
54.5643,58.8183,57.6938,63.9699,49.1746,160.793,142.953,63.6439,67.0189,200.922,56.0334,54.3368,313.435,246.21,51.1388,
65.1435,54.4635,176.189,65.6842,47.1852,162.605,51.3013,130.809,275.735,108.42,59.8905,49.4771,52.6615,53.5367,53.5288,
435.5,48.0624,54.4102,58.2446,52.965,126.921,290.466,51.7837,60.9599,135.281,61.5834,76.1758,210.802,56.7995,51.2748,
51.5722,47.799,52.2862,73.9007,61.9174,45.9373,148.156,62.3195,135.447,226.581,57.0884,49.0898,172.66,267.627,52.6296,
69.3598,467.357,61.2416,177.368,158.379,70.5716,57.8227,56.0201,50.8892,52.3324,92.4439,61.8923,46.6467,118.708,127.913,
120.494,47.3441,59.9965,74.5005,52.011,506.504,61.514,109.111,360.66,49.1376,216.684,52.5492,95.3944,160.161,63.6442,
63.6678,251.471,53.7554,54.3189,59.2235,66.5063,173.909,157.149,119.385,77.83,60.7671,350.429,126.887,163.938,68.5064,
321.483,58.0604,116.673,47.6608,63.4435,79.0507,92.3901,87.4985,62.5409,62.8756,136.635,111.385,177.38,79.4477,297.105,
164.142,50.3332,56.2463,118.002,53.4297,51.6711,89.4295,440.343,142.756,217.4,72.3289,394.949,57.4829,61.9853,164.392,
54.3213,195.437,53.4602,51.697,54.3377,164.505,177.906,67.6221,61.0578,58.1357,323.496,91.4708,108.947,48.3675,101.213,
386.241,502.928,52.3371,105.7,82.2973,50.2152,217.022,61.5528,136.366,280.365,428.005,494.326,219.86,65.5452,52.854,
48.0995,53.5839,61.4625,120.444,49.6309,50.6734,331.917,96.7695,60.1974,121.188,58.3188,184.604,429.042,388.447,204.331,
51.3001,167.862,55.4293,49.7995,48.0065,85.3898,51.6889,53.9233,158.612,59.7192,56.9979,262.635,58.1493,304.137,52.4605,
146.131,224.647,49.6,102.161,62.2796,50.7652,55.8802,285.657,346.598,112.271,50.1802,93.3718,238.785,127.056,56.7206,
147.327,63.0247,57.5888,124.575,256.9,58.1024,51.1704,51.8671,50.1301,196.156,53.4866,48.5836,53.4195,51.6347,66.6812,
208.049,136.498,60.2547,52.5032,259.467,62.3283,242.231,66.7865,186.038,53.7539,55.4226,62.1024,183.508,53.8891,61.2202,
53.2685,51.1127,92.551,109.971,268.587,49.0151,66.6189,136.11,141.655,181.32,49.5238,59.2697,120.307,56.2489,55.5381,
54.4504,54.7053,224.898,141.948,150.591,111.445,162.149,59.7826,53.9706,247.073,120.727,113.828,56.3684,56.2977,216.209,
232.221,118.579,292.706,69.7234,254.841,69.8061,57.4836,94.0627,457.507,72.4496,158.327,114.649,125.757,213.196,48.397,
49.7679,56.679,51.7448,58.6045,62.8339,85.5688,77.7389,238.964,328.919,50.4556,65.7065,62.6255,144.069,85.2112,51.2024,
117.482,61.7784,143.821,57.3172,49.1497,87.9414,144.107,55.3259,51.561,57.8879,241.709,47.2072,54.6445,57.715,52.7983,
62.6334,116.84,180.281,53.3726,110.793,140.544,55.3205,249.656,156.682,231.051,57.787,62.3613,57.2214,65.9439,166.782,
166.103,56.8565,332.422,50.8062,63.7294,53.6017,181.802,55.9706,99.7102,203.93,48.6047,58.3203,56.3388,53.5421,238.538,
237.594,54.1924,131.936,52.2099,53.9226,56.2061,145.387,69.9197,61.5846,63.0611,57.6267,75.0809,51.5428,54.581,90.2306,
132.508,54.402,151.955,102.648,76.5298,156.537,57.3567,49.284,137.135,68.5379,55.4402,227.736,246.281,122.25,49.0747,
61.2653,59.5214,169.428,108.098,238.186,133.736,275.489,51.5299,338.695,58.0241,58.344,52.2936,85.645,56.1609,50.3556,
110.686,65.458,217.58,59.6828,156.047,102.999,95.478,64.4805,539.062,57.257,48.9185,366.895,53.9754,267.197,175.367,
54.3765,48.9177,194.783,57.1101,107.612,49.2918,51.3697,102.159,63.9825,115.86,160.936,242.959,52.579,55.5415,51.1742,
59.5547,175.567,108.186,140.662,107.572,67.9413,53.3315,57.0114,60.1771,63.3027,60.4236,55.2332,143.859,173.992,57.9057,
57.1683,127.749,82.4562,51.9812,54.8152,49.1566,48.7808,298.946,57.1901,224.712,158.704,51.8596,59.4147,62.8126,56.0734,
162.859,65.0295,46.7749,55.5176,52.8287,59.4498,141.004,52.1748,62.0483,45.9734,48.2397,56.0346,98.1538,59.4832,48.5662,
52.8609,90.6897,108.471,51.5524,194.942,56.3823,165.693,204.312,50.9595,173.325,60.1713,55.9771,49.0666,57.0068,50.8921,
232.536,47.544,276.817,65.7648,64.4797,54.9242,58.0677,52.6919,54.6521,60.9796,77.7306,219.096,46.8517,182.895,165.234,
55.8547,60.1464,65.4223,56.4159,52.1448,56.0753,427.795,246.951,50.1656,51.9876,56.7417,53.0755,61.9925,180.702,93.7194,
57.1842,59.7798,56.5992,51.1242,60.2935,52.8423,141.817,53.8588,48.0338,225.926,62.7646,170.179,51.889,175.139,116.479,
59.8872,57.1135,49.8456,49.8744,101.695,110.197,63.2604,117.241,60.3295,51.384,135.425,47.8224,136.394,59.974,51.6326,
66.3428,83.5711,74.6347,53.3036,326.521,53.163,49.7475,120.373,118.139,143.229,50.4544,50.8259,136.285,55.2007,60.5434,
51.1344,160.597,155.098,56.1044,71.482,66.1472,54.379,66.1672,52.6326,220.336,46.4787,65.2549,57.101,66.8948,51.4678,
210.123,249.93,61.1493,55.294,47.6731,294.85,214.803,115.493,106.003,53.0331,54.1712,54.9798,50.8159,65.3083,132.726,
134.923,53.5049,52.8346,86.8853,60.2127,50.2791,59.8444,109.791,170.308,119.725,60.6631,97.3099,63.6745,324.537,53.0179,
49.037,390.66,183.52,56.2741,161.115,69.5282,154.395,56.8335,48.8275,207.56,106.156,55.159,67.0739,82.2714,166.123,
