429.637,768.538,387.832,639.924,585.75,263.865,60.1278,566.543,625.991,443.927,553.665,184.204,98.3151,503.762,488.877,
54.1831,101.554,79.5784,313.83,309.169,493.476,115.053,388.592,154.594,235.165,318.682,319.859,596.034,64.9108,56.0906,
62.6738,207.489,252.673,181.234,91.2128,438.756,452.357,348.017,202.286,87.2931,350.012,256.54,142.33,296.16,386.944,
146.37,54.3463,571.666,227.451,396.656,60.012,403.575,249.225,47.4983,330.702,65.7214,59.0532,80.7126,59.7483,384.148,
76.9194,158.538,419.509,234.805,67.2927,56.9345,59.3038,48.936,120.671,66.5478,55.0753,54.9768,122.116,140.241,629.849,
249.725,137.745,239.605,105.42,77.9974,75.3593,69.1409,52.6989,60.553,68.7931,57.4945,66.4701,52.8554,60.2419,57.029,
60.9163,55.7042,59.5632,69.2888,128.886,88.9795,236.012,64.8268,132.253,57.6555,160.079,64.4548,242.038,82.2777,59.2584,
72.0561,53.9618,66.9654,180.04,60.2938,141.627,54.1844,264.528,143.787,66.1754,59.2659,192.269,213.007,152.636,65.2591,
207.183,130.832,97.3911,59.3247,236.314,325.623,53.442,296.169,74.6323,52.9272,141.72,66.3011,50.2133,107.529,131.714,
110.762,64.2569,77.805,51.6252,53.5567,174.832,329.852,59.0654,57.8741,148.757,304.786,199.991,148.964,106.135,279.073,
68.4084,58.6102,351.739,46.4914,58.3724,139.392,65.6687,143.776,189.711,99.4721,229.572,52.3948,201.832,283.904,69.7527,
144.507,54.9455,372.888,49.5709,216.247,55.8985,51.4805,60.5521,57.5121,54.953,51.6417,56.2313,111.232,48.2047,145.233,
52.6051,226.77,214.026,54.3833,56.2557,352.655,226.94,54.9666,420.663,104.695,193.442,121.989,56.1469,116.084,49.1944,
190.76,207.761,56.1106,56.34,50.6189,125.622,48.1339,343.981,226.393,62.8364,359.903,243.19,55.6187,52.2977,309.285,
57.8047,53.8079,48.1956,91.5487,144.377,53.7254,52.4944,75.8456,50.2133,53.3774,474.379,138.585,103.855,59.3002,181.95,
59.7737,115.697,58.547,206.533,148.622,203.057,51.6686,127.32,389.312,52.4105,49.0684,64.0274,50.9975,151.253,71.7455,
59.8412,187.979,49.174,67.6157,58.5204,61.6492,54.0954,58.5619,53.8132,179.064,54.4552,53.1943,121.736,56.4599,294.427,
59.9436,57.3414,70.2903,57.7296,56.1363,200.184,215.108,48.6444,62.9823,54.5952,54.507,217.703,53.9596,131.213,48.4758,
78.017,117.128,213.557,56.9054,155.033,55.7384,140.364,53.0473,53.1814,52.6172,112.824,162.534,54.5799,58.3582,205.159,
178.965,54.7194,397.23,53.5694,197.636,68.1295,48.8617,192.914,51.5572,53.9011,54.9881,366.71,64.6969,51.9819,268.624,
56.2322,55.9272,231.334,201.338,55.6634,60.4993,51.6519,55.0376,201.01,129.853,49.6872,120.402,58.2569,49.2558,54.4387,
104.169,83.47,52.2866,50.0926,54.2382,56.8693,49.0868,128.607,52.3374,52.6418,49.451,77.953,55.443,57.7953,449.173,
51.9952,143.673,58.8783,473.656,53.839,203.93,68.3021,315.051,56.0776,56.6553,102.703,50.8169,61.792,70.3313,53.218,
112.467,61.2326,56.8223,60.672,57.6023,152.033,54.4715,308.323,349.522,49.5366,52.8391,61.0091,54.4157,435.92,49.1445,
57.0944,110.754,54.8732,60.0092,58.9991,407.56,53.3749,65.6186,321.034,100.603,158.37,48.5103,48.5878,90.4666,50.9697,
60.0706,81.4238,54.3699,60.7259,56.4713,70.7693,54.7506,59.4527,54.8148,108.01,49.209,55.0411,375.134,109.831,56.8249,
290.523,53.5375,54.4747,51.0697,59.1161,66.826,289.534,125.281,60.043,212.854,270.024,57.2277,146.878,112.27,101.072,
57.3412,52.1399,56.8604,151.93,288.935,63.1553,69.374,56.1554,297.384,48.6076,60.6511,48.7471,122.558,59.9363,58.7856,
51.9229,61.0243,54.5851,68.1825,82.1757,260.04,55.7436,148.488,53.0138,56.4175,58.5756,100.083,54.6128,48.6473,51.8078,
55.3744,53.5079,60.3511,63.2464,57.6411,54.1763,131.96,55.8017,109.342,56.9861,103.929,70.0342,52.2943,62.5948,60.4137,
47.4409,99.7732,66.8499,73.4998,57.4783,61.4274,55.747,57.8769,353.031,70.2868,62.0998,48.6378,123.853,56.7961,60.6548,
57.9836,51.0808,70.7496,58.3707,57.6279,49.2435,59.5019,58.927,48.8291,59.7453,60.5412,232.939,68.1933,161.249,55.4614,
57.1322,57.16,50.0434,54.1604,58.7987,60.0254,53.5973,49.1974,119.759,339.857,302.277,59.2812,55.9411,105.599,50.8247,
68.5285,54.7053,54.1449,54.9122,58.8338,57.353,67.8076,48.6992,53.0063,61.0774,49.9624,59.5749,56.5619,54.5376,49.8857,
50.4048,47.7189,61.93,266.611,47.3755,53.0385,52.8585,117.124,49.5401,48.9785,60.7968,50.5016,54.3955,49.0115,97.3906,
163.923,56.0119,51.8984,54.1995,56.9611,75.7354,50.9874,54.5845,50.8144,55.8359,149.152,175.469,58.2829,66.2351,61.4605,
391.452,119.259,56.9036,64.0473,54.7576,126.568,92.1972,140.548,50.4585,78.0924,53.8978,58.1393,66.4325,138.17,52.4532,
234.44,46.9032,103.594,49.3492,60.8694,48.5021,55.0032,152.273,47.7432,60.2751,116.529,57.6627,58.3104,55.1573,200.127,
55.237,56.7969,56.8887,52.6606,79.1141,424.266,51.2536,51.5841,52.1084,110.342,59.0915,154.209,63.105,55.842,55.8889,
155.511,52.3746,51.6105,186.038,60.6447,50.9595,120.555,114.452,58.883,50.3631,54.6879,110.547,171.034,64.7612,53.1156,
140.061,155.629,51.3143,53.2658,53.05,162.694,60.1776,47.1946,62.739,243.647,59.476,65.8483,96.2742,51.6042,50.3551,
202.568,56.7922,53.1828,115.731,61.5043,139.367,59.845,53.232,65.9594,55.9281,55.9693,79.5376,52.1009,66.7094,219.54,
154.787,163.576,48.7719,59.2816,53.7728,59.3544,276.254,112.022,58.2354,112.226,51.5535,70.9621,238.019,279.738,384.059,
364.711,51.5253,298.136,112.334,64.8962,47.5442,55.6191,54.9488,123.259,63.35,61.1064,54.3259,197.141,57.5502,52.1008,
203.888,60.9496,129.635,56.4918,61.889,285.098,59.8303,211.94,61.4827,368.96,51.4956,209.269,56.2874,59.7263,98.4929,
449.255,485.67,53.644,59.2036,59.843,373.192,56.1518,134.585,223.692,82.2503,237.455,108.046,53.6522,49.5429,74.0268,
156.63,52.4494,139.816,188.433,50.7612,55.7297,314.16,69.3682,352.329,56.0535,106.973,116.562,61.5828,250.847,105.259,
280.852,48.0968,51.5969,62.0005,61.2978,131.433,115.528,244.33,98.8423,126.619,239.552,51.2977,52.9288,52.7869,57.7577,
56.3478,107.592,50.4863,51.8833,278.192,55.8129,49.2922,52.983,381.916,116.464,48.6,62.023,53.4575,62.4029,61.0626,
210.475,53.8197,55.8351,50.6355,54.4509,194.166,219.664,371.616,282.005,70.0274,57.9383,59.1468,63.8313,281.092,470.469,
281.025,48.9363,118.04,57.038,243.752,128.461,113.932,54.0826,53.3896,48.8973,54.395,318.14,116.066,277.838,55.8426,
73.1025,136.16,97.8443,52.4052,241.126,144.643,56.9627,205.207,56.7085,111.282,146.791,99.3283,53.7563,59.5922,117.52,
283.013,168.063,68.5693,49.5784,54.8956,141.471,50.0686,104.726,58.9666,53.2722,56.1906,102.972,54.5396,54.9183,121.198,
54.669,54.706,55.7162,109.8,167.693,61.6207,50.9843,51.8142,57.0725,107.474,135.695,57.9147,55.0105,193.276,51.4485,
51.9796,54.6339,128.696,179.6,53.0714,58.7488,53.5483,55.8579,112.68,57.2612,92.5629,316.497,189.705,55.7115,52.2831,
54.2398,114.938,264.358,132.472,298.341,50.4801,58.5574,293.166,49.4972,126.399,160.724,59.1104,54.2622,49.2452,301.602,
52.0398,116.431,52.0183,58.2598,51.6366,217.204,53.1096,50.3398,51.546,48.7669,46.6477,50.5738,114.649,62.8691,58.7793,
53.7657,54.8752,55.0415,48.3861,110.5,204.822,49.3124,267.574,58.1898,51.7434,72.4348,47.2775,82.3186,62.0367,59.2241,
52.8152,133.964,63.5871,56.963,54.7523,57.9088,65.1514,48.9883,68.1874,94.6246,52.6846,54.1461,349.682,53.8692,50.6261,
55.2421,404.932,49.5019,48.2605,53.8637,55.2306,282.095,62.3115,54.5361,47.763,157.329,55.0328,49.7421,56.7232,54.2115,
222.727,341.931,195.218,53.787,74.2307,59.526,49.3045,203.253,47.8876,108.224,60.1567,60.1038,50.2789,54.8591,72.815,
53.5484,173.281,59.7559,65.6978,60.6663,54.7518,112.972,75.7252,114.834,86.7526,49.9516,54.1283,56.8708,53.53,87.2391,
61.5505,64.5655,55.4541,51.5755,205.778,85.7606,58.2928,57.2335,228.612,53.3396,55.1136,51.7091,53.1203,52.5788,144.564,
212.807,325.652,63.9678,71.0274,57.9829,55.8554,57.2327,313.993,52.6417,48.0661,68.9234,245.994,49.4686,57.3668,180.985,
51.9328,178.34,199.922,351.844,59.5275,58.396,57.2385,159.457,63.5082,57.4365,56.644,123.217,66.6621,196.818,61.2744,
57.6054,84.7177,51.7615,101.683,58.9856,144.543,114.809,55.6791,272.064,60.0522,54.925,62.862,52.1464,143.527,63.7251,
257.809,55.1193,56.3341,54.1266,164.49,316.042,152.376,50.7253,69.7502,50.4862,54.5748,123.359,70.973,222.265,56.4564,
63.2222,60.611,338.972,49.7869,307.685,175.877,147.552,76.8006,56.0647,57.4269,49.2002,56.4564,50.7462,52.2523,122.744,
64.7442,110.747,62.3384,56.0161,51.4057,51.5708,48.5107,226.723,122.444,48.8511,66.0903,273.368,62.6005,172.451,138.867,
55.9357,54.3329,54.1825,78.4532,70.7055,56.5607,66.8883,223.398,199.887,54.076,48.344,59.4169,80.8621,60.0331,68.7456,
170.067,54.0604,64.9388,54.9169,56.202,56.7604,58.6546,66.271,51.4613,66.8847,58.5315,55.296,69.9722,53.8597,47.747,
67.1727,167.74,55.6286,58.7203,123.199,54.2708,51.0098,52.4473,93.7709,193.406,60.9487,68.0409,107.407,54.4849,68.3561,
56.3286,117.013,92.9356,352.167,61.6363,415.413,58.5192,206.196,60.9658,73.1845,48.3693,85.7558,153.782,57.1535,56.2927,
202.127,53.1803,315.365,55.5539,65.6615,54.7536,60.7491,312.954,87.4461,56.9255,197.751,53.1694,114.657,53.7448,51.2642,
87.6211,54.054,54.9974,53.0137,52.7127,53.1853,341.58,150.36,103.415,69.2003,45.8816,52.1215,143.025,61.6774,50.8476,
