490.699,516.162,466.403,481.276,667.63,646.245,370.812,495.83,584.937,483.035,679.615,516.439,440.738,292.843,227.965,
337.606,408.071,457.853,424.731,448.675,425.378,691.332,323.473,261.937,585.985,710.036,626.153,657.379,533.669,725.535,
481.392,267.924,281.008,507.119,652.743,502.73,315.451,472.29,578.807,306.7,230.055,304.62,314.664,590.597,339.067,
446.666,127.752,620.908,403.589,215.696,214.539,622.858,331.458,394.69,558.794,576.322,660.398,272.202,253.255,364.602,
397.457,377.727,256.821,273.017,168.91,301.274,449.567,278.146,477.498,524.324,408.162,357.446,195.195,613.329,328.21,
249.055,599.262,404.087,428.34,355.682,241.168,657.449,387.316,412.918,297.124,420.275,376.943,538.348,178.843,330.777,
266.759,260.911,507.516,303.445,270.134,225.503,366.08,644.064,458.586,543.726,324.763,211.864,452.97,400.224,506.74,
363.63,504.784,213.461,410.705,451.334,597.904,440.651,261.513,589.085,630.551,555.297,581.116,339.329,377.196,294.732,
324.286,194.458,303.905,274.336,569.027,588.379,595.977,405.273,254.493,297.495,408.124,456.142,521.707,363.371,342.633,
655.793,611.468,250.921,622.676,427.262,149.428,372.014,268.363,213.429,307.424,397.603,485.682,312.891,579.612,379.545,
435.49,320.025,549.95,450.17,480.574,474.353,447.084,530.425,611.869,366.322,426.098,352.62,564.449,475.029,294.34,
540.148,549.179,240.888,396.379,183.762,641.27,375.668,392.776,305.031,571.923,301.807,247.002,233.597,448.744,325.95,
251.023,510.154,413.352,579.564,400.737,185.784,179.629,605.844,149.765,268.473,237.164,236.273,431.201,263.119,495.123,
237.781,231.952,540.174,539.68,233.419,455.864,250.954,358.836,380.686,615.311,197.079,228.295,542.249,404.384,332.095,
270.576,361.717,249.591,205.78,641.665,398.468,572.4,146.424,201.966,594.57,663.733,211.869,144.063,161.281,613.928,
288.031,576.847,142.879,594.14,135.724,396.716,287.277,635.879,269.079,426.214,261.073,430.09,241.054,353.026,508.568,
321.547,191,201.925,544.984,172.89,356.584,313.93,263.37,427.965,281.702,217.243,254.477,334.597,344.769,602.412,
266.5,262.695,359.28,222.965,395.559,564.853,557.653,380.598,204.848,193.599,395.213,388.145,635.053,567.48,218.346,
343.381,499.487,192.866,547.3,239.967,214.715,272.874,257.693,188.888,220.434,604.617,329.486,178.693,525.934,584.784,
611.437,611.284,411.171,305.375,457.08,160.095,227.489,528.092,244.889,306.95,255.208,233.282,445.73,286.174,254.198,
455.449,384.789,365.191,341.068,414.743,287.418,589.95,232.971,461.734,533.931,432.916,201.041,283.361,308.283,287.624,
297.035,112.977,485.642,317.889,300.549,140.859,255.414,225.044,325.075,314.324,203.665,245.934,224.353,521.272,252.447,
227.252,393.698,441.129,244.561,390.583,245.467,203.067,332,236.837,158.58,523.396,369.853,568.105,525.61,217.919,
532.984,341.124,300.954,574.562,299.746,199.193,272.035,149.931,664.119,213.794,466.811,225.51,309.635,434.595,375.848,
619.47,344.68,558.138,393.032,374.204,185.538,349.75,463.014,554.671,152.154,175.697,500.702,199.072,171.469,260.445,
430.995,397.044,458.357,511.554,507.439,384.274,293.562,275.867,283.152,399.524,570.5,347.656,219.823,284.221,167.481,
486.831,196.859,658.406,378.917,381.694,587.262,468.322,288.3,375.384,397.384,257.74,659.894,524.064,457.332,522.666,
604.741,462.016,303.623,406.027,204.135,428.74,414.896,561.624,554.995,233.392,262.533,580.888,479.784,290.067,419.851,
544.845,330.896,167.818,665.483,205.681,227.356,352.053,203.165,578.005,353.405,185.763,468.067,321.661,195.791,437.27,
344.396,294.468,363.422,408.879,393.356,267.272,530.664,229.092,318.43,264.552,378.112,202.468,641.687,450.367,315.532,
257.826,186.423,155.662,185.389,474.595,663.674,354.663,294.248,218.998,280.218,177.937,188.129,248.196,370.629,437.641,
514.051,294.647,363.702,479.593,229.25,342.17,706.705,271.009,246.499,624.067,510.925,444.259,415.241,567.27,226.898,
275.145,340.669,373.719,199.283,232.773,371.128,594.186,182.166,410.837,411.536,533.49,551.493,264.296,227.827,369.682,
382.111,151.019,297.114,642.773,588.8,216.298,444.907,323.018,546.763,469.807,239.535,435.378,280.032,174.199,678.374,
344.219,485.811,441.673,672.415,315.642,699.903,228.403,515.71,173.081,481.114,171.542,153.54,265.99,223.262,189.09,
279.512,521.894,399.696,318.485,210.475,397.273,522.715,200.565,303.66,344.251,627.652,568.892,676.581,199.578,237.99,
494.166,582.705,167.962,646.882,220.036,379.486,361.614,513.932,617.242,373.907,639.036,220.845,407.298,590.249,406.19,
283.12,326.904,257.804,722.935,176.31,226.917,181.394,535.521,327.137,358.48,143.236,526.53,210.718,202.766,228.591,
235.49,558.801,178.682,262.609,283.492,265.384,570.134,459.283,198.56,173.63,310.452,335.2,129.807,319.956,513.776,
394.881,341.328,367.134,240.633,495.442,245.025,292.775,278.014,672.144,518.097,349.275,288.363,406.853,445.305,456.444,
663.997,433.497,342.134,93.9909,656.262,542.058,441.091,494.475,152.904,440.633,286.444,236.073,271.449,222.416,235.532,
510.569,586.373,493.205,202.027,508.263,235.51,324.577,337.85,167.704,278.08,164.674,514.606,448.933,401.493,574.009,
217.503,278.127,141.844,432.052,544.749,217.613,512.496,234.61,590.674,134.241,150.701,609.966,139.267,294.901,595.291,
437.535,549.603,187.509,587.958,631.713,212.355,304.841,162.428,192.048,394.838,243.052,672.43,188.955,484.228,193.508,
165.484,600.79,305.641,429.49,629.279,244.303,262.761,547.132,165.484,220.743,340.911,193.378,288.769,349.149,442.787,
198.797,390.365,223.687,550.645,451.61,317.516,367.394,221.049,336.903,252.279,539.49,465.506,373.761,248.485,401.184,
518.888,224.901,488.141,465.423,430.811,340.182,351.306,321.634,290.025,331.82,309.707,163.799,194.951,428.487,180.481,
180.16,182.58,383.139,539.584,401.614,316.965,283.554,605.72,504.286,468.71,476.435,253.08,591.203,304.609,648.729,
198.87,422.228,472.527,291.896,405.646,523.128,289.094,446.088,290.948,356.443,507.267,576.949,267.043,628.634,318.269,
258.108,449.976,371.624,401.449,306.491,298.721,422.896,229.391,128.2,394.772,207.334,177.228,192.106,309.904,210.31,
360.07,454.75,659.925,425.237,445.09,264.572,270.155,332.459,452.986,433.479,286.335,240.354,236.18,289.976,598.71,
364.686,287.839,409.263,211.158,302.856,457.392,297.546,297.743,364.06,464.471,181.762,277.578,589.957,236.37,182.912,
209.259,285.169,213.102,255.134,213.389,207.151,299.311,269.051,391.053,500.941,224.569,337.989,322.357,205.096,349.865,
474.388,213.314,279.227,291.205,377.367,257.297,492.418,337.215,232.045,173.083,229.015,343.116,275.922,361.542,297.139,
186.805,324.566,129.434,284.967,281.575,275.137,165.417,317.366,520.975,527.878,391.162,292.141,149.535,212.778,502.826,
296.826,310.61,292.077,295.654,137.265,389.401,367.709,303.193,509.301,255.593,545.055,588.551,280.343,299.481,235.531,
317.871,131.366,312.076,535.932,198.356,472.367,198.255,261.236,303.412,208.793,575.64,522.364,310.433,223.897,263.651,
137.869,361.476,252.803,200.937,419.15,269.803,238.778,223.252,281.788,117.452,324.999,596.462,708.188,629.323,118.606,
225.176,287.766,367.481,245.044,507.373,245.866,206.973,344.911,280.465,229.226,268.667,416.8,166.432,267.126,232.59,
518.195,448.065,405.318,356.667,282.876,281.512,243.282,334.602,544.774,326.272,229.8,229.807,349.606,429.792,134.592,
276.498,224.928,454.002,283.207,162.904,357.924,324.953,428.465,403.577,228.948,422.255,172.538,237.074,499.357,224.393,
434.093,413.647,258.219,257.433,241.698,357.395,232.161,280.65,246.345,339.978,398.702,137.484,432.309,495.082,322.954,
392.357,353.406,130.57,150.715,403.667,261.251,399.114,217.197,140.919,486.555,567.715,404.226,170.622,212.16,173.487,
587.516,252.471,323.159,355.018,119.493,445.411,343.579,300.791,433.443,556.913,293.907,402.471,271.802,492.582,533.727,
197.686,166.181,255.096,187.554,530.879,299.572,259.358,299.434,203.764,116.309,286.572,149.305,221.993,147.735,548.539,
241.176,337.393,285.619,232.262,272.269,396.78,721.063,533.194,201.012,164.974,405.552,239.295,178.388,434.404,288.099,
286.579,604.777,283.659,201.877,340.668,225.427,382.625,432.791,118.585,214.538,194.474,270.671,307.529,245.663,375.355,
393.406,366.075,236.754,295.218,86.6337,370.364,277.359,554.721,369.689,398.547,214.385,412.063,272.581,199.785,267.747,
191.395,179.172,311.899,212.918,315.24,188.427,459.285,167.695,312.13,350.254,412.051,147.125,209.259,267.153,484.816,
247.128,439.364,360.256,137.611,253.236,233.001,159.233,217.848,280.16,225.317,403.37,278.278,689.321,276.489,613.197,
352.088,474.649,186.497,276.973,481.738,255.253,403.892,504.912,589.967,203.791,196.614,167.692,150.672,238.909,168.287,
511.356,196.259,395.484,192.795,447.756,224.808,235.982,228.843,418.661,229.497,243.833,133.64,186.347,329.777,298.871,
307.23,162.801,430.648,128.055,319.89,204.538,449.744,193.507,240.256,295.743,424.378,311.991,212.574,309.714,243.142,
518.828,192.423,314.24,153.443,335.159,118.399,201.788,262.358,327.565,331.258,628.701,152.662,377.417,583.878,225.63,
156.715,448.271,322.653,196.12,328.752,248.284,342.739,286.631,583.046,412.559,458.71,446.968,159.238,233.066,165.361,
