189.633,483.71,596.32,567.119,268.258,436.581,427.222,201.812,500.669,501.914,644.081,424.864,774.718,608.195,159.177,
139.784,188.339,435.616,551.46,600.201,199.004,255.465,615.714,324.028,273.995,242.563,348.467,263.128,239.622,434.233,
354.852,305.264,362.295,211.129,172.557,407.954,197.752,203.618,170.643,156.084,186.555,482.093,203.097,312.592,393.32,
98.1575,509.122,261.211,213.826,340.081,203.318,129.926,141.31,480.521,53.5997,129.717,431.815,534.139,542.267,318.425,
82.603,289.214,142.267,204.199,382.719,179.009,155.094,178.772,457.612,195.856,284.484,268.361,61.2884,105.378,249.472,
115.607,56.8183,69.912,127.146,144.456,121.385,245.989,60.213,399.864,118.009,145.768,463.408,337.756,67.9697,134.802,
273.635,120.357,281.398,55.3685,64.4602,87.3604,146.896,387.139,325.8,61.7653,63.8125,207.046,183.099,322.74,351.322,
244.727,199.074,60.9673,291.114,56.9991,238.799,60.7075,424.581,56.2894,126.67,63.2561,64.1762,108.306,52.4126,154.172,
560.26,189.71,80.5569,130.786,431.622,61.0163,99.8095,184.39,53.5231,231.659,55.616,112.351,205.995,112.697,160.59,
215.822,67.5074,88.4897,54.4188,111.659,54.4632,186.473,295.092,53.8779,61.1971,130.23,284.038,117.664,273.269,53.56,
124.438,68.191,70.0627,208.049,222.965,97.0526,60.2188,96.6862,130.789,156.404,74.9932,71.1999,561.171,189.868,78.3793,
50.7868,281.45,67.8304,240.452,70.3981,69.7298,58.4335,105.58,111.802,156.927,281.974,56.9819,202.725,56.2065,50.406,
189.35,51.7486,289.871,56.6602,74.1747,54.2438,59.6341,67.2395,58.1694,55.3197,272.503,55.9326,49.2468,78.1689,48.0283,
47.6711,52.8693,202.371,53.6901,268.758,55.9706,94.0954,66.5191,165.257,245.98,69.8493,73.2249,169.236,66.117,88.0363,
288.365,214.132,218.164,132.616,195.523,66.6901,96.356,64.5575,50.8381,60.7762,61.5597,166.434,54.4677,162.401,91.4256,
102.538,409.106,209.435,129.819,295.52,94.9158,57.9465,142.98,59.352,83.706,173.351,55.7805,49.3193,50.8065,182.438,
52.4367,218.441,341.191,66.6316,74.063,158.936,56.732,59.484,56.1032,60.1918,60.2277,107.928,65.4833,149.665,44.8627,
55.7252,159.2,57.6963,53.471,51.6228,393.281,109.757,52.0692,87.8482,59.0703,168.929,55.8544,493.214,52.2928,47.141,
67.0146,169.434,68.477,74.1065,77.3324,68.8865,60.1131,50.4246,176.768,157.646,152.901,179.76,155.07,156.04,84.0769,
102.131,50.0279,50.7302,54.4437,59.2927,54.8751,109.751,54.6788,55.8967,53.9124,185.483,48.477,61.9698,194.661,59.9219,
132.363,59.9057,58.6831,52.6726,50.141,48.842,67.3166,48.8486,110.739,129.61,405.027,116.995,119.015,56.94,52.7104,
70.7376,213.128,291.831,119.213,68.0681,60.3102,77.6905,231.899,58.0856,53.0318,52.0819,228.498,58.2989,50.5557,193.67,
58.5763,65.2786,62.3472,55.3602,190.125,156.339,115.181,51.8918,208.491,140.105,58.7205,54.5982,137.45,68.7612,48.806,
215.684,192.953,62.119,61.2991,59.4312,47.1259,155.379,53.9431,107.065,68.6503,53.9464,54.4606,357.582,56.9827,50.1141,
62.4283,296.703,55.5234,72.1131,49.2562,58.6743,79.7294,50.9729,129.297,56.186,184.344,198.582,59.5451,53.8034,54.0745,
64.5001,63.8127,59.2619,224.022,53.2261,143.042,229.312,51.54,110.071,52.5984,56.6067,110.142,48.932,57.0543,58.0779,
345.148,70.2782,120.64,58.7768,54.3752,228.173,55.2914,52.3152,70.1243,66.4656,175.019,151.479,57.5842,59.9388,55.8988,
48.8234,51.0344,190.873,163.664,173.608,52.1144,131.844,333.174,57.791,64.501,134.399,47.8354,62.8287,59.0676,58.5184,
54.4281,69.6881,51.7587,50.2706,67.5513,103.09,52.8708,57.1832,337.38,126.057,231.394,99.7967,58.4041,46.4688,57.2724,
55.1135,66.6612,82.3645,69.5944,62.8488,52.9417,68.2096,47.7545,102.081,111.784,98.5628,131.216,47.809,57.6177,62.9182,
245.038,183.836,54.7946,58.2265,61.7942,283.272,49.9551,74.4327,59.1535,56.8591,234.158,129.515,213.642,55.0837,52.9008,
197.879,58.6814,52.1678,249.322,188.555,222.506,57.2702,59.266,59.523,272.959,147.456,52.0234,127.619,50.7858,47.4357,
53.6087,289.975,215.104,63.1872,147.823,65.2405,54.2568,101.902,53.4534,102.219,54.7951,58.4958,50.7393,49.028,50.668,
52.137,57.3983,62.0959,58.8973,55.1862,54.1267,52.1422,62.6269,55.6378,55.9501,55.007,59.5406,192.141,69.0398,54.5345,
75.1703,88.4159,61.1427,82.6147,192.722,47.7808,221.224,85.5148,54.6863,54.5173,51.4061,51.6547,60.4428,450.53,55.7769,
192.322,55.4113,61.6875,55.9243,285.389,110.863,51.989,159.317,50.2787,164.215,54.1402,134.427,94.2892,56.5755,52.1852,
97.2484,177.885,48.1785,56.5192,56.4347,53.1613,61.5664,57.3181,56.6181,57.7137,62.2839,119.494,56.0551,97.0082,53.6258,
178.216,54.3654,51.4857,60.3723,51.5981,238.822,76.3721,79.7677,56.8114,57.367,56.0297,54.6726,371.369,240.491,51.2836,
340.773,87.5699,84.9244,51.3448,51.9665,64.7064,98.1941,61.2518,55.9997,53.8318,55.3469,53.2469,49.8509,50.2023,76.9973,
52.9314,316.162,244.477,221.562,59.5636,60.0911,51.4202,68.4647,49.6924,56.8482,132.979,50.2327,64.7295,239.704,292.684,
50.3291,48.9768,61.8919,225.318,52.2424,58.1132,119.477,53.0592,66.9117,65.5535,166.786,100.314,153.618,112.977,52.7919,
73.972,243.615,53.5149,72.9975,130.551,54.6386,49.656,57.506,56.5014,48.9041,214.206,453.003,287.788,64.6898,49.9032,
161.318,50.9788,49.7359,50.6828,53.505,56.8621,94.6867,200.348,58.8207,65.63,115.131,56.7858,59.3359,52.1236,58.3317,
54.552,57.7144,418.615,53.7309,53.9222,54.1873,159.197,138.125,53.6575,123.688,54.3475,56.1753,94.0465,50.0109,335.619,
145.823,73.7734,53.6997,52.1428,143.298,51.1305,60.5221,54.2624,50.9259,101.25,231.33,55.5925,56.2822,193.697,100.95,
72.4088,62.6786,203.926,52.7939,85.8038,58.0592,139.178,65.3343,276.658,104.251,64.2528,56.2991,149.086,56.9216,63.8436,
57.8844,57.0067,114.143,308.315,202.667,211.754,127.095,82.6686,55.3297,65.0975,103.212,50.5352,226.071,53.8171,211.277,
120.501,62.9077,49.2373,60.4971,56.2212,58.5924,259.11,56.7405,199.474,50.8172,108.026,54.6654,53.4532,57.4271,117.832,
52.022,93.485,180.725,50.7024,52.266,70.0805,59.1368,140.572,53.5604,50.0219,48.7674,52.3726,58.2369,66.644,77.1128,
240.515,237.429,48.3557,54.6743,142.654,54.9899,67.3954,152.774,56.2309,68.5841,49.257,293.755,50.7383,187.123,55.6175,
52.8065,52.5641,54.1981,74.0512,58.2073,147.858,48.8513,105.495,464.134,63.023,65.3902,61.8194,54.5092,56.3461,673.161,
146.562,48.1428,55.3296,63.209,54.4541,54.8474,268.651,64.1777,232.516,135.475,49.0673,162.198,60.2714,121.228,53.1017,
282.977,57.7172,49.9104,69.7941,67.4541,54.8966,57.6799,85.5542,167.258,65.9711,137.79,112.154,344.556,492.691,55.0254,
158.482,51.4935,48.2418,50.1975,162.285,53.9065,56.9677,183.347,48.8214,52.8817,53.0134,54.0362,156.759,74.2885,59.5142,
61.2879,266.226,214.372,86.4321,61.9619,58.2309,59.4143,57.9795,47.2645,60.5664,113.078,191.335,57.1538,64.0622,262.459,
69.1513,52.2148,124.096,64.3145,57.6722,219.062,53.4533,58.0855,64.8319,53.5947,57.2999,56.0859,163.49,52.6482,50.8714,
64.4091,109.898,49.1077,97.0203,131.58,111.008,83.7969,230.837,114.204,63.1876,178.658,56.464,60.0448,52.7922,356.693,
398.433,56.1669,107.747,63.0755,309.655,51.3885,258.661,127.602,77.5914,56.3856,58.9843,65.8151,208.581,462.869,130.913,
236.203,276.084,294.59,326.316,102.075,158.207,230.085,66.0867,407.884,179.498,58.5577,49.4579,53.9273,81.3267,60.0848,
48.455,206.785,176.875,264.754,217.707,67.7358,171.299,47.8061,284.423,58.4625,140.159,225.462,90.5702,68.3684,331.16,
57.6047,51.5132,65.1453,62.3313,48.5929,52.6712,72.8325,64.8268,51.5875,50.1456,55.345,157.029,50.7573,92.2673,67.8644,
225.974,212.477,50.7202,55.667,62.283,57.3057,48.4607,56.6568,61.4495,59.3336,54.0248,56.0811,93.8586,174.727,65.3947,
284.48,53.5501,75.2958,53.1864,50.3257,58.759,105.222,46.6615,56.7864,52.0172,73.2471,79.3856,59.4735,234.762,49.2179,
49.0243,107.569,55.6822,110.827,64.3166,80.7083,317.313,383.32,61.6764,56.8407,125.094,63.9508,68.6671,216.711,50.5462,
51.4038,49.98,57.2687,177.115,319.255,233.441,214.419,60.8441,52.638,328.395,504.771,46.9076,50.2784,154.54,56.5421,
55.5379,95.7293,79.4617,77.0299,50.0984,60.4322,72.7411,319.718,92.1635,53.3909,64.9399,55.1188,176.288,144.799,52.4497,
50.4116,49.837,49.0915,57.5366,54.3678,54.9888,229.686,122.937,448.364,406.738,50.6438,50.5881,228.626,59.4779,51.1537,
58.4287,53.6131,50.5109,45.742,274.883,163.079,47.8936,240.069,107.006,71.8789,51.6609,241.419,548.315,82.0129,62.1786,
49.7593,161.299,50.3652,124.98,48.7838,61.0126,244.071,62.3169,55.1462,119.393,53.1672,228.88,376.546,62.8806,136.401,
175.056,61.8745,115.345,165.853,53.5856,58.2616,71.3031,64.0597,77.6782,58.9416,282.081,60.9145,141.167,88.5067,282.887,
80.3001,59.5259,53.8932,64.8853,60.8187,53.2253,224.894,146.429,53.525,53.7742,48.4576,359.962,503.131,69.5825,179.678,
407.324,62.6526,53.8227,333.453,56.1342,146.012,214.993,55.8743,51.7435,59.6576,49.7399,80.9326,53.0263,158.703,56.4377,
46.5486,77.751,129.978,60.7257,66.9971,57.8718,60.2821,129.637,120.097,56.8931,478.296,55.7687,230.418,325.211,51.874,
73.0946,49.0282,370.859,200.352,150.686,54.4055,205.13,60.3402,162.747,60.536,60.5088,145.534,288.762,63.002,63.6426,
50.5223,57.7567,51.0958,133.187,111.615,61.0078,258.534,58.9873,63.9646,70.6629,61.8763,248.402,58.9141,63.7164,138.373,
