431.229,646.52,226.586,254.848,256.149,506.132,228.533,103.085,563.048,501.284,582.814,585.822,283.989,180.152,426.808,
259.023,123.043,82.6119,360.181,531.621,292.433,174.381,87.4392,536.89,598.844,289.991,608.758,556.77,471.465,435.95,
113.78,352.105,95.9731,230.768,199.217,234.169,259.109,125.862,121.847,182.299,144.365,131.189,369.428,95.7668,312.401,
411.986,86.6835,298.296,95.6544,80.1921,69.6486,248.081,133.63,99.3638,151.434,220.097,89.4774,359.903,90.3692,268.38,
72.1599,71.6164,130.678,93.1156,115.91,64.1759,77.6404,429.099,180.891,268.653,192.626,74.6853,453.196,93.5527,118.969,
69.5986,201.559,64.105,303.591,431.185,552.598,140.122,128.472,329.4,420.705,601.013,176.901,183.814,287.049,508.617,
277.572,299.901,308.967,430.796,135.864,338.893,157.476,346.499,114.8,141.2,342.122,227.121,81.1665,467.272,246.55,
270.421,253.842,437.213,61.1069,255.151,162.148,106.045,315.435,150.443,247.021,389.138,100.807,242.878,184.888,202.527,
279.224,203.6,117.01,199.955,108.215,73.6802,128.034,124.934,130.024,398.106,414.95,144.904,278.134,108.127,129.151,
131.766,415.719,121.655,155.252,91.746,125.925,102.079,101.068,222.363,93.6061,135.762,548.495,228.474,248.117,118.746,
408.426,262.479,259.783,78.2603,261.324,129.703,402.738,607.758,104.056,177.345,102.537,204.227,169.879,329.135,91.691,
74.0219,156.93,299.032,254.592,617.282,61.5394,204.835,123.851,199.861,302.153,60.8098,249.491,148.564,156.91,218.747,
190.857,81.9705,206.646,283.38,208.103,109.152,137.009,544.774,85.2478,300.272,114.148,144.108,132.592,255.878,522.633,
106.531,98.6029,203.491,104.112,259.001,382.889,208.898,355.104,179.364,93.962,186.559,532.201,276.32,118.464,183.562,
114.995,186.327,78.5083,213.717,90.8161,82.6894,116.448,261.321,190.778,247.024,199.608,141.193,130.509,296.981,133.708,
84.0334,165.874,75.9021,301.376,141.872,281.172,258.164,77.3551,218.639,163.356,435.402,105.748,171.478,133.488,144.807,
197.359,205.199,101.153,81.3314,165.403,192.21,164.18,621.564,92.7632,155.332,108.784,196.962,559.588,167.479,237.256,
239.215,171.26,209.132,69.6336,392.887,199.749,178.023,136.624,143.564,201.559,216.584,137.355,245.688,180.152,272.922,
110.118,251.933,476.613,134.249,247.085,550.258,124.427,175.067,176.542,241.117,139.557,521.884,146.456,326.411,127.407,
122.809,127.757,60.6116,75.6238,102.158,181.499,316.405,306.718,64.6305,142.595,81.5948,60.3433,65.9909,196.617,169.091,
101.47,119.218,190.932,381.506,234.851,102.671,120.084,242.575,175.734,452.947,83.1289,331.425,164.13,222.632,477.691,
92.869,248.961,92.9354,134.444,105.085,264.7,192.303,265.849,123.561,260.115,398.752,252.075,105.443,408.371,192.557,
286.942,164.805,267.703,145.126,285.261,245.954,102.22,83.225,120.131,317.949,249.911,170.954,366.473,356.872,187.982,
257.19,124.45,358.224,74.6034,324.518,63.3039,318.432,561.798,128.931,89.309,310.153,134.581,532.993,132.603,88.1816,
128.854,96.7783,251.228,146.879,512.047,273.026,423.643,100.493,401.108,675.732,266.392,573.682,82.3238,96.4324,404.732,
85.8901,100.874,69.7554,89.9584,63.7484,132.83,418.631,292.839,261.668,161.736,130.011,245.517,291.377,106.132,157.076,
230.952,141.759,103.014,68.756,234.234,134.45,365.333,71.5736,152.687,237.91,426.886,120.19,538.956,79.1905,80.6931,
176.821,126.102,98.4071,318.742,300.101,456.7,116.146,404.592,95.202,126.516,264.252,145.954,130.823,649.291,168.191,
86.9855,182.172,168.536,495.423,191.876,313.89,84.6559,346.612,116.608,122.07,455.329,163.157,244.06,66.4929,312.121,
62.4167,113.633,148.725,213.07,131.056,107.723,104.645,354.845,300.089,76.5151,189.358,237.344,427.674,411.889,100.271,
247.618,95.0697,172.38,168.315,168.722,457.678,114.694,114.402,229.919,177.781,179.161,406.722,103.859,144.408,69.0692,
214.337,408.131,183.157,80.138,411.804,163.389,194.973,373.143,275.362,173.102,197.941,138.389,113.083,160.96,261.527,
65.0997,95.7104,79.3353,270.682,99.4611,216.827,99.5759,135.733,131.272,212.196,68.7235,81.6349,480.615,76.5669,72.4277,
57.6723,128.772,143.72,243.7,176.774,226.645,399.239,101.128,160.534,152.624,106.439,179.666,243.001,249.173,435.13,
239.498,157.517,328.648,374.044,363.972,85.7169,336.127,226.276,154.658,226.432,157.401,78.2925,338.098,328.351,97.687,
188.57,327.558,653.433,285.404,94.6026,541.703,243.204,158.757,122.929,183.928,270.975,140.85,341.424,258.064,151.477,
74.0254,102.194,153.156,367.705,415.867,481.078,457.301,521.668,68.4326,141.87,151.985,135.242,67.718,141.821,163.049,
190.778,220.521,281.227,164.56,241.743,158.039,125.239,100.363,242.952,291.586,159.215,521.399,90.447,103.426,189.744,
471.963,103.986,71.4632,62.1883,118.614,185.617,451.644,91.8281,130.596,115.552,64.3804,187.744,94.8707,94.6595,193.99,
242.826,125.08,106.674,146.945,253.574,465.12,238.992,393.771,103.922,157.091,79.1304,119.224,262.944,301.734,88.0992,
71.6756,415.383,89.9418,159.702,174.675,297.225,151.571,267.091,120.777,117.017,91.7329,439.871,76.6665,203.678,233.418,
230.493,329.111,140.27,254.515,77.7196,229.762,178.543,96.2068,264.33,309.012,209.971,71.7068,263.237,112.86,144.061,
65.2543,111.054,67.3134,192.533,98.5396,287.535,391.456,91.0148,103.968,68.2399,273.104,253.135,241.735,180.201,97.0751,
92.5181,105.947,109.71,392.595,132.081,197.429,111.234,406.46,472.022,272.454,174.566,168.965,96.3455,182.059,90.8435,
241.856,139.526,297.586,77.7723,108.225,219.423,491.164,67.6201,179.315,457.75,104.582,412.852,82.8093,318.844,421.816,
484.125,251.725,120.785,86.704,240.12,260.189,221.461,207.524,308.146,90.1395,145.355,79.7674,144.06,90.3482,466.081,
269.093,261.652,192.221,249.915,67.205,473.506,185.385,120.236,248.262,227.702,177.456,299.161,177.216,95.8621,460.575,
235.663,81.2394,340.091,381.555,286.004,262.275,298.464,238.065,158.827,517.464,144.81,98.8543,405.808,374.787,99.372,
311.739,145.026,64.843,100.137,531.213,169.797,216.897,76.3424,409.387,68.7883,267.04,263.193,129.274,137.032,230.671,
165.545,120.993,55.7362,115.382,63.3255,80.8785,270.429,131.053,63.2228,113.089,66.8887,107.94,399.855,82.1676,173.399,
68.668,142.596,230.929,199.529,259.876,349.682,111.544,298.701,137.412,128.678,61.1069,101.645,225.362,248.399,155.772,
89.8773,93.9607,416.224,239.597,71.0974,120.247,198.002,536.866,213.487,199.062,121.213,71.7774,167.959,81.2073,195.629,
188.045,116.394,217.76,168.554,241.377,86.1563,280.88,232.286,92.445,368.787,99.5697,511.12,184.963,373.004,124.69,
84.7774,59.7753,280.918,198.765,98.0119,72.8583,186.111,234.37,295.341,525.067,120.753,97.2317,70.406,449.448,136.818,
221.726,278.503,83.5451,123.139,398.709,165.246,94.5328,129.195,290.36,151.019,386.194,288.514,153.754,216.935,358.053,
59.1063,173.903,97.3214,153.894,185.565,177.247,136.596,210.795,179.433,209.523,164.496,184.305,148.63,97.2385,149.003,
206.876,256.475,132.796,77.3501,65.9839,311.466,127.953,91.6982,140.863,204.126,158.283,89.7293,66.3924,102.22,155.545,
53.1398,163.871,363.113,198.725,73.6699,290.448,130.911,134.216,105.997,69.3999,52.7483,144.078,251.272,237.806,98.3908,
240.125,71.7143,180.779,103.94,92.7152,398.836,76.3089,374.359,615.156,59.0592,253.595,290.196,118.646,365.502,124.48,
398.92,64.6338,176.913,58.3711,247.998,224.596,75.3149,240.837,110.43,159.16,161.742,225.158,460.023,114.836,429.95,
256.883,467.923,131.985,278.502,98.3155,232.998,130.249,321.557,97.6657,400.038,486.449,207.756,54.7267,169.562,223.489,
459.075,65.5399,50.7169,210.9,74.2185,115.743,86.0614,60.0586,200.831,131.223,195.225,246.39,58.2769,451.541,112.454,
140.17,69.1877,169.647,98.2021,131.189,61.3332,55.308,70.1186,177.705,106.731,483.36,134.375,212.899,252.537,232.798,
85.4002,386.232,75.7615,93.5959,111.858,71.1235,206.655,136.007,55.7699,137.476,91.8639,104.978,71.43,287.388,61.7593,
135.754,230.185,142.919,234.552,61.4507,188.589,136.862,218.726,60.4547,294.349,193.245,161.576,63.8767,158.138,465.631,
179.706,73.6805,158.451,420.576,133.279,85.2433,62.4618,155.989,62.5553,63.4732,73.8377,130.798,172.509,411.909,116.384,
80.6108,144.32,169.732,70.051,73.37,320.017,138.574,236.934,178.643,190.812,76.2211,164.103,473.032,148.344,103.708,
425.343,281.805,75.7421,56.9795,108.616,208.373,83.0885,150.878,56.601,242.185,53.3495,123.507,126.428,172.109,281.986,
150.2,139.228,206.683,109.275,344.055,441.143,61.3743,79.1368,130.979,226.801,439.002,102.887,65.0819,130.003,250.768,
231.5,57.4865,57.8107,204.674,389.252,202.682,341.963,66.247,87.1356,306.914,294.41,137.942,85.8104,148.614,303.172,
235.461,136.644,165.67,296.775,119.451,366.125,122.193,128.287,60.881,97.4177,516.465,179.464,353.718,64.6055,197.739,
401.185,139.261,60.2967,89.3926,68.4504,203.064,202.778,57.5103,64.4629,317.79,61.4786,146.729,210.101,195.212,262.81,
194.931,163.175,111.344,392.112,316.187,306.083,211.789,252.298,146.491,63.1698,283.527,76.5886,172.304,56.5022,88.4336,
223.076,60.7439,298.214,128.607,58.5347,196.494,236.546,122.862,58.9776,80.0426,182.939,180.239,356.129,344.404,115.9,
222.324,64.0201,68.5712,99.1062,180.086,72.4548,212.684,152.435,293.041,123.43,293.629,108.741,121.885,233.843,227.675,
