684.397,108.947,646.919,561.128,498.979,499.189,427.177,606.155,101.327,138.556,597.89,584.353,364.269,288.661,458.216,
198.933,63.5779,541.531,389.745,240.398,385.309,316.178,349.794,231.6,210.598,72.9237,248.017,324.796,194.308,47.1354,
215.685,50.384,51.4118,198.653,144.958,53.0458,94.1553,231.86,102.692,105.998,68.1486,103.797,203.711,265.28,237.029,
113.885,55.3491,53.1204,54.9829,49.6515,530.757,126.767,222.99,52.2694,180.016,51.785,74.9093,50.2808,265.533,70.4269,
55.3796,136.264,104.309,50.5485,49.4969,55.936,52.7446,65.7369,75.5763,465.16,51.1313,165.745,50.8328,84.4301,53.9916,
62.8712,60.6542,199.399,109.597,112.713,111.993,49.025,66.5396,51.0718,57.0298,149.592,51.7691,59.8396,205.494,113.99,
52.6921,48.5625,59.1016,114.047,174.3,47.6162,248.797,57.1437,54.2667,292.832,347.649,128.259,411.314,50.9206,189.004,
53.6313,56.8469,193.906,63.7463,285.291,59.1525,47.9086,252.325,117.445,51.3358,204.245,65.8833,318.517,299.039,53.184,
163.097,203.927,51.9935,56.04,190.17,57.0525,201.86,279.654,56.8395,61.1842,193.401,240.854,53.2212,51.4456,55.5042,
56.8556,91.971,56.0985,48.9145,62.2277,131.46,51.8771,48.37,51.2136,171.73,234.969,51.982,238.376,65.8582,58.7174,
285.022,56.709,229.994,146.676,127.634,54.9914,51.0391,57.0378,52.4952,50.6472,132.415,55.4282,61.6052,177.642,69.7521,
109.981,144.228,82.9517,57.2612,54.5023,232.737,56.5726,104.945,66.7748,61.7534,69.3527,50.6672,168.86,52.4943,112.157,
210.123,309.559,106.492,57.5232,210.423,145.884,66.5212,362.292,75.9249,533.716,141.411,63.1234,64.9852,115.937,67.5243,
141.463,525.777,62.9661,248.639,112.099,52.8197,213.165,51.3919,53.3147,116.021,182.032,60.7385,56.4586,429.917,246.512,
116.885,50.6151,54.0452,60.119,50.9672,142.029,67.7555,56.6395,129.961,169.562,74.3039,55.0797,55.282,64.7583,112.662,
78.3657,55.2505,121.142,330.854,56.6309,60.6414,67.8739,129.076,510.733,60.28,51.0097,316.534,120.366,242.993,148.755,
53.9535,60.2879,140.63,57.7537,52.473,328.072,60.5817,69.5342,48.5398,106.062,63.14,63.3475,113.665,72.9023,66.1266,
183.146,80.385,62.644,70.0234,71.3502,161.275,62.9757,269.836,47.839,52.5332,93.2299,174.995,72.3914,51.5268,55.4711,
64.1054,65.4114,138.67,53.0022,59.3728,329.993,49.2375,245.381,70.706,56.5358,54.319,64.1712,57.1251,53.3181,55.3147,
57.6427,54.0057,140.19,55.2448,63.0698,52.8035,51.0214,53.0511,47.247,53.3656,51.3597,186.179,85.493,646.267,108.7,
187.572,58.2014,49.1308,67.2123,442.132,52.2803,147.02,50.1166,122.819,461.162,449.654,55.8863,175.388,199.409,63.3437,
53.6461,354.856,188.733,59.7652,56.4878,53.4758,62.7733,56.8356,81.5881,254.285,233.781,49.5636,48.6585,182.208,339.662,
53.4123,59.5152,47.5876,52.0867,132.812,73.3008,166.583,127.542,214.668,72.613,61.4668,287.063,102.856,148.457,51.3931,
57.0475,134.173,155.031,294.394,260.09,201.994,58.1092,267.577,319.51,51.7917,54.7514,54.1455,323.957,58.302,83.1865,
53.0646,77.0117,53.4413,71.9045,50.739,64.6402,73.816,55.0848,82.2875,66.8748,51.7144,284.652,152.748,74.5621,87.1047,
121.356,266.764,57.6736,61.3548,50.6716,68.8113,60.4674,54.1017,51.4389,62.496,55.9058,150.224,336.444,60.4727,193.112,
76.3085,48.3324,164.706,189.624,283.607,65.1921,65.6947,143.783,58.9134,425.312,61.7998,54.2541,52.3214,89.6089,208.424,
55.0402,69.8573,226.893,50.3156,364.632,53.7194,49.968,319.718,52.861,89.2492,164.172,54.8687,56.8035,68.8101,200.047,
53.8782,163.996,56.9002,162.991,64.8085,59.8054,59.0829,155.595,50.7891,61.2937,164.076,103.632,63.0099,128.1,62.503,
75.1869,51.0335,59.3462,314.667,73.8438,139.699,57.0773,292.864,283.314,76.5153,175.767,124.242,58.8531,55.4302,155.009,
50.8349,64.5808,52.3549,58.6175,179.647,266.974,106.501,58.5614,64.3748,50.0203,51.2801,137.245,108.932,76.5023,69.5201,
56.2431,310.526,47.0999,61.3678,70.7793,54.8495,61.5531,54.4037,54.3003,216.554,64.6383,273.742,53.4878,55.2767,59.137,
50.832,155.64,161.609,197.34,197.197,73.2526,71.6691,52.5075,55.7558,55.8825,153.022,214.34,208.199,149.064,48.0034,
65.6033,218.342,111.883,62.4185,58.7783,51.7391,54.0478,61.9331,49.9633,62.1369,101.223,52.0787,335.811,109.347,57.8896,
208.791,269.628,51.2506,59.6153,54.2095,64.8551,50.2053,71.9449,168.519,193.7,70.2067,193.737,46.9907,58.586,190.701,
58.7849,53.9854,60.5933,55.3427,105.702,52.4057,173.592,279.114,54.05,57.4461,153.418,174.192,223.608,58.214,158.617,
59.1091,56.5363,67.86,328.466,79.8085,54.5659,59.3715,66.0172,49.5703,267.969,152.27,47.8034,220.786,65.0885,110.345,
54.045,218.865,48.1961,110.782,63.0402,52.7256,159.738,49.6142,58.6587,55.9811,53.5162,56.2987,53.7408,49.2545,134.705,
310.081,112.846,108.54,49.8351,63.4197,275.928,244.042,52.6506,57.8447,49.9697,53.8365,81.3233,57.105,101.925,57.3983,
107.043,290.956,62.7763,49.8175,52.9559,230.115,142.361,225.453,92.5729,104.632,114.262,305.768,172.689,264.66,282.837,
120.614,58.8622,53.6249,50.4784,63.353,54.3495,55.9766,54.5556,56.7077,57.5174,55.4817,49.6362,53.0741,287.867,71.1222,
52.9645,56.1991,48.4705,126.592,52.461,56.1047,126.667,141.788,49.8845,66.055,51.8094,51.3015,56.3883,49.5649,48.3296,
56.2739,59.5016,54.1948,58.6145,51.9439,65.0358,68.1434,64.6756,48.7672,87.3411,49.7954,48.2464,47.1935,52.7817,50.2834,
52.2966,53.4568,49.6789,78.0383,82.991,53.1861,73.2518,223.591,55.9282,178.591,61.341,53.1539,69.9921,132.388,50.3649,
53.7197,333.033,68.7674,57.5874,59.591,134.304,342.585,62.165,57.4723,60.0977,53.3993,55.9319,114.877,49.9669,66.22,
48.0215,133.848,225.305,56.8271,61.8683,56.4359,58.7241,52.8588,154.872,320.261,53.9021,54.9809,299.801,179.512,250.263,
82.0359,58.5415,52.3978,112.385,70.7188,46.1473,54.8978,177.828,150.584,52.6701,56.3273,140.107,105.102,71.2603,154.129,
227.059,285.577,51.2545,57.4253,59.1788,62.4008,59.4232,52.277,51.1405,62.3189,154.55,84.6462,64.5587,236.026,142.933,
119.226,55.2566,452.165,59.1609,60.6391,52.3821,108.296,57.0554,165.451,64.9526,58.6822,59.6733,57.9265,50.4172,74.4969,
55.0769,209.311,64.5962,191.999,56.0379,51.3275,72.9929,128.289,54.1491,57.4099,62.7139,147.221,60.5629,150.449,56.0462,
48.8218,49.3593,163.146,50.4579,249.169,95.0228,59.5999,62.5272,56.8364,69.829,156.552,54.4596,52.1598,136.434,63.5244,
265.281,56.7572,104.392,52.5514,67.0949,48.7892,184.244,61.8173,148.067,55.9381,62.183,60.04,272.143,176.871,66.4652,
88.5267,52.5909,99.8302,243.959,330.818,48.8257,50.952,49.4302,62.2065,51.6237,51.0332,349.1,60.0394,53.2032,59.0731,
106.397,57.8203,61.7213,193.858,130.941,182.061,51.93,409.724,200.603,54.9744,155.481,60.6033,355.221,48.7582,345.54,
51.0028,51.3143,57.0119,263.857,48.6006,51.3053,168.662,52.7864,116.582,51.6799,50.7524,52.6393,68.2175,238.655,164.717,
50.3549,178.03,56.9879,435.045,52.5479,50.3488,47.6255,54.3775,64.6855,51.7028,56.3285,267.076,49.1402,55.503,49.3709,
62.2881,64.9381,163.385,119.834,51.7207,65.1782,177.608,252.221,120.291,391.033,159.422,53.0635,579.621,159.321,51.3723,
50.4515,66.373,52.8825,139.856,115.726,59.1471,173.25,63.1437,520.074,66.4178,150.209,286.957,57.352,216.951,50.5684,
48.085,54.715,50.8298,64.4695,221.151,56.3622,223.815,218.552,48.3171,50.5046,57.9331,152.287,52.0764,48.5712,51.2684,
206.829,95.9868,139.178,60.0952,52.7007,58.3851,67.3681,51.5817,65.9114,53.8813,350.286,52.3844,48.5728,54.3623,57.7801,
51.9499,54.0315,51.1424,49.2729,251.876,65.1646,61.8289,60.6084,63.6037,57.6275,68.4972,49.9054,162.813,50.1783,56.7728,
55.2416,59.9186,56.9728,53.6719,99.5093,120.395,58.3928,49.8576,53.5284,63.6199,50.0626,47.5806,47.8084,54.432,239.215,
150.187,59.1294,51.4337,158.523,59.9478,55.2028,53.1953,52.8334,293.655,117.713,50.0877,54.8667,102.719,57.5425,51.4419,
62.9407,49.2323,57.8205,272.499,188.064,428.537,66.86,48.5149,156.593,92.1766,60.5425,109.622,136.764,387.383,54.3264,
111.959,366.366,58.3382,47.4848,58.8149,55.1819,152.922,300.106,126.908,277.381,146.15,53.357,57.9652,51.2876,56.4967,
54.4645,59.7183,102.226,50.0076,287.736,55.3754,63.199,52.3115,50.2318,59.0741,50.0275,50.7901,188.252,52.5543,124.142,
52.7393,102.349,52.6106,120.02,67.2659,379.996,253.132,49.9528,112.525,52.578,53.1298,56.9794,56.9741,61.785,59.31,
47.8709,51.9506,135.768,86.5532,53.4832,124.803,220.678,137.702,231.859,228.055,53.9717,76.8719,213.043,128.406,47.3879,
132.337,50.7495,58.7182,170.981,60.4768,56.3952,65.3149,55.4122,54.1851,49.8454,52.7334,52.8054,48.0596,57.3408,51.4014,
48.3806,60.2244,53.1803,105.161,57.1054,60.8557,59.3998,52.5148,219.333,55.1271,110.911,53.1721,221.253,121.829,53.8521,
57.7854,165.611,182.206,151.669,213.975,49.1946,54.069,204.603,56.1167,49.4768,58.1236,50.361,147.134,48.8664,51.5608,
60.0824,48.8275,103.195,188.672,59.4397,56.9284,51.9017,75.3803,61.4499,52.6399,187.51,154.428,53.569,46.669,57.8054,
58.6065,54.774,320.948,53.6266,51.3469,55.5077,121.515,52.3184,51.9513,69.2882,48.0986,63.7866,136.067,165.888,56.2109,
125.622,202.28,298.19,153.434,181.692,59.048,248.118,61.2672,110.045,59.0388,164.75,51.6303,169.582,113.301,63.185,
49.1702,139.115,51.9881,54.0776,49.7648,590.865,207.709,164.651,247.328,52.0947,59.1974,61.9242,190.635,48.0177,150.179,
