201.266,447.563,495.589,647.51,615.481,745.158,573.731,591.344,739.618,633.402,549.711,516.34,580.296,564.24,715.637,
415.198,600.221,655.516,683.836,493.579,475.092,679.773,767.908,666.516,374.971,504.702,531.01,343.171,242.086,640.378,
447.606,679.001,339.791,674.818,381.804,686.343,540.089,628.089,698.579,347.136,264.004,575.415,379.75,292.943,329.398,
611.089,643.448,656.896,521.984,407.414,748.423,351.483,312.202,388.623,500.93,638.655,232.811,339.247,407.462,389.389,
733.661,268.643,564.428,449.743,741.569,679.582,541.765,705.615,289.621,688.369,359.792,455.222,588.591,762.908,616.45,
627.188,316.807,488.598,361.63,309.986,361.632,528.597,674.589,549.647,271.308,657.634,491.877,236.541,383.728,595.386,
257.356,293.141,281.441,411.537,684.454,383.212,679.425,337.463,582.834,489.947,662.906,387.241,262.405,658.142,731.268,
586.013,360.152,573.713,306.738,365.303,525.259,615.776,437.989,646.077,349.679,744.424,434.023,376.975,473.563,741.263,
308.582,759.275,339.729,680.209,558.379,739.853,714.582,685.164,543.211,416.69,483.737,444.843,712.14,654.665,287.064,
491.182,703.095,392.312,671.259,445.267,603.376,729.699,598.822,623.126,540.259,629.893,632.067,204.327,665.065,191.528,
729.915,516.515,359.725,285.031,427.809,266.041,531.029,720.742,727.631,575.57,659.103,333.998,325.294,621.762,372.122,
769.099,699.634,450.975,710.033,568.383,555.698,335.342,370.195,309.655,390.833,275.826,541.864,488.5,363.391,361.864,
437.582,363.811,555.562,707.604,561.686,320.83,688.67,706.43,653.036,407.268,583.558,326.033,679.429,555.844,403.725,
441.24,487.075,598.069,706.07,698.135,636.859,442.399,389.31,384.403,421.316,728.577,586.413,585.944,615.968,651.25,
432.001,324.094,281.968,728.897,680.548,704.9,644.672,724.116,619.825,355.019,500.196,263.693,462.311,301.842,693.159,
406.878,388.02,749.87,437.413,313.252,286.998,731.658,534.503,524.381,265.357,703.598,410.586,564.971,455.507,696.815,
665.397,688.997,625.34,280.5,580.776,677.075,390.638,288.917,420.26,710.174,458.974,475.065,527.491,413.308,687.453,
678.564,284.923,659.042,661.473,688.209,688.226,531.467,644.098,493.756,588.405,355.47,682.531,282.93,346.036,303.617,
601.528,405.279,322.883,423.009,649.497,688.467,333.427,670.285,224.289,466.047,676.913,375.625,290.142,576.546,474.358,
680.218,207.322,374.304,492.511,624.418,625.374,427.498,361.634,404.102,350.273,436.688,632.41,675.319,357.506,313.961,
492.388,429.601,420.746,402.662,738.979,724.754,673.36,552.235,634.656,676.368,565.612,672.5,665.672,694.4,533.667,
332.323,741.122,512.07,403.072,317.591,720.899,487.502,389.582,666.525,678.288,577.241,618.479,323.559,716.966,688.62,
496.864,503.753,419.234,675.897,509.494,396.783,633.106,436.897,622.884,350.216,669.149,343.228,510.529,532.912,543.368,
523.489,583.377,701.474,592.258,217.213,371.403,365.963,642.54,472.762,380.023,438.017,540.828,667.185,541.829,542.788,
501.464,702.977,326.895,474.86,410.962,519.914,253.29,751.912,302.331,550.974,336.535,405.025,235.315,599.904,551.863,
431.554,381.837,262.599,635.759,719.845,441.782,644.18,506.923,589.113,536.32,304.636,373.752,740.899,275.114,361.804,
353.402,608.163,388.747,360.425,690.369,438.1,650.883,609.692,663.248,710.848,290.288,729.719,446.808,604.758,533.879,
310.718,400.005,663.812,629.992,456.62,460.117,509.867,611.603,367.957,599.737,385.516,359.57,422.386,605.918,487.54,
388.468,501.845,439.25,339.34,375.329,641.097,684.96,527.048,749.47,715.984,565.574,469.75,324.822,318.62,476.411,
332.54,616.932,604.69,606.281,676.643,429.496,257.346,671.08,544.151,616.222,497.168,474.656,329.67,535.915,449.612,
515.253,666.34,530.678,343.896,712.855,571.759,534.776,360.427,279.87,306.05,657.414,439.125,524.42,648.614,642.441,
569.926,706.506,446.68,268.411,636.321,665.725,674.036,700.12,641.219,392.142,700.437,334.445,718.468,384.196,402.622,
624.523,196.642,637.207,366.415,744.044,223.833,664.761,689.083,399.401,561.934,316.811,474.977,402.924,634.451,370.604,
680.555,540.172,522.109,464.67,246.313,577.462,444.506,422.849,403.698,705.41,664.874,372.927,703.651,649.746,308.268,
652.691,352.95,424.298,486.072,281.753,643.173,427.583,604.889,503.286,475.469,676.838,627.025,522.297,454.656,280.605,
647.631,618.001,404.555,503.684,356.826,596.748,601.783,386.174,253.079,346.162,324.206,566.083,348.043,477.462,605.536,
494.407,517.454,682.073,403.845,319.375,680.766,708.192,721.29,659.759,446.22,600.357,417.555,584.741,677.302,424.364,
503.333,670.008,689.348,310.522,718.678,745.016,365.34,606.517,491.236,326.484,278.655,637.074,410.835,431.539,376.399,
641.095,491.078,519.337,678.977,663.537,338.764,660.813,497.574,504.008,624.149,364.15,499.209,533.435,657.347,688.059,
576.714,359.683,540.706,517.804,460.391,642.221,307.82,496.046,321.566,706.707,384.393,465.6,679.498,375.761,560.653,
502.444,461.646,381.102,748.357,705.473,592.2,274.64,418.228,507.637,667.347,338.569,699.014,516.403,405.227,718.115,
490.891,618.255,639.765,577.706,455.988,533.609,652.238,530.088,360.157,372.627,292.038,386.861,627.895,654.254,587.888,
402.927,309.15,580.385,236.363,423.234,558.766,580.159,360.647,318.965,689.697,386.003,450.484,405.409,272.164,419.53,
634.004,632.506,429.301,691.272,355.901,487.023,573.991,599.076,525.143,516.997,565.182,683.858,276.605,699.402,686.816,
372.072,602.21,437.507,650.425,415.845,661.044,441.489,351.929,644.185,505.745,668.268,235.708,639.426,673.692,449.618,
671.459,590.583,494.912,601.079,596.041,661.315,711.194,496.227,477.365,302.97,643.096,672.904,490.844,639.003,763.746,
629.396,351.553,624.894,370.04,592.023,335.143,433.375,665.729,646.179,449.854,513.263,448.281,579.372,679.553,678.424,
354.336,408.563,316.38,602.546,234.291,344.332,654.501,679.508,297.509,310.461,706.454,416.496,319.329,475.456,423.767,
576.344,505.162,476.013,273.517,212.071,533.605,461.162,421.545,393.212,717.41,300.05,533.376,670.901,583.662,286.081,
663.839,648.777,469.577,541.9,620.646,617.741,636.732,505.943,567.468,742.785,439.925,251.778,334.873,315.396,556.632,
316.447,675.514,627.448,581.609,604.212,253.35,518.714,431.419,548.119,619.609,452.934,737.953,496.804,263.536,623.386,
684.31,416.042,699.171,346.714,296.009,622.933,488.272,665.145,306.03,628.364,747.582,388.043,488.933,659.436,709.272,
604.893,645.635,626.211,682.338,373.622,367.478,730.855,449.458,746.894,648.799,364.045,625.241,632.177,418.243,580.5,
708.256,745.897,526.307,412.189,378.918,606.082,292.713,620.906,632.759,558.158,456.677,435.72,479.076,274.281,427.774,
331.445,750.095,493.573,503.159,292.56,484.215,417.759,337.014,554.926,352.772,529.68,253.942,598.508,394.919,585.685,
448.009,418.616,536.882,679.264,689.892,527.822,324.388,510.411,343.963,626.721,598.491,380.427,703.825,286.162,713.953,
619.599,688.017,204.752,297.594,624.755,274.889,365.309,387.497,617.834,325.407,654.737,381.809,298.328,393.745,264.609,
505.705,715.428,630.596,329.204,517.062,702.415,334.963,344.312,481.931,703.433,451.901,526.368,645.523,297.335,603.782,
605.463,656.784,354.611,554.888,354.284,524.497,320.902,483.498,418.198,761.24,582.746,347.588,590.458,480.657,654.304,
456.67,310.345,610.902,613.878,389.825,726.137,699.32,386.508,357.485,361.151,682.532,490.61,671.062,640.081,379.609,
694.445,722.797,329.138,334.221,659.737,371.863,610.764,688.928,426.45,658.262,645.201,310.816,716.566,433.073,323.053,
482.997,649.894,626.05,625.349,439.016,431.613,623.564,383.231,516.594,551.901,628.562,648.215,351.491,702.653,644.469,
742.13,615.3,558.612,702.177,647.912,465.104,634.565,584.983,668.289,441.087,684.616,603.634,261.707,663.231,680.539,
268.099,434.626,560.394,343.857,310.723,687.213,609.214,616.539,524.841,485.301,733.555,635.943,516.748,546.95,564.174,
298.64,285.303,294.552,625.017,615.01,484.192,448.29,404.73,517.914,373.79,425.587,350.128,529.861,270.169,252.844,
316.592,531.781,628.847,629.212,317.104,287.079,175.637,499.125,281.64,748.779,446.778,356.98,395.715,554.081,463.286,
624.244,662.679,231.152,697.408,532.486,367.708,413.815,448.416,419.792,639.715,499.273,682.686,655.291,330.225,590.451,
447.076,653.683,413.308,353.748,469.466,702.776,339.306,341.146,406.758,646.354,686.711,711.398,307.861,335.444,462.196,
655.806,580.076,658.787,532.77,448.444,613.545,401.734,266.349,313.24,644.919,320.007,724.581,699.935,523.019,581.973,
286.675,343.224,370.548,393.835,572.941,473.823,227.653,550.076,470.694,263.378,644.521,214.732,642.038,760.604,384.279,
659.587,677.72,582.854,279.686,665.024,689.32,313.46,690.612,251.26,332.807,633.569,589.138,360.123,339.842,498.674,
518.632,468.152,371.25,268.766,529.569,649.786,359.355,682.396,308.911,239.866,612.517,620.291,734.778,723.885,412.053,
325.413,412.116,254.201,289.716,591.389,432.656,544.422,602.796,582.094,253.318,514.425,354.607,582.692,399.719,534.339,
487.589,383.402,338.027,458.125,596.502,333.065,700.851,249.319,281.126,630.983,491.894,256.039,717.635,597.013,484.841,
229.712,431.343,626.294,639.034,390.725,380.118,671.95,662.505,397.898,311.288,315.371,704.824,667.889,275.363,264.743,
