432.829,318.765,52.684,608.865,410.664,475.689,613.182,507.73,577.772,463.318,221.708,310.579,226.497,572.355,317.658,
55.476,287.919,374.556,206.441,521.599,115.228,63.1198,45.5365,62.3042,136.817,130.994,66.8054,128.527,478.971,284.239,
60.7414,63.7632,302.055,46.1067,57.02,199.119,47.0609,51.0421,71.5955,75.5385,59.9357,57.9036,65.8637,52.7071,55.9534,
58.0497,52.7101,54.1633,53.0998,47.5856,44.526,60.9031,283.707,57.9359,103.111,62.0414,55.7,128.716,49.2899,48.735,
54.4081,57.3107,53.6828,53.0483,53.1066,57.9807,323.478,47.2211,69.1195,51.4363,50.1976,58.936,52.2352,173.265,58.1052,
58.4283,49.5756,52.7311,53.9498,49.2636,47.9418,64.0403,579.192,157.202,62.9074,49.1729,402.566,48.1468,57.3444,47.6144,
51.7709,227.744,50.8538,50.0983,51.0892,51.853,53.0991,53.6041,56.9946,55.003,50.0783,51.7918,114.864,71.8222,61.9626,
49.4129,49.2646,92.8439,54.1512,50.6263,65.7285,65.9946,65.3835,60.6224,60.9693,53.082,51.1052,83.4253,47.6175,48.654,
48.6851,50.7975,53.487,48.4672,53.9819,53.9147,60.4667,70.6077,47.4126,45.8809,56.332,255.501,50.4923,46.8055,47.1979,
51.0176,52.6053,51.9897,47.0664,52.6276,168.669,46.0432,58.481,46.5084,46.8222,60.3941,50.3863,61.1458,90.5053,53.4391,
52.2669,48.5853,48.5702,221.087,50.9299,58.155,45.6317,61.1081,55.4765,56.5579,45.7791,56.1666,49.5887,53.3509,69.5426,
449.357,48.1953,263.716,46.5299,50.77,71.3459,54.8616,44.8541,50.2345,128.944,49.8107,53.4919,482.035,50.97,47.6174,
51.8854,50.103,50.8203,211.929,54.0328,57.6665,172.188,47.6392,57.181,62.0033,60.2715,175.928,48.7941,48.6558,65.2225,
61.0911,49.9765,44.8761,44.4676,48.769,51.9377,47.552,46.8427,57.1293,117.451,250.123,120.103,45.8761,49.2426,47.7802,
189.808,47.8697,47.9421,44.0133,244.398,70.8368,48.3329,44.6677,47.8486,150.386,56.2731,44.5871,51.7745,50.3232,47.822,
187.226,151.129,52.9661,53.1388,61.0844,48.6467,49.1043,50.7866,67.9121,70.7859,549.802,48.066,53.9707,52.4394,49.0727,
67.1016,46.483,49.7981,120.644,51.6151,57.13,49.3099,52.3529,190.466,56.4418,48.9058,49.9525,68.358,57.3005,46.5259,
59.2442,50.6163,65.1031,221.134,48.8622,47.3784,52.9734,56.596,50.377,48.6559,53.9146,60.9179,49.4051,48.0528,119.531,
136.007,55.3092,49.6062,63.0395,48.8783,56.7551,67.3732,95.4268,106.78,47.5371,169.274,52.7441,54.4379,54.5258,48.6842,
51.8072,48.946,153.077,54.3644,198.444,49.751,64.0845,50.9306,222.067,163.179,79.3601,51.5047,47.0242,354.337,52.7208,
47.6128,47.0759,234.398,50.2832,60.4761,57.4844,57.6426,50.9653,47.1693,50.5928,48.1575,612.656,50.1015,463.675,52.489,
61.7615,44.301,52.9175,49.28,65.8966,66.4303,43.8039,51.6232,48.9946,46.7955,46.6571,58.4019,50.1326,65.951,212.025,
48.9915,46.1594,55.7905,43.2502,96.0024,248.08,51.4899,48.538,324.445,51.0984,57.423,57.0723,67.4852,46.6832,60.466,
52.2644,47.3527,44.7402,50.2113,52.0971,53.0726,46.7453,61.8377,195.384,51.0371,120.276,51.0078,60.1252,52.8657,47.6884,
48.2943,51.4766,48.8303,49.4679,49.9513,48.0172,49.0332,59.659,43.2613,49.8996,50.516,233.334,55.8601,45.595,47.1471,
57.6964,51.1662,48.6167,44.066,52.5442,59.0181,49.9362,57.1116,244.788,44.405,163.115,47.0403,98.3145,59.8328,113.163,
46.0639,58.1942,143.312,50.8984,51.2319,47.7867,50.7308,43.6834,57.8293,64.8503,83.9994,152.17,49.6375,62.5663,438.394,
48.2165,49.9184,53.6745,52.5349,51.9308,55.9485,45.0969,51.962,46.1747,48.863,187.503,271.262,53.4167,52.5672,57.6322,
48.0927,246.075,50.3261,57.1121,49.9955,53.2902,50.1567,56.462,51.5121,50.1957,44.4488,45.4051,50.6682,47.44,166.639,
46.2162,44.3352,52.7025,55.233,50.3643,44.3728,49.985,45.6765,45.0049,57.2859,60.2196,48.7284,50.1961,48.569,46.9781,
43.7193,46.9791,58.7865,46.1174,269.596,53.3116,50.7539,45.745,45.9556,44.6597,43.8478,52.8995,50.472,50.4287,376.01,
50.655,52.3397,47.5772,50.4578,211.195,57.1618,50.1661,220.808,46.3382,51.8669,57.403,60.3407,48.4918,47.5069,47.4175,
67.4338,49.0725,45.698,49.4434,41.9238,47.1468,53.7239,243.104,238.042,53.0076,68.1773,51.7792,49.1595,49.9545,48.3092,
220.017,46.0817,47.7178,44.137,45.7915,62.5495,51.5532,59.9435,53.2154,48.856,49.0607,297.174,56.1774,61.9315,47.4353,
49.7714,49.6614,56.7042,52.6968,50.5549,48.5937,306.472,62.597,51.6136,117.706,43.4377,58.1631,54.6361,50.1564,49.3038,
43.3844,50.698,48.6719,47.6021,50.7719,59.3761,47.1796,66.1073,452.713,48.3615,52.1424,60.5216,51.0612,45.1071,50.2426,
54.1013,47.4145,53.0386,242.285,43.7328,56.0045,51.0603,58.2097,134.319,71.7671,63.1875,45.0519,94.2464,54.8215,50.8086,
46.9808,52.9245,46.7578,45.4643,53.6607,59.2859,45.5423,153.159,48.8947,53.8601,50.4139,55.2721,489.789,48.46,44.3464,
53.7359,50.3819,47.4777,72.0255,84.6533,44.16,165.973,60.6597,57.4115,49.2402,161.38,269.655,44.9397,131.329,46.4771,
54.4917,362.705,50.2562,44.8328,52.0833,59.8635,51.5731,53.4667,257.747,66.8836,49.2756,49.204,59.5084,238.749,63.1332,
50.3987,48.5732,44.9932,52.3107,223.511,63.7388,80.8141,202.443,59.5245,49.59,50.5709,46.0055,47.9047,43.9328,46.8676,
57.7525,59.4716,57.5717,53.4189,57.0158,181.404,53.463,48.9135,51.4738,331.854,50.8353,168.224,52.3701,238.093,147.573,
53.2021,59.1067,49.2082,56.0804,64.1039,47.6949,51.3874,46.6628,46.6028,52.2766,46.6777,48.142,435.907,46.7527,46.4275,
45.4089,50.1793,72.2333,48.6145,49.7251,48.2034,147.008,253.522,44.7328,55.0606,47.0292,50.1588,66.0558,53.8089,57.4085,
388.185,47.882,56.1355,71.5265,51.5373,88.401,49.4866,69.3444,52.1562,47.7868,47.6091,50.4503,59.0619,48.6337,117.877,
46.5475,65.3836,53.5509,222.599,49.8377,68.072,52.0387,58.947,48.8928,139.553,260.889,71.67,46.2007,55.4592,70.2802,
165.052,181.375,55.4817,74.1353,46.7824,53.0177,264.045,440.421,58.3078,52.7225,47.1712,59.7074,131.316,181.375,172.592,
60.0217,54.4581,131.849,47.3229,210.286,54.3342,70.3609,55.7127,44.7023,153.382,56.3115,184.811,50.2819,79.7017,53.298,
65.6885,168.498,333.554,76.1869,46.5908,54.9006,102.225,60.3845,88.9909,177.84,334.062,68.1529,60.572,56.6993,50.3212,
46.8501,47.1829,45.4637,239.237,63.3211,210.774,107.599,51.2384,60.9392,71.0969,75.2128,48.6219,48.8678,532.735,109.136,
164.256,50.1332,48.0774,171.049,56.2118,83.797,47.3608,170.867,49.689,47.0311,48.8358,45.6468,58.9146,46.8856,66.9736,
230.524,49.386,92.4346,49.7149,65.6343,62.4146,49.5237,134.884,42.8976,209.689,48.2809,62.7665,51.7553,49.3334,166.855,
54.6138,52.9678,447.331,92.1049,49.7099,121.627,51.5375,53.2574,50.2964,46.8897,51.3365,59.1594,45.1471,52.3637,94.8284,
65.5843,46.3874,186.574,48.7167,58.6816,47.111,65.9242,51.0772,48.4824,45.3442,53.9576,49.0225,45.1776,45.3748,258.747,
47.88,60.1213,53.4418,50.3707,51.0151,47.8479,49.1239,50.3834,54.2997,57.18,46.9883,43.5908,51.5726,209.046,53.0399,
47.2506,45.7198,53.7601,238.39,52.6454,49.6947,68.3825,226.362,45.2233,51.9214,47.999,54.8528,47.6433,57.6897,53.1971,
49.8885,211.232,63.9211,74.826,54.9686,46.5082,176.803,100.791,56.274,303.408,44.6285,49.8455,49.5052,45.1393,57.491,
225.778,46.1866,45.0063,69.391,50.9281,74.9735,53.9629,48.0895,378.779,52.5548,286.425,45.8709,45.5191,53.3985,91.9771,
44.8563,48.2948,158.775,49.9397,46.4035,57.4469,45.0625,42.8418,147.969,206.117,156.15,59.5372,48.1085,43.4563,47.818,
497.697,84.8387,47.4549,45.1815,219.164,259.167,44.0904,142.037,46.5299,60.5729,303.737,46.9433,48.6627,269.234,45.5375,
51.3638,46.7012,47.4331,313.212,46.7849,145.526,198.748,48.6972,47.6988,56.7739,324.647,54.7238,84.3105,47.0578,51.4431,
55.8816,50.7433,67.2271,57.6094,80.7903,56.0555,84.0439,47.9448,48.35,51.9209,592.69,44.8781,46.0097,266.057,45.037,
126.548,56.8124,46.359,52.5745,56.1834,170.306,48.7536,45.5809,51.9706,46.0054,53.4165,59.7144,467.926,49.6883,102.174,
46.2602,44.0595,63.2703,47.4072,146.438,56.7957,51.345,106.934,57.1818,185.011,343.042,239.065,51.2095,173.955,54.1877,
47.5454,49.27,55.4516,58.9557,50.582,46.2133,48.2829,52.7353,109.078,52.4907,48.2583,55.9637,49.6964,50.1394,48.4434,
162.128,45.5699,49.7379,210.799,51.2107,43.6831,113.86,240.702,236.067,51.2024,44.2637,349.614,56.3485,56.6726,51.5692,
51.6944,54.0867,58.2738,46.9327,272.145,48.107,69.5942,54.3417,56.9825,57.579,61.8186,46.7946,429.064,46.0725,43.961,
394.541,44.7864,47.222,46.7888,46.2141,53.2665,53.092,55.0082,44.8306,48.4269,56.3809,47.0947,56.9981,46.0163,105.546,
54.8259,48.9688,185.42,49.1387,56.6311,45.3898,47.3838,245.859,48.9676,45.6704,46.8031,428.821,55.263,46.0558,52.0893,
59.4651,52.1866,50.8863,55.702,49.4414,48.6507,51.3711,50.0422,54.619,59.335,49.792,45.1576,216.3,54.0754,282.662,
44.8386,59.2437,50.8831,177.761,59.553,138.868,54.3022,53.8189,48.1825,235.952,55.2242,48.9417,49.2957,59.768,48.5549,
73.4283,245.336,48.46,169.774,58.6993,45.2811,52.6466,258.768,104.355,51.4253,126.313,65.4388,289.33,146.213,46.1563,
45.1826,43.9822,413.825,333.955,339.457,50.3369,51.1402,55.3367,378.113,43.5833,171.853,55.6683,51.0544,49.3426,50.8339,
51.2383,48.2579,153.961,46.2701,46.0254,56.5921,346.046,53.8818,53.4621,302.947,44.9993,46.1271,45.9621,54.8955,189.547,
46.596,64.3177,51.75,46.9867,48.188,64.6607,54.8317,48.6456,208.355,47.3783,46.5603,256.942,46.2495,312.083,44.1758,
