557.052,659.382,367.256,513.29,434.701,616.646,539.545,514.604,427.323,313.868,408.359,470.548,599.613,248.152,610.972,
199.825,356.659,598.982,211.781,477.751,235.117,551.036,228.28,165.802,405.67,487.541,278.4,228.505,285.958,544.521,
126.501,232.222,311.95,281.649,337.778,119.066,318.956,372.491,348.632,311.786,137.443,337.689,275.708,118.056,509.811,
128.684,316.915,391.431,300.812,257.269,235.871,121.14,70.4851,334.127,110.28,342.097,199.124,228.682,70.501,451.73,
129.622,142.157,186.029,530.178,134.111,220.593,53.5216,480.531,198.008,495.819,182.875,388.911,45.5622,95.1036,383.883,
94.1661,81.5284,55.3093,187.999,236.797,598.373,197.502,153.798,344.848,391.154,326.065,157.298,408.025,84.2693,287.714,
346.516,110.565,51.5385,72.0395,68.5735,74.4099,104.665,62.7246,49.5843,222.449,43.5494,72.4732,66.0453,124.861,194.485,
157.933,112.183,152.965,44.0049,211.673,56.4505,276.051,138.638,79.1242,51.0151,210.754,50.2329,51.9714,277.467,52.1987,
75.0341,318.047,53.3996,47.9322,53.8496,54.9328,50.984,55.315,128.792,279.684,48.8145,71.9586,58.9244,114.958,55.6211,
51.2762,48.9535,52.1892,58.3249,64.2221,373.314,62.907,48.7189,55.9506,56.7663,48.7841,153.054,51.9128,45.1922,52.8156,
124.788,52.7469,118.129,54.577,239.088,47.5806,49.2993,86.3611,51.8427,48.7198,60.4851,79.4782,57.312,206.013,49.4202,
467.364,55.5009,137.11,49.7679,50.0079,63.1847,194.335,47.855,49.1588,94.5805,49.1274,126.415,50.2698,56.8225,44.3988,
47.1781,326.584,53.6779,44.2176,50.3391,54.6648,315.657,48.6681,171.867,51.8998,43.6897,289.725,50.8047,66.2019,53.3436,
45.0552,56.0039,88.7528,58.768,47.162,61.7817,45.8627,46.5124,57.1527,56.0494,209.062,102.695,171.754,46.9915,48.1678,
45.587,49.4008,105.242,126.666,57.0859,47.3986,54.8666,53.0565,48.8204,48.4968,50.5235,51.3771,50.7217,110.553,230.678,
52.4723,46.3808,431.309,91.4954,45.6499,48.1105,47.8291,52.7364,63.2731,49.4251,51.9631,46.8429,42.9495,42.7518,46.9573,
51.1371,54.1755,57.5042,64.3207,48.4537,66.5731,53.8854,172.319,210.68,47.5652,136.005,288.784,257.482,55.8796,63.792,
49.5701,52.9887,58.7589,63.9337,46.5391,45.1276,54.247,158.216,56.0411,46.6879,49.0061,58.6835,147.103,238.991,41.9887,
45.5615,47.5043,43.6872,177.497,91.6429,46.4126,50.2746,44.1059,50.8172,93.882,45.5137,155.159,44.216,87.801,372.461,
47.2349,179.917,57.3115,52.8559,47.0084,60.328,48.716,349.067,45.8963,48.0301,158.078,49.1526,159.19,52.3671,49.064,
45.5621,41.6727,89.8894,251.421,50.7972,44.8728,261.522,45.0778,115.323,94.3877,54.2978,169.379,52.0755,47.4363,43.5067,
46.3041,52.2348,46.2805,43.5749,348.941,44.5813,242.117,50.6269,52.0689,58.2712,59.0817,71.9059,54.2025,49.9913,48.8849,
63.0008,57.256,54.3992,69.0959,48.7557,43.79,58.9816,47.7229,261.988,55.0632,59.8185,57.2794,201.041,351.59,47.5835,
55.4277,52.1974,59.2262,50.1618,220.469,45.3143,43.2368,49.9551,54.7506,47.6242,213.296,61.1536,252.006,49.47,45.1405,
53.9873,46.2986,52.445,46.3438,47.0193,55.314,81.584,101.905,301.594,103.738,46.7593,279.436,49.3294,45.8564,47.2447,
47.993,48.1209,52.4889,77.1417,48.8003,61.0305,305.229,60.74,57.8678,47.3918,318.221,44.4051,47.434,226.914,57.0187,
47.3491,201.373,48.7604,46.4191,221.207,43.5549,43.9108,47.7452,103.365,62.5888,60.7918,184.855,53.3677,47.1358,125.641,
60.5053,51.3724,54.9963,49.8453,45.8906,53.4807,48.0084,47.1525,48.0813,327.702,54.7284,231.867,210.182,229.221,48.693,
47.0638,385.586,48.0073,59.2951,47.2278,105.973,88.0103,45.7436,51.2708,42.8869,48.7857,293.759,49.4873,50.5893,46.3456,
160.452,331.975,47.2615,49.5655,45.1738,45.5596,45.1947,53.4542,48.955,163.403,46.915,225.507,47.4912,239.49,326.497,
57.4099,44.5953,46.878,50.9237,52.0821,49.8851,116.849,63.9128,108.374,111.641,45.9835,51.0713,44.6581,48.892,55.2402,
49.6078,53.1393,45.9985,46.044,53.945,47.1199,45.3099,51.7543,66.2029,48.3759,45.2289,53.8413,60.6919,52.7294,301.505,
55.5637,62.8941,47.9498,45.2566,220.701,94.6363,52.0066,212.304,46.9204,55.6382,61.9284,64.9552,46.0098,46.9589,49.2417,
48.9365,48.7934,49.4706,46.4007,129.188,262.317,292.944,104.09,50.0376,49.0906,50.8473,50.344,57.8561,49.2099,177.937,
63.9847,185.639,49.1281,486.032,47.1195,169.821,49.3482,49.7719,52.2518,63.032,51.3618,49.1966,51.6522,46.0392,118.501,
45.961,48.5901,51.1295,49.5828,44.2913,64.5686,53.3213,201.068,55.6115,58.3822,46.8523,51.2858,57.2154,45.2976,216.766,
50.5722,51.7267,61.1665,54.8528,47.2693,47.8011,156.113,48.1167,45.6309,51.6398,49.2512,147.703,48.8249,213.519,46.7882,
56.5843,59.7433,132.166,246.671,44.3253,57.3262,59.1694,44.5799,448.62,726.86,52.8059,50.1937,53.2086,64.1182,148.976,
127.732,44.3774,47.661,52.5394,65.1811,53.1934,64.638,48.8615,167.423,49.2942,47.6705,244.906,52.6694,251.19,52.6008,
51.8975,49.0889,49.8461,215.049,82.3932,44.5986,57.035,53.6655,48.6329,49.0484,48.6218,198.164,52.7802,153.832,89.1555,
47.6472,48.5864,218.375,48.1385,54.7086,47.0954,134.926,52.7617,54.6006,53.2627,58.3828,173.168,48.5372,48.6482,50.0636,
49.8286,45.5977,51.1853,54.2482,47.6791,221.817,51.0681,50.778,60.7124,53.3196,59.1131,57.5719,46.9054,45.7683,44.3783,
54.1208,91.7537,92.3688,49.6999,51.776,51.5411,48.4952,186.746,47.0554,57.4971,151.965,45.7439,226.545,46.6247,47.7143,
203.735,44.975,50.6015,51.4882,59.3463,49.3337,46.7892,53.4793,246.715,57.2364,51.3362,268.838,253.569,47.3932,47.8346,
50.1902,62.4886,48.1794,66.6038,50.3091,68.232,44.5514,45.3491,44.4509,54.0773,267.6,60.2669,96.1757,140.602,69.4628,
54.2525,132.592,45.6103,46.6736,61.4241,49.6953,45.7165,172.971,44.2738,173.213,47.86,55.2332,50.3342,78.6605,61.4305,
331.619,52.8997,43.9195,71.4823,54.17,109.806,51.5509,352.334,45.3831,50.8098,70.7859,47.073,45.082,52.5242,49.3623,
217.164,237.489,60.5166,241.92,47.5955,53.867,48.9518,50.0329,48.3898,50.6615,57.4158,47.2298,47.872,49.7669,54.6831,
47.6384,49.9985,53.8594,47.5383,55.4736,47.7711,148.216,47.3099,49.082,47.2472,48.1534,52.8689,56.2517,159.246,51.8815,
265.364,67.4736,44.706,175.363,215.705,195.46,54.4131,53.5818,52.5577,52.6593,53.4149,48.5173,253.574,58.158,60.4894,
52.8744,53.463,55.6368,45.4842,47.1883,47.408,52.1663,45.179,62.2097,51.5791,52.3854,48.9231,46.5304,56.6634,147.507,
56.5218,55.0674,389.645,47.5573,47.2849,170.49,173.246,49.1389,47.6672,48.4796,65.7015,48.3016,52.0511,52.4261,48.0904,
46.7554,44.7011,44.9163,51.682,48.815,50.1576,50.9312,44.1602,50.3312,57.2644,408.033,51.0477,45.895,425.995,57.166,
49.383,50.5035,143.959,54.1669,194.694,47.259,56.822,55.499,50.8362,49.4278,50.6622,45.313,44.7914,46.7683,168.217,
59.9003,47.1458,45.1749,51.0143,44.0495,52.2348,174.792,159.118,335.421,63.1375,54.8855,48.056,170.679,48.8317,47.9729,
47.2694,52.9434,47.7447,49.9849,47.3734,50.9017,47.2783,48.1172,44.8076,148.057,45.8049,64.3,249.431,44.2428,55.1492,
191.855,55.0091,48.0289,50.4538,49.891,48.5124,47.6789,52.4187,50.9623,50.1436,54.8943,52.3869,49.4032,47.6637,63.0155,
57.0238,50.2114,47.7282,53.1964,52.0146,45.0808,48.7385,53.6562,75.1146,48.571,195.747,44.2944,45.5132,196.952,57.143,
226.884,47.0291,46.4133,271.086,47.4454,47.9786,52.4368,102.541,46.6615,48.1738,54.3738,56.5255,46.7078,227.184,44.6045,
46.7405,45.7641,46.6015,44.2551,46.5403,107.451,156.308,49.4263,52.3776,47.599,124.145,107.971,47.4933,122.374,253.774,
51.1099,55.3769,56.5481,92.8168,85.0953,46.9717,49.976,53.0104,56.5201,45.8582,402.837,46.1172,49.8804,101.047,45.9628,
44.5911,46.6404,53.1853,55.1363,49.2953,48.3171,46.5368,47.4309,56.008,46.9464,49.3312,48.1692,62.3574,60.9663,49.3652,
190.552,48.0716,56.3315,52.2614,51.5612,43.8727,43.7047,146.864,54.0606,45.1732,143.651,217.471,288.595,49.6032,51.7881,
52.1237,188.954,47.7084,45.9089,54.1065,52.0682,62.9148,51.8773,218.84,44.7962,51.4081,55.8682,48.4699,49.0417,47.0275,
50.041,46.8222,181.481,47.6304,46.7987,50.9267,48.6535,117.077,46.7781,471.058,52.7097,44.1153,44.9795,49.0771,45.3255,
135.49,53.3443,230.945,48.7691,54.6874,44.0471,53.6642,53.4379,49.503,54.7089,403.14,387.601,47.5834,47.8442,52.4456,
48.5182,52.5223,44.6025,46.5368,49.2984,57.8369,274.803,45.1436,126.234,48.2113,289.353,50.5593,64.8841,51.451,45.651,
347.067,46.3529,51.425,47.7174,50.7926,156.763,58.8533,46.833,48.3671,49.589,48.5061,55.0246,47.5307,53.4955,46.3779,
49.1313,50.5464,65.9311,55.8226,60.7708,47.2893,42.9369,52.899,52.0264,49.1245,46.7381,53.9808,53.6404,59.4681,180.513,
44.9524,158.057,46.0624,46.7518,55.2526,53.4354,50.8759,43.2955,43.5273,45.4889,46.3592,54.375,51.7151,46.4639,48.5303,
45.7465,173.486,48.0506,57.6337,102.673,217.686,49.2692,45.5255,47.0963,46.5998,42.7995,49.2622,58.8923,46.4892,42.7562,
219.435,120.304,56.7074,51.2423,49.4213,56.3848,57.7258,45.1715,74.0814,48.3365,53.7976,58.8013,42.4219,49.2768,57.1491,
45.5315,59.279,49.717,49.7528,60.4018,52.1876,58.4854,53.4586,57.4508,48.6322,48.7505,65.9066,43.9681,50.7038,49.0126,
55.6788,230.486,52.1282,385.062,47.6163,49.5649,56.1451,47.8236,468.736,48.466,47.9699,55.4086,139.63,44.964,46.2219,
50.6517,46.4101,56.1305,50.5964,50.9854,55.3522,48.3661,45.2197,62.7313,65.9632,49.8081,51.1439,48.4246,53.3008,61.7554,
