698.12,293.285,700.762,574.902,503.98,672.693,624.296,699.289,642.103,436.416,615.828,678.735,458.663,502.317,586.506,
702.094,391.293,597.682,651.087,247.76,513.73,706.657,339.543,337.352,416.47,690.583,388.415,297.544,669.551,334.866,
660.505,670.095,727.311,436.751,677.216,588.458,497.932,709.719,658.163,644.23,556.91,668.887,550.238,263.954,284.064,
737.64,734.192,756.563,302.054,479.432,584.629,597.499,568.282,628.431,583.564,637.156,621.195,371.248,758.188,733.144,
245.337,460.567,475.996,382.026,447.687,596.426,677.822,652.279,706.943,752.815,296.991,229.726,370.183,739.682,321.144,
547.402,710.476,494.425,341.292,359.374,683.305,573.937,526.038,421.177,678.789,673.883,572.233,580.627,547.419,326.569,
727.884,362.28,441.33,295.383,410.066,524.187,415.339,571.04,298.5,270.945,702.088,463.537,481.461,311.592,425.063,
345.13,331.528,476.274,442.116,393.666,614.963,365.783,691.722,623.712,444.276,634.618,631.406,691.478,326.543,401.584,
394.322,554.896,441.106,333.601,699.189,679.712,297.396,238.905,260.195,485.213,631.49,490.005,669.995,299.222,612.9,
559.601,612.458,575.755,699.809,597.327,694.221,723.038,640.613,596.515,387.323,644.03,443.52,339.402,667.599,522.412,
593.952,266.902,526.568,551.778,235.859,436.074,588.563,640.048,459.364,470.717,320.373,630.965,436.403,357.315,684.221,
275.258,638.359,380.744,625.699,679.538,577.141,332.311,589.79,605.391,697.233,321.714,328.797,413.83,614.87,668.497,
551.882,583.403,374.122,316.572,321.629,754.347,594.662,322.112,659.192,680.915,624.721,591.569,278.695,323.601,409.655,
408.091,627.057,711.693,630.349,627.274,629.519,321.89,599.975,465.467,448.585,395.082,290.372,350.639,494.537,626.581,
587.119,492.211,602.813,664.861,652.768,666.108,411.122,366.617,469.428,572.977,474.474,367.554,649.461,396.154,378.876,
449.131,438.179,272.392,395.724,704.974,567.997,679.704,630.925,568.663,528.794,341.61,371.517,609.539,441.418,640.379,
527.446,319.407,483.841,323.761,686.86,616.827,665.425,727.212,381.675,574.849,725.798,430.139,356.168,450.583,327.344,
364.007,661.766,449.411,499.822,317.686,392.746,710.059,670.731,518.464,636.623,589.076,347.377,342.427,551.742,314.405,
338.225,651.005,450.754,726.69,387.965,298.926,370.271,757.25,399.542,470.166,253.84,549.049,288.142,267.469,547.04,
426.073,553.571,312.392,400.19,529.084,485.367,334.584,671.871,360.59,558.998,193.005,629.727,601.67,674.535,224.421,
408.136,476.41,650.106,374.648,317.969,582.901,626.636,373.023,733.489,614.14,260.451,271.36,301.899,489.182,208.798,
557.913,751.91,638.95,500.091,359.012,193.049,673.495,370.236,722.02,305.272,378.258,275.488,373.788,455.882,336.695,
256.575,584.708,312.805,695.363,564.545,687.385,374.172,340.288,692.156,600.015,358.738,301.319,390.963,274.666,516.256,
560.832,647.184,668.465,680.974,572.382,341.131,245.689,694.085,331.467,298.811,541.664,619.998,403.837,420.135,299.325,
629.683,800.003,620.391,661.373,622.971,422.137,437.556,523.664,561.032,265.467,402.414,592.606,515.144,371.65,397.77,
543.743,507.307,711.81,542.517,447.037,306.599,320.7,751.256,685.633,363.744,288.36,661.333,328.038,506.293,363.396,
741.419,308.925,578.07,645.347,298.576,612.871,439.682,261.758,276.667,623.755,667.233,723.166,687.082,312.34,407.663,
332.566,665.506,535.169,635.403,475.906,667.475,515.072,659.639,672.018,442.17,558.895,325.541,652.029,294.123,488.833,
498.182,665.033,698.356,443.567,328.211,429.276,610.631,652.4,575.317,230.395,349.934,545.399,352.104,345.597,549.297,
651.302,675.224,655.752,648.519,490.706,380.931,332.556,728.517,427.087,587.885,611.958,479.3,658.196,575.381,679.031,
673.616,660.79,608.15,407.932,625.912,462.38,622.88,339.713,498.407,653.374,733.866,662.739,288.392,443.006,360.146,
330.852,614.628,348.756,637.707,354.333,293.08,693.875,513.036,660.261,477.191,621.747,362.53,311.996,368.44,697.791,
405.212,679.418,550.675,289.021,608.094,261.844,368.846,434.087,695.12,721.908,646.571,516.03,503.447,690.937,489.477,
681.332,688.691,463.196,214.189,315.491,403.781,438.452,730.824,501.242,659.26,653.182,709.683,316.247,370.638,300.125,
401.272,320.971,319.366,287.371,460.419,395.297,503.845,637.781,361.717,656.986,362.218,300.786,626.984,670.062,473.56,
619.808,774.989,370.369,633.29,657.944,474.335,362.498,579.086,626.073,658.721,359.734,355.97,213.066,665.307,675.784,
379.004,352.735,578.729,482.137,658.564,330.106,718.944,609.615,655.542,318.399,476.37,401.769,603.286,334.425,711.412,
380.674,448.64,297.8,632.405,674.818,512.973,321.047,409.699,577.888,524.559,387.358,665.405,366.647,623.189,625.653,
359.604,298.43,638.176,624.958,514.631,811.676,601.423,484.346,673.024,770.016,503.075,423.396,551.901,531.951,676.091,
360.471,525.332,502.291,256.378,522.152,612.418,456.655,618.577,281.816,547.682,339.982,576.472,293.528,727.433,691.847,
481.349,354.933,643.222,460.859,395.363,506.407,386.63,580.313,561.414,638.174,439.483,452.27,429.372,510.22,388.39,
675.109,567.916,670.118,562.797,697.803,587.353,487.838,724.36,537.364,460.897,402.778,303.693,644.106,691.975,456.722,
645.394,281.722,381.715,354.344,294.811,393.012,688.598,649.438,320.216,599.059,540.954,392.897,709.328,580.294,259.631,
774.993,655.121,685.198,375.252,208.393,672.735,426.485,557.601,748.013,625.416,581.912,292.802,602.695,669.263,368.948,
308.12,498.255,517.423,570.038,407.079,437.382,521.315,652.429,518.981,664.946,557.185,325.91,363.594,329.949,451.16,
504.096,433.901,354.128,404.853,356.222,264.798,600.534,434.24,394.893,634.759,648.501,395.207,327.311,565.467,772.186,
403.477,695.042,678.647,461.664,530.929,598.68,264.669,348.023,626.568,569.875,520.069,619.305,629.955,302.054,395.467,
599.971,312.277,547.803,591.935,319.83,387.555,478.609,363.762,334.607,471.961,505.652,335.62,373.473,673.499,524.381,
515.043,601.765,343.42,341.084,414.997,314.527,364.252,650.959,337.643,612.281,478.076,443.989,695.528,611.536,564.349,
722.262,579.159,674.603,714.941,508.173,689.062,666.237,480.231,657.8,327.114,510.197,774.941,644.901,579.173,562.337,
473.977,425.606,613.415,438.271,613.033,644.715,273.448,365.577,621.671,615.939,653.323,392.302,462.958,313.909,608.383,
671.54,463.323,604.169,526.169,562.776,348.529,243.849,570.295,464.066,266.652,322.382,542.744,615.031,687.459,683.565,
689.435,302.632,347.723,489.34,583.51,663.015,537.358,194.616,475.846,366.501,560.012,281.863,407.674,489.287,658.685,
630.928,385.818,300.923,621.181,465.98,346.715,672.38,442.886,602.017,703.104,455.009,380.293,698.195,596.299,386.321,
272.036,686.144,501.752,501.778,376.381,666.76,503.263,431.068,717.608,446.923,630.186,625.355,345.929,512.577,263.782,
690.373,280.848,688.405,344.559,658.884,650.081,450.018,661.167,473.813,545.825,628.471,256.494,685.25,329.218,427.974,
621.649,468.117,309.38,488.628,593.218,321.085,670.305,256.3,227.972,405.73,368.852,507.42,377.855,662.406,685.307,
389.081,607.202,563.749,430.45,719.841,227.862,644.062,377.264,559.179,557.434,271.021,313.577,612.538,713.936,296.633,
678.711,460.818,597.872,491.511,340.087,241.162,441.278,386.586,718.11,476.672,261.646,415.734,403.039,251.28,608.03,
438.003,604.587,289.925,301.677,398.827,438.896,462.866,260.17,721.672,562.876,326.143,649.569,722.584,553.615,626.944,
445.074,581.587,341.59,267.831,370.921,705.644,364.487,723.809,645.488,648.941,415.688,216.262,472.029,434.425,382.81,
712.935,666.577,668.631,232.441,410.837,685.201,315.822,324.025,352.312,316.879,716.842,344.742,474.888,647.056,730.358,
306.788,474.65,428.202,519.748,693.05,671.384,705.01,296.877,717.558,501.663,220.065,534.439,570.31,672.65,437.98,
636.286,284.593,249.961,353.525,449.024,438.063,535.64,695.59,607.907,673.236,377.552,464.962,417.798,639.787,420.374,
394.703,627.622,528.447,483.985,339.425,467.21,419.665,720.54,386.622,290.578,702.709,391.314,609.34,666.498,649.448,
424.63,357.23,424.387,757.919,449.367,615.967,710.885,369.189,713.524,401.562,310.19,237.976,659.44,436.719,594.073,
660.112,480.505,324.526,416.309,336.209,496.497,546.39,393.119,645.737,507.897,332.567,680.352,605.407,265.197,740.276,
689.381,439.205,352.61,511.067,548.927,454.757,650.193,665.463,323.26,702.139,319.797,549.185,384.754,613.055,714.009,
449.43,413.593,487.302,363.306,689.818,701.364,518.366,502.396,426.602,444.068,685.175,555.884,375.571,406.905,384.958,
653.674,279.587,433.845,281.88,339.254,286.587,588.365,534.609,256.899,284.068,703.576,535.733,409.587,332.282,624.487,
600.804,634.649,725.173,270.31,597.294,434.799,694.901,302.951,494.098,419.648,450.075,628.789,471.445,616.46,262.096,
634.557,442.915,602.631,627.64,718.231,467.753,474.923,329.651,691.307,331.363,570.167,447.407,466.049,772.118,550.492,
595.988,662.392,271.264,630.945,372.778,577.354,327.57,291.282,390.587,690.844,601.336,640.799,272.779,351.923,638.202,
601.481,586.277,485.548,313.512,464.017,398.636,676.908,754.521,617.978,732.155,724.843,729.674,346.076,221.997,451.466,
397.854,314.29,460.307,605.724,310.342,449.574,737.89,281.487,282.125,511.036,324.144,677.846,485.511,347.452,618.475,
