412.279,585.071,623.846,477.18,510.487,488.399,255.547,361.835,496.851,724.825,672.197,655.173,661.494,442.12,293.871,
650.055,338.436,549.525,586.87,459.453,593.926,736.917,321.769,554.788,571.202,622.862,307.633,446.294,358.028,329.891,
732.654,425.791,670.167,375.746,459.61,401.401,586.354,583.522,654.935,491.282,597.335,707.57,674.378,606.891,438.756,
700.793,577.276,374.767,610.562,697.082,385.107,429.778,379.516,371.862,436.82,593.85,682.562,279.517,722.185,523.432,
697.841,505.39,680.545,277.43,613.7,285.304,421.75,597.616,734.622,648.719,693.054,402.331,596.354,314.641,447.808,
319.564,502.539,566.918,569.532,439.765,664.264,711.629,703.857,623.687,650.058,273.564,549.895,550.037,729.056,641.897,
587.29,470.483,559.114,610.965,623.495,621.221,656.947,753.02,433.964,612.151,527.024,574.466,714.398,496.447,647.33,
253.64,730.63,532.716,432.297,486.922,637.001,600.989,345.481,664.815,356.694,616.444,551.142,675.692,342.522,307.971,
662.627,390.69,443.866,598.925,565.647,327.362,363.889,547.621,510.483,642.149,764.075,498.203,222.186,536.167,619.185,
686.22,602.968,737.785,273.78,371.411,345.648,523.288,685.81,695.321,527.433,533.764,331.331,698.022,585.133,574.967,
551.247,263.318,349.088,652.077,383.371,373.615,556.514,333.175,649.036,342.083,653.247,346.204,663.177,522.945,417.965,
613.14,664.497,790.862,643.687,684.213,572.13,327.234,468.655,479.882,608.97,385.701,465.757,413.629,615.754,270.584,
372.151,461.408,371.341,542.045,508.455,643.213,367.834,598.475,430.373,318.3,600.072,362.791,313.081,285.679,447.78,
388.459,636.284,531.405,455.074,469.128,644.534,718.972,516.278,499.58,661.576,300.805,722.38,707.328,678.431,629.596,
707.346,666.958,672.388,721.415,592.855,415.493,319.065,412.736,452.502,643.397,384.555,691.061,327.948,663.145,396.319,
424.041,276.479,330.865,338.452,400.594,304.933,663.823,423.504,648.688,669.375,430.084,461.014,448.537,692.975,468.136,
485.225,718.378,523.187,402.951,288.016,456.427,264.727,463.685,353.509,615.178,719.627,327.665,457.07,310.837,596.59,
737.957,511.815,503.865,399.345,537.317,585.539,626.562,310.202,685.88,484.752,365.133,280.547,722.652,454.602,312.185,
607.752,323.171,579.603,588.739,662.725,258.827,481.526,231.096,513.795,324.554,651.347,262.191,666.219,656.775,619.926,
375.769,397.022,473.185,368.733,453.989,243.071,394.746,574.293,624.753,465.091,445.087,421.616,524.652,157.464,746.35,
410.487,339.324,348.246,607.931,735.024,456.832,562.868,698.234,223.603,717.098,694.821,686.08,299.298,553.813,453.802,
414.089,683.851,337.011,378.926,551.183,342.349,430.646,757.83,464.123,597.735,268.843,238.229,410.006,344.446,745.178,
583.482,581.735,709.069,593.449,664.891,272.167,436.554,499.261,336.337,423.626,491.132,563.601,647.85,646.631,407.887,
193.274,340.834,611.149,605.732,669.9,583.381,270.904,633.597,672.235,713.003,633.565,564.888,286.031,466.262,386.899,
659.149,437.523,385.101,595.495,607.06,672.139,592.31,657.6,244.997,495.001,334.605,588.883,729.167,455.835,536.573,
485.52,620.815,662.764,394.142,509.159,327.009,641.05,274.44,652.058,708.728,412.9,479.386,365.504,174.808,319.472,
733.159,304.606,507.934,699.959,400.108,561.726,325.172,459.645,695.455,280.739,454.623,329.12,573.382,656.515,451.706,
385.925,428.567,325.275,673.59,686.335,384.1,593.176,334.283,694.385,617.884,677.923,631.553,404.547,507.358,468.86,
331.562,450.141,350.294,698.993,584.112,324.412,713.287,710.858,505.699,388.449,695.419,343.661,425.36,558.657,291.285,
380.631,325.431,404.298,297.486,273.571,459.427,405.206,565.376,517.853,614.429,387.381,632.572,319.364,365.102,301.316,
625.945,602.697,326.634,706.395,387.061,665.876,717.893,371.61,570.644,638.287,495.9,649.612,689.684,429.932,299.462,
687.278,559.439,690.689,723.951,382.651,626.336,557.384,446.591,529.27,597.297,306.472,639.094,527.474,601.949,402.078,
443.536,697.245,662.955,401.718,366.291,675.377,431.836,354.033,277.486,453.752,616.255,713.62,639.281,251.142,262.033,
707.54,677.372,477.471,360.996,484.626,652.08,605.431,687.901,626.923,432.082,654.987,503.127,639.805,672.341,638.29,
703.571,697.863,675.189,350.506,678.225,558.475,613.14,499.814,649.661,340.269,675.539,349.093,404.418,289.571,595.47,
596.662,301.889,394.61,385.239,276.346,386.53,669.5,401.383,694.14,497.727,353.688,639.058,637.512,273.112,695.223,
525.406,685.94,402.941,516.206,687.736,390.769,343.927,508.037,477.133,520.513,299.717,574.223,618.376,690.419,279.347,
696.937,696.166,655.005,622.993,330.428,638.2,669.952,648.791,714.348,521.288,283.701,310.66,268.101,386.316,492.826,
379.698,567.614,352.108,405.922,676.008,282.278,351.092,348.154,683.43,374.182,302.201,206.036,580.487,368.279,401.164,
599.188,466.518,692.676,614.177,278.919,446.824,390.449,584.007,250.561,613.293,648.103,656.141,434.972,634.191,452.329,
663.333,367.107,482.559,671.427,326.748,473.113,294.51,331.514,310.984,420.361,715.183,664.479,662.437,658.445,288.446,
697.864,402.912,666.421,304.964,312.469,549.477,309.938,307.857,702.575,724.119,333.125,671.342,435.814,253.97,651.646,
664.193,476.748,367.415,710.811,263.845,308.917,606.457,664.811,335.977,710.176,358.908,278.099,371.133,690.764,646.86,
594.802,589.565,307.06,626.148,427.491,367.987,456.702,623.986,297.434,271.168,471.178,626.878,670.006,614.765,244.469,
663.367,516.215,431.76,719.96,593.996,623.458,450.184,678.048,466.864,556.678,514.662,470.542,661.642,654.876,307.306,
359.323,620.385,685.094,499.957,404.82,729.197,593.438,347.118,469.053,755.266,662.26,509.461,581.522,589.49,617.439,
680.032,595.227,576.658,752.415,663.974,213.141,717.613,505.647,670.869,687.883,384.865,517.924,627.495,644.25,268.207,
234.742,641.465,478.26,671.453,585.335,327.01,411.729,280.999,311.723,679.815,634.661,303.238,389.047,641.644,521.093,
319.054,469.176,495.55,620.119,368.419,355.591,414.784,598.714,493.388,229.572,527.032,542.173,405.675,333.948,613.015,
676.58,414.401,681.988,606.856,321.647,463.972,698.053,463.966,674.821,536.922,687.888,380.265,324.363,531.036,296.516,
648.973,647.775,355.721,662.28,327.307,549.341,719.662,416.932,761.253,318.438,412.019,398.884,311.176,625.396,379.283,
268.275,249.17,452.329,655.682,569.92,369.274,308.737,312.15,542.634,651.757,364.262,704.995,461.709,603.066,286.854,
347.71,370.312,326.953,516.367,461.866,380.607,593.874,601.12,559.261,280.893,643.544,469.057,663.861,274.886,577.103,
275.415,479.702,655.894,720.662,540.045,371.972,459.509,708.061,390.563,293.449,412.218,362.731,458.779,305.529,422.265,
371.482,664.781,335.426,630.849,547.031,348.564,619.242,651.07,301.208,370.999,641.432,649.929,230.487,600.108,538.909,
595.171,658.228,413.712,658.694,684.057,377.912,387.363,519.12,485.598,718.543,736.558,350.053,441.066,651.673,419.694,
611.567,707.131,266.12,278.506,401.765,251.381,685.912,467.927,168.023,322.045,280.739,542.502,588.153,365.946,355.148,
382.156,672.847,683.04,667.5,477.015,404.825,612.353,397.545,554.423,587.217,479.311,659.961,713.704,680.46,617.867,
650.732,642.382,667.048,811.433,357.58,453.308,724.485,447.986,372.128,339.77,591.571,537.069,632.916,301.798,484.885,
239.808,328.318,426.321,482.192,621.476,594.493,290.077,568.453,352.928,658.297,663.477,659.004,330.97,282.874,468.389,
395.7,703.182,374.25,346.645,313.778,587.912,322.8,717.176,336.578,298.978,432.351,248.565,456.126,481.492,430.146,
268.783,393.243,365.088,645.38,338.067,401.518,416.392,332.024,597.549,615.345,336.043,438.298,627.508,628.646,622.516,
731.629,766.986,717.974,414.803,682.335,237.293,687.807,426.973,651.776,699.304,618.525,699.409,431.679,427.019,290.344,
599.76,330.12,510.813,622.804,629.914,402.361,574.361,414.999,640.758,378.703,460.994,482.622,687.976,371.604,578.463,
593.321,639.733,290.836,452.494,688.914,402.445,678.881,406.562,599.325,372.895,631.754,669.961,668.993,731.321,640.349,
676.634,277.269,619.406,339.052,285.448,319.731,670.655,266.223,618.844,619.823,650.032,538.541,637.035,384.945,452.625,
329.37,649.325,524.136,489.531,635.63,329.19,307.286,513.138,459.011,349.226,596.421,399.603,262.707,693.397,656.005,
634.871,376.071,703.508,654.452,527.648,382.492,314.46,426.817,599.864,636.244,300.599,501.905,516.865,476.703,621.516,
527.695,344.293,647.765,587.39,320.99,734.732,295.353,505.742,397.725,482.929,423.726,257.651,415.15,497.094,471.695,
295.486,684.179,507.237,721.569,423.5,588.352,390.19,641.985,688.555,379.745,429.753,689.528,403.962,221.685,685.456,
672.94,402.089,648.913,641.053,625.486,663.307,511.235,343.915,604.815,381.435,532.871,455.171,348.457,359.687,493.705,
508.932,681.483,457.525,667.986,211.382,714.783,446.173,303.572,383.479,678.428,515.49,642.404,377.026,612.233,321,
598.233,429.33,736.87,307.649,588.705,692.753,354.863,383.695,261.984,644.975,405.663,681.011,323.092,333.547,336.986,
352.306,748.497,437.582,603.154,484.401,355.774,451.664,217.749,309.049,386.163,585.674,312.185,525.024,360.985,757.587,
705.12,666.778,394.127,240.402,617.925,550.008,320.078,586.01,623.928,410.996,657.565,450.749,340.616,314.07,702.738,
