692.617,398.323,401.173,591.525,302.424,289.729,478.592,418.177,687.251,679.345,631.357,350.664,432.056,492.93,761.27,
720.513,307.6,648.928,348.509,347.791,354.087,643.893,383.856,719.634,424.285,515.76,332.257,400.681,703.917,415.852,
301.512,531.697,355.037,352.714,638.124,344.229,410.194,234.394,628.772,741.513,548.866,709.753,443.678,374.146,577.075,
426.285,365.143,369.763,372.543,317.687,428.197,490.045,317.08,581.919,666.923,699.426,288.103,438.345,366.728,737.107,
311.579,466.412,700.022,599.561,448.21,685.926,434.5,305.414,623.955,280.62,530.444,497.309,310.194,560.486,559.224,
640.56,674.858,506.853,659.408,419.522,608.716,271.713,283.03,702.714,635.199,344.024,652.484,693.269,298.462,666.802,
593.637,590.773,507.714,645.61,372.81,597.62,250.408,297.294,660.969,613.509,628.022,520.735,465.448,560.316,618.262,
318.264,671.318,666.901,295.255,633.996,402.285,265.099,340.67,700.297,610.006,685.458,589.549,471.188,569.483,630.347,
632.284,689.485,361.833,657.23,422.839,532.493,471.913,338.53,644.248,559.146,573.531,450.245,769.387,487.974,526.26,
415.341,711.562,707.203,597.256,391.822,444.93,609.876,689.809,612.192,375.588,605.872,685.062,478.539,378.344,430.499,
728.004,407.509,358.606,744.811,539.299,536.819,302.822,496.54,388.181,316.441,634.56,673.615,414.797,630.492,414.819,
275.176,377.842,291.856,489.289,634.557,599.955,461.692,411.732,489.748,541.323,669.825,543.001,682.671,251.819,556.188,
504.987,581.484,655.749,289.798,645.986,493.068,296.367,450.251,321.725,600.345,277.51,351.705,736.925,439.887,459.728,
334.975,416.173,604.725,445.822,603.68,712.325,283.959,562.557,342.498,405.612,424.908,719.743,635.781,586.761,637.055,
373.633,567.128,494.659,653.519,584.758,441.571,520.081,279.747,264.613,626.623,620.304,431.084,622.601,507.647,519.154,
654.712,532.538,506.401,532.555,665.926,319.71,668.049,477.394,538.91,669.836,652.418,327.31,384.808,544.661,427.547,
328.195,445.45,301.558,429.406,361.408,579.785,345.707,633.695,350.577,632.35,594.015,306.545,449.856,254.197,591.216,
295.761,581.209,470.456,361.209,353.066,541.256,319.991,659.171,688.104,334.387,293.103,639.877,269.587,614.445,683.171,
371.177,590.966,654.226,389.348,293.844,694.946,355.854,207.37,709.497,576.353,703.431,454.754,663.346,335.377,417.741,
536.438,677.54,678.568,275.543,528.057,336.972,460.975,394.418,677.279,349.923,425.896,689.561,425.351,280.958,280.731,
752.75,351.045,528.775,413.772,258.106,444.372,355.586,698.647,250.535,610.805,313.285,210.479,474.482,696.961,645.364,
565.876,715.599,503.264,575.123,670.213,346.215,508.047,338.24,678.35,546.027,611.618,268.645,570.513,382.83,363.177,
266.187,730.202,158.793,675.02,520.245,680.647,448.5,393.749,253.816,651.715,648.041,597.962,446.446,392.161,344.107,
474.004,304.673,624.889,681.358,327.654,666.682,462.985,395.901,508.27,474.35,381.799,268.186,699.564,388.021,428.713,
616.361,466.56,526.676,694.495,350.599,270.228,667.295,476.9,249.472,625.013,365.786,662.108,641.917,513.038,691.521,
409.799,733.598,492.943,510.575,515.868,437.071,264.603,258.371,574.503,245.8,610.49,542.492,682.318,478.068,498.682,
757.409,652.1,551.007,344.817,447.977,410.785,385.415,392.495,546.271,310.562,380.3,711.518,615.601,458.197,677.946,
344.202,261.46,342.107,732.356,342.152,659.204,640.159,695.163,396.874,316.981,272.03,645.06,437.596,703.628,670.85,
193.599,599.467,676.441,723.871,751.522,333.87,361.952,389.859,637.622,450.371,550.346,647.373,608.906,657.733,385.546,
410.62,491.887,679.594,325.781,353.81,620.118,687.439,276.177,629.299,595.028,301.611,650.133,690.741,341.993,329.397,
683.025,225.939,286.74,333.338,632.953,775.117,633.687,699.244,373.065,350.01,357.324,402.797,532.491,530.533,607.188,
591.353,491.961,500.579,423.062,409.782,375.27,540.78,497.138,288.202,533.4,371.248,718.141,620.67,652.24,652.056,
658.424,688.478,322.192,680.68,669.45,365.672,425.421,389.501,443.672,425.584,475.505,759.023,669.799,500.024,342.965,
588.233,678.545,360.491,541.085,602.384,480.601,374.316,362.794,432.635,426.884,679.986,265.318,291.561,640.295,574.239,
390.672,490.3,714.381,609.007,764.385,658.321,289.992,403.646,361.409,302.143,414.113,645.113,233.578,595.397,666.932,
665.184,401.723,341.56,462.203,391.696,712.119,645.672,298.803,605.899,387.348,489.909,369.991,689.448,451.162,282.043,
443.309,306.988,559.494,612.944,713.039,513.283,417.73,516.818,490.903,524.067,352.994,458.597,688.36,646.623,591.723,
632.691,734.467,588.778,502.888,548.662,724.812,304.428,387.678,573.554,688.902,416.417,658.767,488.75,739.745,505.32,
434.695,359.937,458.267,673.983,587.19,686.006,616.643,599.649,374.226,679.408,461.832,633.813,549.593,302.032,306.584,
668.712,680.756,529.632,686.867,242.043,667.241,536.633,332.677,552.662,630.209,689.124,284.532,629.912,289.236,274.747,
317.321,621.339,499.09,278.48,548.299,323.83,510.392,647.864,649.295,394.699,389.576,453.587,547.277,459.549,730.043,
264.445,500.783,337.914,679.556,586.283,598.921,468.812,612.524,591.349,534.445,450.867,319.808,377.615,582.3,585.004,
513.507,344.611,443.488,389.615,414.687,385.768,691.258,335.595,396.309,312.877,561.45,534.296,285.667,629.329,420.46,
464.505,454.244,486.878,637.468,592.699,711.123,662.159,453.785,665.05,582.245,361.849,328.951,488.702,524.201,643.759,
386.49,477.287,207.479,629.209,326.286,344.122,317.553,344.892,647.03,288.798,427.993,456.8,445.909,694.407,336.302,
458.987,605.154,493.681,634.532,353.105,394.087,608.143,445.225,366.888,686.208,348.769,731.895,552.889,246.53,364.867,
246.921,382.708,376.473,313.167,588.639,400.079,626.306,355.533,571.761,668.412,423.211,461.966,649.165,575.74,766.396,
718.42,691.434,602.737,720.441,296.473,669.681,576.28,714.876,423.795,390.917,420.671,661.714,456.896,677.356,620.933,
200.285,388.354,352.149,337.502,370.894,674.438,586.414,554.566,703.877,737.333,544.075,597.181,687.032,342.718,683.628,
340.628,643.421,330.569,671.913,419.385,374.998,726.013,547.976,588.386,507.325,279.347,209.118,486.595,673.392,628.641,
559.749,418.825,348.886,616.701,669.75,735.936,677.847,500.144,278.161,643.533,610.715,387.299,413.335,236.848,551.759,
378.013,358.018,644.555,726.301,300.316,318.466,650.099,556.415,677.546,318.853,664.036,462.3,584.573,499.912,441.652,
401.634,435.291,302.742,367.595,401.693,727.316,304.985,582.144,386.281,627.851,326.157,315.44,681.968,406.725,651.204,
322.679,640.217,210.501,578.014,542.109,390.193,575.914,380.543,620.527,517.786,333.495,546.189,388.186,658.762,350.439,
704.733,576.597,694.377,555.096,678.659,420.681,512.099,699.109,661.542,416.057,329.132,620.973,660.317,706.692,747.044,
542.242,593.902,404.733,582.792,706.863,712.54,354.404,292.284,722.177,313.976,475.207,692.572,340.309,285.018,673.081,
675.168,308.931,630.184,490.974,615.36,625.016,398.054,318.468,672.395,694.197,431.634,272.989,433.27,679.615,401.524,
656.559,689.269,321.494,717.295,725.149,618.937,691.776,550.413,210.879,284.695,391.127,631.857,704.971,307.158,463.296,
707.33,652.99,297.988,372.384,605.992,469.331,431.01,326.552,690.07,684.823,589.551,612.228,542.697,371.659,657.422,
399.436,711.933,676.128,346.969,288.015,461.019,610.12,649.406,322.668,264.043,589.646,556.084,395.249,723.518,432.479,
388.72,527.043,391.57,392.943,468.624,459.331,265.837,292.422,588.111,511.375,287.012,776.039,558.178,355.353,322.715,
656.188,217.357,626.218,477.902,727.584,709.706,471.667,687.498,498.688,693.429,653.527,679.921,267.221,301.664,696.736,
447.96,590.092,312.074,274.633,515.834,368.149,656.706,641.573,438.458,265.89,634.674,695.948,318.748,569.849,381.675,
603.036,688.13,295.766,405.029,513.373,684.03,642.374,233.973,338.989,650.117,473.375,586.49,688.579,434.216,324.249,
584.533,285.798,654.238,616.389,414.287,406.451,587.238,549.817,489.236,335.391,628.666,534.717,628.448,310.576,637.977,
284.024,608.654,456.899,397.963,638.168,337.35,441.828,566.477,599.869,683.264,346.388,321.302,678.494,717.31,285.208,
362.043,349.799,490.773,542.721,465.096,688.909,367.882,356.835,428.664,327.163,723.785,655.309,590.899,558.498,619.557,
498.84,400.388,401.48,687.669,340.073,253.446,717.82,350.274,711.584,273.259,625.922,340.723,681.207,596.753,295.255,
327.519,592.324,509.719,445.5,256.091,533.907,627.322,650.441,637.737,332.094,396.544,224.791,691.608,214.183,650.377,
376.027,608.186,502.311,638.833,654.498,648.971,602.513,334.24,378.888,596.264,563.222,399.207,727.196,344.816,290.142,
545.125,681.636,419.348,360.988,667.987,426.812,694.858,613.736,426.07,677.403,521.47,664.141,460.644,310.635,637.399,
406.117,540.963,772.635,375.503,419.223,655.134,648.712,237.844,646.224,422.113,452.654,654.659,507.117,659.459,668.419,
603.716,401.226,477.927,324.523,692.317,284.981,599.858,476.302,237.299,612.496,307.755,353.151,688.679,689.083,423.238,
402.676,318.332,694.899,666.985,648.274,250.473,604.468,251.543,355.274,632.524,632.49,211.626,555.014,707.606,625.962,
589.328,789.894,641.391,342.477,523.5,629.131,599.399,714.965,638.272,474.033,452.644,622.008,415.311,523.942,490.772,
