mlp_weights
I:4
J:5
K:1
V:
0.05776372016124971947581556719342
-2.34976000923816030763191520236433
1.99318242696242875489076595840743
-0.56388819512438581593727349172696
-1.52733091851789115622750614420511
-0.33149919234033009551865234243451
1.92089069203449569478436842473457
-0.04177899948582108891059760935605
1.56605189782859821612248651945265
0.13933555116635468196228941906156
0.64188864883229435065459256293252
-1.09178900391053179674827333656140
1.00460969521595133713276482012589
2.12342584899732234049452017643489
-0.14695362644208520563893216603901
1.65013171681032888571394323662389
0.51931779665397681533534068876179
1.37302558924228623737917587277479
-1.82669221438915752031562078627758
-2.46107286306819261767486750613898
0.64877827943805077559602523251669
0.45553352112275613539082996794605
0.13166781718449660498748698955751
0.58400777180687202250197742614546
-0.45448777086140057512864132149843
W:
-1.04188643923018275927461218088865
-0.03686579705292691855333941930439
3.90613004638943639434955912292935
1.18035577958608794979511458222987
2.02517813707070537532217713305727
-0.39052313896964946371426208315825
