mlp_weights
I:4
J:5
K:1
V:
0.38671420837747710885778928968648
0.15879874920375977587205795771297
-0.68733630192667760638869367539883
0.41827286514273581685685599040880
1.70281602512412177929945755749941
-0.62330008192005503797616938754800
-0.90318624525876867181750640156679
1.54328790678361893462522402842296
0.80939413672001525590360415662872
-2.48110875860107915613639306684490
-0.56082039973472297411660747457063
-1.08402161107666028527773960377090
-0.97477869491014068614731513662264
2.60039643251209939833756834559608
-1.91221243747453351069509608350927
1.59152471158996666744656067749020
0.20681519130153563912344338859839
3.24253002793374545120741458958946
-0.03444620839438576609392583804947
-0.90302430463153759987449120671954
-4.53323309519234296516287940903567
1.74501381409720912607497211865848
0.09630835123021730392878225757158
-0.19148482015407991552180533290084
-1.40700857401002044078097696910845
W:
0.62013178306071936596310933964560
1.48942790546692926945127055660123
-0.16385167628253194394005731737707
1.80695698675870897176309881615452
-1.26885287896473664126517633121694
-1.66748527714817962319671096338425
