mlp_weights
I:4
J:6
K:2
V:
0.58705697810866963592957290529739
-0.18030796631081125180884328074171
1.76455934023435045965300105308415
0.26627077755791317414946206554305
-1.19101075058413941043511385942111
2.90677449859575842694425773515832
-3.58917120280242585295127355493605
-1.63696006975063701460726406367030
-1.03117646344362956511986340046860
-1.04511308673276315239775158261182
3.94885479302858843908552444190718
-0.14791788168298644623455118107813
-1.73751363538540104514140693936497
4.07102402526678286420747099327855
-0.61137136170162698078911489574239
1.47589693179032166447939289355418
0.21952001800127829422848435569904
0.70131437212867542285721356165595
0.78507856813865017908682375491480
1.15441313437998172020115816849284
2.44623663211814124096576961164828
-0.66604167853549989253281182755018
0.86039994595412039313231389314751
-1.72711480410448503519660334859509
1.96635124593724897046342903195182
3.32994220197177615006012274534442
2.37081316884522053101136407349259
0.58246223029352661715307704071165
1.99652255993724625504626146721421
-0.47458533067821445650125156134891
W:
-1.74884492199133934065002904389985
0.95430247520400257599249016493559
1.67819044195978062106178185786121
3.37315901678339491454039489326533
2.56277733014649333753709470329341
0.48074199499776526511851670875330
-1.07172033441840919287812994298292
0.13204866571980880540770897368930
-0.01382634555827456229737393300638
4.62063679068464860932863302878104
-0.03491849329724661110674333031056
1.13136569547033349891762554761954
2.68420492508372232620672548364382
0.29695724573943138580034428741783
