mlp_weights
I:4
J:5
K:1
V:
0.33930153570996690604033574345522
0.00185422449959233735447550195374
0.02759533042197300639619683693127
0.84473725186405346221363288350403
-0.49475408117587477141441354433482
0.42433730763568561217269348162517
1.42084499369094618970166266080923
-0.52028856240134224719895428279415
0.42842278049739218603875201552000
-0.73742253713826344529991274612257
0.49083975718760231021775553017505
-0.34019325908493874832672076991003
0.36595734183565536978832710701681
1.03334574208813134710283065942349
-0.68041173649472475037924823482172
1.91176840070214293376693603931926
-1.05989302680595121053386264975416
1.41575126073063062293044822581578
0.18906579373366172447390454181004
-0.38928330800044425030748129756830
0.73146233590313658456949497121968
0.05184428599083139299619205075942
0.73494413947172065881829894351540
1.19795613982857407364690516260453
0.56369088227660280043807006222778
W:
0.63206428324377306182668689871207
0.47958399920277083872122148022754
-1.05458127014856439807033439137740
0.74439523711456712096179444415611
-1.23813551630070017850471231213305
0.38911112291643490390669057887862
