235276,383384,280140,134061,169618,338967,179490,43750.8,523308,152302,477733,229342,538404,150664,485820,
87823.6,312464,379268,77837.7,85603.8,528412,135023,67482.4,350585,137680,66060.7,281274,453350,91423.6,167511,
115602,58282.2,431554,144435,90998.7,223284,331273,406784,127611,96836.3,350012,161617,127329,105317,242967,
184677,473865,121244,346426,325920,52545.1,102974,23726.9,125121,64290.6,426776,72638.5,126687,111324,97863.7,
91889.5,280048,246088,417177,39987.7,119606,50470.5,151638,489782,313298,184059,234868,288713,55195.2,286614,
237417,337591,75528,35632.5,265511,12668.3,341687,54768.3,221417,77313.2,205284,29625.8,40126.4,78552.7,60705.3,
63304.4,199033,23006.8,151117,351937,119254,50923.3,56184.5,143936,78874.5,102917,200692,77254.8,133420,111430,
213021,71060,226849,433769,147674,411406,238632,90096.3,368454,87153.2,71119.3,86944.4,166643,118764,173702,
78822.9,273394,287978,186205,204240,139633,82044.7,122744,234371,197373,235818,130202,48946.8,207553,37021.4,
80098,72294.6,395987,59131.1,161198,71939.6,21638.3,65113.1,88465,69425.5,18273.2,98709.9,111257,179193,101662,
323344,18764.8,98196.4,56362.8,42714.1,35225.9,93761.6,91600.4,72977.5,134718,290809,67489.9,122947,72208.3,325781,
295440,101443,50130.3,251411,180807,379829,125965,55896.7,367941,104007,51222.9,195723,46248.9,378826,80675,
83612.7,310066,72201.4,38972.4,125382,66039.1,211292,463309,258737,92938.6,105166,426948,86319.7,110117,55203.4,
91264,245103,166784,151261,306705,109821,306359,61503.4,235338,247567,78507.5,189404,106649,46198,287981,
43153.7,86525.5,301304,94473.4,306602,184835,64330.7,330468,333835,90185,144193,104195,367858,156538,414938,
65856.6,67987.9,140482,440221,99400.7,323038,158930,88162,154448,169665,44067,37596.9,108768,87283.7,41605.5,
264652,166448,257742,55933,300057,362732,59242.2,206440,115962,134404,361167,47637.4,197448,53301.3,77568.1,
98724.5,25416.2,94730,51644.2,85807.1,34848.9,162059,127375,80687.7,101785,87325.7,76214.9,118826,54457.3,109937,
258471,191243,264236,80124,88962.5,212390,39195.6,150144,32477.3,59558.9,305114,86797.6,68049.6,40482.3,357896,
30170,58231.8,165260,67515.9,106973,75090.8,60826,46724.1,360386,338541,132325,219481,132677,21936.6,31342.1,
107368,47537.1,245165,90002.1,56611.8,86298.2,81248.5,183474,80346,295135,102105,59277.4,170721,47376.1,167868,
53488.3,52144.4,296545,327743,106173,178641,51505.6,80532.8,302140,93991.3,51190.5,335422,110037,88700.7,312448,
459524,71585.2,116211,169951,70467.7,125682,267721,392308,89555.9,332053,202826,309642,87064.7,338088,74832.5,
68699.6,362853,25404.4,212319,50134.1,302784,350494,194266,322402,166870,68069.6,233262,201536,298578,297063,
365105,48101.7,262087,107729,226085,301375,110859,142543,230228,233734,194227,60159.3,53340.8,203791,94306.1,
411533,133384,64947.4,63216.5,101030,84029.2,241685,300734,79192.7,386030,126625,314287,45830.7,50607.1,225837,
225607,242621,70644.9,161224,337686,128291,116060,381621,102890,132801,46097.7,88705.2,256323,133227,231086,
370622,45685.4,89321.5,56996.3,71632,260790,307251,134163,491498,281335,128777,158066,141226,123942,47829.2,
87741.4,56958.2,230666,425753,33246.8,178406,56756.5,248216,168514,199615,94234.5,77255.2,54491.9,88279.9,120146,
58998.2,326276,64628,276092,288107,342398,120173,48828.5,223592,184023,191333,67202.2,41591,268349,442917,
237879,56368.5,114663,89350,119810,35002.6,63854.3,309243,58500,286897,109182,98423.1,173814,102621,118527,
251141,358680,169315,58461.8,207607,103454,247586,405338,76529.6,79157.3,274635,73084.9,94910.2,149964,304546,
68600.2,336877,48603.8,78693.9,128599,115732,52854.7,334476,41166.8,95085.6,202005,121407,118784,167310,329351,
61334.3,162704,86427.3,276075,255198,74300.9,34998.7,263962,164269,95815.5,106550,43905.5,151779,140996,85514,
78071.9,446447,163782,303574,234279,80842.6,184281,214517,97288.9,365189,250367,95431.7,39071.5,288538,54553,
151338,184432,128898,110606,69556.8,37029.5,211365,66199.6,114756,243610,394907,138608,232444,282499,174461,
103398,297430,385601,331668,153071,306362,101647,48009.4,65771.1,116822,148697,146810,171392,95188.9,60351.1,
22020,301532,73338.4,16366.9,107661,28511.1,433954,58012.1,568610,64867.2,118470,288408,70841.3,187452,52561.8,
206774,86414.9,379474,59301.8,50027.4,68390.7,110466,22986,159729,60238.5,222631,252662,96589.7,56705.4,45244.4,
108405,103265,374105,359416,160141,338435,153538,63203.4,138284,60735.1,145874,74747.6,61489.2,105774,45042.6,
139237,122157,66749.3,247568,30642.3,86835.6,151463,352399,354813,128090,54276.3,97234,68868.7,69502.6,112978,
316859,160595,86705,228822,370690,61049.6,70833.6,38900.2,116099,82293,30314.5,92172.3,49991.8,119136,138456,
238236,153036,100465,124064,209064,137727,153032,26541.2,428024,324922,416267,74582.8,444993,375804,183512,
135891,43177.3,75076.1,418590,69092.1,176792,315473,484749,372018,435436,90259.7,265534,69652.1,332696,64121,
63459.7,52426.9,373705,70267.7,219170,44545.9,69298.8,189846,14134.8,124906,281328,144780,22054.1,112344,102581,
291422,148897,204958,315261,70980.8,59227.9,83341.7,283405,31121.7,182904,268850,353389,137916,72380.2,299449,
125119,32748.2,14598.9,169142,41382.4,308632,145806,119290,325779,347556,37047.8,72247.7,117424,62674.1,52802,
23220.5,52902.4,524859,291522,117418,50585.1,111819,373675,51992.1,347665,344580,55903.1,328841,44428.2,251635,
263025,315730,228957,258993,198296,85941.2,23879.2,142419,22795.4,94769.4,59032,90156.5,150655,95353.2,198455,
161380,75136.4,175077,368566,100809,124710,59789.2,58159.7,154110,99795.7,296235,273282,237735,38479.1,54287.5,
