300705,157813,464326,118620,552592,466261,70116.4,458250,146076,325989,451182,182343,473352,128346,230085,
96371.8,434693,301223,200638,294965,296308,312589,294519,135230,317962,57679.5,296102,267395,425023,287330,
38579.5,110725,419106,323345,223170,178566,89039.6,239201,239307,148081,76739.7,349387,335138,72053.6,251375,
129874,125789,585893,134815,32265.6,92729.3,33702.4,320128,126344,380999,47165.4,19468.6,10530.5,455304,176817,
146643,8126.35,76921.9,19847.8,199085,102408,71924.3,223679,93261.6,90935.6,153925,78750.8,209701,162395,139516,
12899.4,17865.9,161563,108973,9469.87,5966.2,298620,4733.24,54366.5,135118,124879,215289,45378.3,32840.6,59649.9,
252266,5860.65,88381.1,42758.9,129970,9297.24,119663,5760.68,259817,91476.7,7924.52,226940,255622,21468.6,221984,
12835,4897.39,37816.3,20596.3,82787.3,83630.2,6429.2,346939,13703.2,47597.7,164255,6575.13,38575.6,30053.8,10530.7,
276377,141935,25508.2,111294,50345.9,7482.46,78840.7,34017.5,13076.3,6629.36,10328.7,60537.5,7980.31,117877,48477.2,
71749.7,19010.4,27058.9,10323.6,77681.2,11200,5764.66,108346,133131,16748,14141,43123.9,12320.1,180807,168079,
91117.5,195060,72216.3,255024,13653.7,50158.5,144424,5685.74,117176,198081,12210.2,217473,40521.6,98626.5,13695.2,
39173.5,76843.1,11752.6,39028.8,9373.05,14525.9,25505.8,258146,29101.9,78385.7,158294,29147.1,54698.9,6452.63,8386.1,
29647.9,74969.1,82789.1,127988,54989.4,56083.5,56849,199301,99069.7,41579.7,132346,7704.09,96156.6,9400.24,69656.7,
25497.1,137881,5462.58,53571.1,11536.5,33767.3,50906.9,38361.5,14016.3,12073.8,507378,39173.8,266449,44346.6,273893,
293413,70121.7,17120.1,12563.2,49484.2,11288.7,85095.8,137265,170263,230386,129283,16781.1,100448,40191,7150.87,
7331.19,5920.48,9032.89,9777.73,88630.1,36150.1,26823.2,20770.3,135017,29607.2,10806.7,197304,161559,38940.1,422185,
20712.4,6270.18,8602.75,12171.9,7566.38,32436,159664,150666,107145,26657.2,336599,9428.93,69446.2,8491.69,101523,
95122.6,10887.2,28135.7,32852.3,18805.2,5627.3,43247.6,91160.5,80857.1,11252.8,15156.9,283832,21449.9,75937.9,6419.36,
292898,30969.9,8460.9,6676.74,197963,131631,70243.5,133871,121070,16121.5,105865,31184.6,15026.5,70819.8,7265.85,
52248.6,139998,60866.6,18321.5,57545.9,230309,35048.3,113796,138867,34915.8,9319.89,131077,9690.2,5521.85,102804,
55665.7,76017.9,49860.9,11618,26719.3,81352.6,49488.8,39197.9,65635.3,52030.1,91445.9,13805.2,18572.5,180616,187760,
21707.1,25759,66615.9,15611.4,252660,61364,71728.4,107642,48431.9,34016.9,53244.6,11016.2,16780.8,43426.1,107328,
87409.5,169376,32538.6,12422.8,96993.7,11382,95895.6,30311.2,180124,22167.8,215695,225464,167612,7565.44,33807.9,
102016,283275,19855.2,6718.31,361221,21339.4,90135.4,222498,34795.7,87961.8,4493.38,11863.9,20894.8,123916,13629.1,
8328.17,193185,329205,21277.1,219638,134296,8746.78,23337.8,16914.7,104307,17265.9,149921,14116,20868.6,27340.5,
5147.39,5466.31,109187,16438.7,36331.2,53268.3,66148.7,121202,52075.2,237137,9736.89,27514.7,16241.7,53689.7,310497,
107831,67914,70475.6,98941.5,6428.03,29117.4,268940,68845.1,4897.69,160121,21032.4,377591,300480,107117,85818.2,
73431.3,52017.2,5033.67,11615.9,5261.29,9057.37,86124,6646.47,25716.6,5289.03,9048.13,302422,48893.2,45349.1,170784,
8680,5009.96,77022.9,44909,138235,176992,16874.6,119525,190870,5918.79,5293.43,8164.01,321061,109839,239247,
82233,6575.04,25193.8,52197.4,262849,74809.8,50601.1,58626,27482.9,44996.2,10388.3,49116.8,339178,73555.2,111556,
102576,5607.62,5476.06,26652.7,179830,62294.9,181519,3394.77,9483.62,165306,397355,9018.84,17460.1,144454,143314,
4360.97,116607,31955.8,110015,8145.78,78272.2,139031,25663,259704,309303,3619.57,81208.5,121812,211308,99439.9,
35869.8,111519,21052.8,141475,6266.02,99477.4,59390.2,24376.6,460695,152036,206139,26486.1,415483,17275.9,119451,
4664.84,13009.6,7990.22,219133,124380,19445.4,3597.6,72810.8,408467,20161.8,174469,211022,4728.75,6881.68,44593,
11156.2,36181.2,4251.13,9661.73,9424.69,114619,6790.64,18196,124446,5463.91,43099.9,8082.17,76630,128742,6536.53,
57996.3,4430.93,5691.14,143376,5549.45,150335,22549.4,3208.47,7541.98,66600.5,5452.13,13981.3,3629.64,93975.5,92545.8,
83990.8,142127,24777.5,3344.82,22067.2,18983.4,108842,56836.7,8366.6,5572.36,92882.7,308422,19434.8,286413,3052.89,
211912,7932.26,7083.69,5333.72,18023.9,287384,6070.45,4131.69,45174.5,31257.4,44519.4,54017.3,3484.14,38945.5,38258.3,
119507,11314.3,47105.2,11329.1,5389.2,51238.7,100931,48254.6,54081.7,246639,45307.6,9280.47,14560.1,21817.2,53400.9,
78803.9,4572.38,5730.3,159118,30012.7,43898.2,55980.3,77688.1,59198.8,5174,5212.05,3603.21,53839.6,243745,23437.1,
5249.72,79187.1,26101,143989,25489.2,101914,121454,76582,180298,4385.07,24035.3,55075.3,72678.1,5858.4,29823.1,
6639.4,125718,42827.5,20303.1,3370.04,5085.17,4913.99,4973.4,44302.5,5030.2,289448,230250,3161.91,4004.43,24696,
9988.36,50664.3,43604.2,491586,19169.6,3021.62,53981.9,162430,59172.5,49831.3,5981.15,63770.3,94682.8,5974.65,320393,
122552,175902,195461,99445,112502,4801.22,51546.4,67777.7,131065,8597.25,151743,13061.6,58268.5,4994.14,65185.3,
80335.9,4157.31,3681.79,84763.9,196690,81158.1,33342.2,3851.26,88931.6,4450.91,15760.7,121337,198855,230751,141495,
91135,39378.2,10391.5,14039.4,158541,24461.2,175549,12932.4,59551.5,11971.7,10671.2,177084,104851,6619.1,113747,
36335.8,312260,3449.42,167258,115770,114043,10726.2,11760.5,161484,85607.2,148234,7798.08,270622,138003,102459,
155370,134001,394689,50151.6,79288.6,62734.9,11164.6,160149,4046.99,3987.29,52516.2,200291,11720.7,73385.2,4809.85,
173901,141091,5747.22,107112,7790.87,131768,93436.5,18510.8,5167.49,284420,64562.2,92349.6,72563.2,11340.8,7214.18,
119028,24902,5610.12,8718.77,29246.5,93364.3,86557.3,19693.9,6397.96,38897.9,155132,56455.1,23473.1,320382,372577,
