171500,209754,433862,630738,439362,362154,106669,161970,278167,248329,359488,148319,425315,404031,391639,
179221,75510.3,319158,174154,123604,259559,176040,222286,149785,123225,155348,241768,228047,397967,133817,
59742.4,224989,123418,386612,144217,521356,233918,115632,347145,190056,309590,297263,494854,250426,171879,
100665,294826,215836,166058,235239,225536,251909,172191,132943,352021,365488,303919,206310,119234,148297,
93821.6,98638.3,14734.9,344778,211997,122864,192159,163636,455632,306559,322680,358375,139661,343036,266092,
82640.3,253550,240212,398980,169320,231332,185982,164917,242789,284561,177349,449413,316288,186559,245272,
200719,335613,219714,100632,304177,150903,93097.5,323056,272300,320397,139194,231892,386648,414971,373762,
266890,330789,310957,260348,56840,372395,183862,241378,227698,102233,130856,288088,142797,144451,76939.9,
48813.3,176251,405036,232800,177473,476508,349395,167919,388251,24452.9,96644.9,97412,164867,76890.1,65931,
201580,143461,115955,196450,24535,145016,66128.6,168973,206710,130427,360131,176767,32717,336156,173002,
131354,112870,389589,135066,113322,101717,81267.9,72707.4,21525.9,119226,79173.7,221981,71059,41147.9,93704.5,
27909.8,215284,97772.3,286642,101903,51541.9,77130,421364,77115.7,241211,28454.1,133124,120439,52560.3,134397,
345343,83413.8,84790.8,97338.8,75659.4,146700,150945,60070.7,133498,108299,366659,122716,94883.9,90789.3,62939.6,
39789,117058,97611,20895.2,323592,117686,30049.1,71421.6,116694,46156,166021,27272.1,90860.3,141953,137995,
53906.7,266548,22127.1,26610.3,55902.9,88241.2,214647,36378.3,132788,182524,131226,36966.3,57171.8,207818,181479,
102733,85065.3,36646,22011.2,202765,98390.2,263167,48438.8,79217.2,426742,37340.1,247198,118669,29112.3,113758,
191802,81951.6,70410.2,131460,154565,65736.2,274501,79434.5,52641.2,168620,197890,107809,88671.6,15134.5,42926.3,
17711,202503,56435.1,26983.9,353730,135071,186711,116345,12911,52229.9,114117,142271,457754,155244,98187.5,
23715.3,27484.1,121710,282105,47391.3,39146.6,80849.6,30599.7,17358.6,45815.6,182324,184873,141090,134389,58718.1,
27600.1,383199,193633,38382.4,29234.8,151894,9878.65,66239.4,24053.3,83159.7,100812,17734.1,436515,16340.9,50862.3,
64365.5,51398.5,46896.4,70672.4,47825.1,118191,215569,184990,231659,76058.6,92096.4,124304,85970.8,352715,230185,
89540.9,19341.3,65969,177111,84304.7,97194.4,376047,52252.5,9770.6,188810,417557,193924,63976.4,340146,220267,
117034,397395,188257,25422.7,121801,52843.2,80205.2,20102.3,47813.2,66277.3,187164,266817,26281.9,137688,115957,
184093,110497,151088,92779.3,68897.3,182872,117323,50160.8,212859,73997,330524,30994.2,28877.5,157809,32582.4,
32312.3,75380.5,84896.3,27317.8,126176,332183,121616,42572,46171.7,149338,238500,17076,63367.2,109277,204819,
90913,277906,22046.7,338494,21398.2,224602,130977,117403,118391,192779,331601,64934.2,234868,324574,98953.8,
68444.3,49951,17755.3,37722.5,10913,64884,24119.9,119386,21824.7,68759.2,21473.5,55009.4,102261,16649.1,82553.3,
94711.5,42502.8,37290.7,379829,23117.9,178787,54767.2,83650.6,12250.6,253444,21459.3,101167,167748,219049,166802,
54981.9,90254,147341,305048,27261.3,8741.76,240154,196185,136152,112579,326712,101978,52796.8,122991,30360,
156996,127190,30600.4,142566,22423.9,41640.4,85321.1,412456,117741,166679,14231.1,20348.9,29726,29848.4,91189.3,
212452,58568.7,130523,61273.7,20555.4,75483.3,47533.3,23989.3,8312.13,61130.4,192134,45619.6,54502.5,28025,382254,
50198.5,166812,20636.1,37685.1,152380,164888,418156,212069,46033.8,111143,123026,81578.2,130308,7914.47,232595,
285124,23403.5,13093.2,115976,49823.6,48901,156419,13074.8,64105.7,259299,19012.8,384174,289442,64059.5,25915.1,
139283,12654.5,15076.5,66264.9,325078,36229.8,399045,141527,20017.5,183169,10752.7,13316.9,36439.6,141509,403970,
99770.3,15741.3,59079.2,12590.3,18987.9,225469,133383,21192.6,23045.4,132589,44042.4,374259,100741,214713,262541,
74072.7,84609.9,14339.9,42378.9,101597,102513,72816.5,48019.8,14442.5,75857.8,104472,94999.6,70732,85004.8,16007.8,
196748,117879,27657.7,175613,62855.4,63601.2,143745,16830.9,113436,256564,334329,55542.7,262431,211551,48869.2,
43749.8,69287.7,146473,279359,12269.9,162501,66895.6,67761,14810.2,17305.6,56078.9,19120.4,290801,43007.7,22015.6,
37985.6,116868,19058.9,38608.9,14828.1,140647,101474,289795,265920,405506,206499,377067,76353.7,57807.1,17050.7,
201698,243927,88849.2,177157,14801.4,56049,89353.6,69942.5,122352,433995,96669.7,91113.5,26645.8,193832,19683.8,
183333,22071.8,134465,63025.9,43531.8,38516,31687.9,105700,138822,163912,122538,400177,122625,255516,172758,
180690,58202.4,61483.6,7896.88,298332,224653,34477.4,128740,85952.1,141294,15537.5,59159.1,50595.1,20578.6,169616,
336544,9079.81,10036.3,20983.3,127640,465117,261402,141542,54358.2,18182.2,272202,168727,18373.4,14173.4,263992,
32264.2,25591.3,14616.5,100848,100588,27324.8,498373,94937.4,83667,72208.1,100880,14436.6,340740,85391,18762.8,
73083.1,27366.2,23638.3,6041.61,23890,80698.8,48241.3,137673,122509,307193,223154,18320,85981,38965.1,188391,
39965.5,298452,50541.4,38414.4,82507.5,155526,10714.1,227795,33483,94725.1,48410.7,16289,60197,56651.2,185139,
128047,35277.8,79375.1,64551.4,120496,165541,41874.1,21384.3,39881.7,45599.8,153115,253037,28344.8,248321,389483,
23054.4,96280.6,23219.3,236684,23310.8,187734,192372,122499,12116.4,352409,7379.18,318919,217298,133883,41936.3,
77107.1,268508,260993,98730.2,121891,215384,225479,51972.7,28571.1,281641,160641,43869.9,77551.2,286698,206501,
230468,243780,44085.2,52430.8,68457.2,149060,35305.3,283769,45465.2,39938.6,208063,98138.1,13398.9,97182.8,164036,
