455045,423420,423996,356518,133261,208764,358944,264537,40248,165305,481647,387155,371148,203352,395327,
10926.1,297107,349038,265717,330843,483789,463040,328473,275417,514100,21975.4,147936,406402,68039.2,426611,
145067,35822.9,77317.2,206242,161211,44928.4,5315.11,125260,43246.3,4919.55,169874,85826.5,13445.3,311185,32112.3,
39884.8,31479,166138,110845,154773,44679.5,19696.8,103895,15018.1,103893,51752.6,297007,38221.6,51983.6,32762.5,
9461.38,268216,16942.3,130957,4588.26,318951,44629.7,177536,123695,216381,48651.4,51293.2,264549,78028.3,8567.43,
37090.1,141618,4090.35,24621.1,18802,181492,58212.4,85018.2,4289.09,21260.1,16636,50154,80659.8,19716.2,4575.81,
134856,64061.4,85484.5,5279.55,170250,276504,228522,42402.1,59723.5,168321,49657.7,165203,56052.7,302606,13730.4,
5840.95,48007.7,80433.7,260260,100273,52126.8,31038.5,4824.76,224151,12572,282260,42666.8,4494.81,53817.6,4836.95,
101572,314425,24992,8015.2,105978,8631.26,27962.3,274158,302281,25751.3,35474.6,6277.71,24105.7,41193.4,249580,
191914,131124,59711,25743.7,98909.9,10052.1,5491.88,190533,4776.25,46481,388126,165017,81480.9,185846,59099.1,
150520,3992.37,109375,220517,93827.1,444507,146005,13236.7,80825.6,4874.37,7892.48,6261.64,21376.3,18174.4,42388,
210331,34130.5,17629,241398,6659.42,8267.7,70483.5,91094.7,182605,4850.46,3688.7,50152,28916.3,75275.3,51748.5,
9117.01,70415.1,25481.1,5781.23,187017,113039,3685.88,39591.2,4267.73,6539.46,42680.2,4737.86,70703.3,260823,25558,
4560.12,48525.7,6965.48,103885,183133,40873.2,4698.35,25899.4,211686,4155.03,31633.2,51113.9,117958,76608.4,28981.4,
61905.9,25381.3,5361.95,50618.2,4895.95,47320.1,306408,81126.2,234726,5612.09,15832.4,5246.42,204865,5518.57,35234.9,
110808,20925.7,35080.3,4854.27,53198.5,5876.06,35249.3,15348.8,12983.4,74424.1,3279.42,85480.3,9282.21,79871.3,175249,
24487.8,131543,7243.01,163755,9499.08,111817,69174.8,122472,68046.8,9461.89,178126,4858.12,4122.36,3419.43,66825.3,
138540,4968.92,83031.5,7832.73,17605.6,31315.2,20132.6,161881,4427.08,190568,137464,116973,153237,86007.7,5183.55,
307228,60004,65778,33161.3,127929,215806,5020.34,12177.4,57392.5,99450.8,81272.2,158474,245740,195522,62866.5,
6643.74,25012.3,175858,108685,112689,39175.6,7196.83,41373.8,19174.1,6789.16,6308.17,6143.87,20745.6,124622,79928.8,
75491.1,8382.86,23683.8,5105.9,230744,259962,177189,204108,40060.5,108530,4303,34237,15839.5,64688.1,3897.91,
25879.1,3290.65,506630,363994,48127.3,338237,25580.2,318471,4722.95,69804.2,44939.5,182058,82723.1,56491.3,6585.04,
61891.6,141475,9501.45,42524.1,106711,7314.58,33792.9,4742.32,192086,4520.62,6125.15,315318,57137,8073.46,209301,
4510.79,128041,15114.1,37134.8,32144.7,24063.4,70749.8,242990,100202,113588,454120,5786.5,5713.83,10701.6,75977.9,
263109,62292,26453,141052,12531,29734.6,49727.9,32992.4,87105.2,41584,3737.34,61753.7,154512,66204.3,66213.5,
120818,258598,49716.6,27001.3,4798.05,40349.3,62795.1,146695,86483.3,26675.6,71314.7,86495.6,40919.4,184100,312471,
194250,78539.4,271876,87606.8,40719.9,5182.09,5206.96,93841.7,16528.2,34309.1,4298.91,256795,3106.53,52443.6,36082.9,
5798.11,54177,102241,88192.1,99771.7,233008,9836.84,29811.3,209436,86875.6,9255.93,10562.3,11350.8,4903.15,250021,
100221,67671.5,91832.8,181111,7420.31,85585,212361,25423.1,35100.5,12101.8,26356.6,33094.8,109672,17597.9,6906.82,
144388,477254,125165,383153,55898.5,145803,8921.09,83742.9,52722.3,181002,43305.4,170576,266026,134893,13540.6,
150159,104806,240056,124896,117454,26681.1,67723.9,44619.6,153468,86119.1,17174.9,32952,22660.5,117505,203631,
227932,45154.6,32401.7,44539,7369.68,254101,33593.7,4865.38,19154.1,254802,129578,48027.5,8741.51,31660.9,27751.1,
21303.3,155914,148146,13874.1,30699.9,204262,4729.84,7980.65,8975.37,203696,241627,119478,7033.59,16763.4,206461,
4185.92,15276.2,3192.74,180584,35984.7,106027,3644.63,258570,173739,163720,48382,47417.3,3940.97,46217.9,37244.4,
4945.36,10752.4,5168.46,4744.89,166620,239681,168071,207039,4278.56,66101,257491,116272,231379,37894.8,5097.15,
3977.93,12042.6,177281,5061.75,3848.97,29420.7,351319,70546.5,186899,28637,6524.72,374936,92680.9,4430.12,144007,
89988.6,87575.7,75068,83706.2,20885.2,104022,4941.61,62887.8,25792.3,19221.7,106782,14959.6,29788,32613.5,90055.6,
3954.13,8161.75,21135.8,195329,189794,70553.9,13733.1,65425.1,32726,100527,4934.13,286263,122364,7509.64,4484.63,
29301.9,38260.4,155092,8820.39,57067.1,25814.4,200110,483521,141685,118462,9990.5,68859.2,70687.3,186190,66497,
444742,188262,4650.13,28191.8,136952,17983.9,415236,4845.24,89404.4,13279.5,128715,86368.6,66035.9,34017.3,23662.5,
114308,266204,63048.9,176789,76622.1,43706.2,109177,164291,4137.34,23409.6,34963.4,362444,32698.9,180467,26231,
7601.56,212568,5798.58,316890,5724.39,58922,134030,38173.3,120674,27654.8,212239,30117.7,236096,9589.89,112963,
387476,232054,8686.89,116018,58381.4,17004.9,31579.3,295690,8205.11,2864.45,343403,80518.4,158879,208177,65544.8,
101548,3415.27,84547,148193,214300,24118.8,43586.5,61747.9,114868,7502.41,65194.8,52521.6,4250.16,36879.9,81101.2,
88761.8,76641.6,47622.2,37073.6,59864,7540.77,3773.02,17442,5863.55,65219.3,141660,17296.2,166301,271351,54628.6,
3452.86,98740.9,93401.5,5762.12,65155,3251.57,14969.9,3986.28,27700.1,167771,303090,42843.2,184922,198669,124760,
51718.3,111372,166042,155238,17468.3,43058.4,71451.1,6211.57,68011.1,41495.6,53880.8,4761.88,75128.7,13708.6,12061.8,
26647.8,74436.2,236179,64763.5,164771,33531.7,29579.6,6555.5,178223,65795.7,3619.91,86698.7,6953.73,70157.9,81829.7,
40269,76305.1,3163.97,132639,41142.3,88824.5,123115,37044.6,138484,201677,127390,27824.2,185419,210310,103636,
157817,11423,292736,15702.9,13687.6,40398.9,30568.1,60738.8,150188,81630.7,27425.7,6470.15,18668.4,20095.6,22328.8,
