275655,12293.3,278983,69557.2,439187,7281.61,279086,163727,415639,222001,6098.3,135092,154245,401369,362673,
43376.2,253640,151948,174095,180265,200060,72443.4,125914,353039,101872,35272.7,113231,69898.3,3932.08,86302.2,
25250.4,63294.8,61972.5,81052.6,30497.2,62791.2,22160.1,81468.7,65746.9,90983.2,154661,9152.77,147831,78606.4,92561.1,
41206.6,40081.6,42673.9,58635.5,8003.39,65793.2,12629.1,25688.8,5127.1,17829.4,85654.7,161731,14847.3,4674.63,147208,
92434.8,5351.32,184826,19589.2,4910.49,18337.4,5177.89,4241.32,22866.9,24647.1,4890.64,4420.23,6420.81,33435.2,9313.95,
6430.06,2136.89,4384.79,6327.29,30425.1,2943.28,72073.5,31276.2,22690.6,19130.8,211095,15107,14759.4,5539.58,6845.56,
6777.35,2663.21,8209.98,58985.1,9918.81,127030,2826.36,220384,9328.99,303865,228735,4623.77,57431.6,48388.4,32761.9,
20027,3970.13,63589.8,278208,4627.52,23351,54602.4,79320.2,48937.1,123862,4585.22,2696.84,4803.55,108003,13885,
74653.8,111010,159021,3632.46,3337.37,108776,78625.8,4358.47,3907.67,5280.23,19966.6,5893.5,221264,13882.1,157068,
8624.43,81801,98299.5,203658,70835.4,4607.94,39890.5,4050.95,98645.5,4999.84,183911,60845.4,4314.3,38151.9,7975.99,
2825.23,141692,30004.7,2664.53,8861.36,332861,161648,11775.9,27048.2,220308,4356.1,2788.11,3926.47,102570,49586,
229249,145383,39854.2,158201,3306.15,3100.18,5546.94,3739.71,111823,58194.5,31817.6,4624.78,2892.52,6539.38,11068.6,
18180.5,6770.83,38692.9,60687.5,4266.2,19682,3239.83,51057,7230.01,12969.4,85317.8,54013.2,4316.8,3334.03,3880.05,
64151.1,2448.8,179432,107673,2578.1,6345.1,6928.45,163883,3874.83,4414.67,2835.07,490529,38471.9,3395.8,90491,
156249,3149.77,49695.3,25880,5579.96,3546.56,3008.71,4226.85,5529.34,226367,5032.16,3299.16,10317.2,29626.7,142534,
2728.78,2988.58,42307.9,3532.88,271395,10631.3,3072.01,3289.91,2537.75,103573,44512.2,5723.98,206809,5932.68,4418.28,
4192.65,192245,72650.2,26059.5,3070.15,4294.14,4147.06,3374,3068.88,4317.93,87052.2,67472.2,71498.1,3281.1,3651.24,
166338,35563.8,4433.9,2734.33,5659.5,19509,3573.05,4966.4,5858.98,3989.31,28151.2,5193.59,3534.92,3741.36,42758.3,
3203.22,3500.78,27678.2,4760.39,3978.75,4512.49,2887.37,10257.4,23520.1,65121.1,4394.76,4066.86,5718.44,5304.75,138927,
50837.5,3361,3802.68,147062,62284.5,3610.88,9771.59,46439.5,3310.85,7385.03,2835.04,16268.6,4607.53,74507.7,4000.57,
4010.19,19759,5233.37,2912.98,2618.55,4809.34,2849.5,3554.2,114227,4436.68,44222,3066.77,3502.69,5525.52,117964,
3379.02,72782.9,58398.5,4303.26,48266.2,196698,3067.12,7411.87,8711.33,3304.9,3484.7,8620.04,191718,99119,6474.94,
224130,3803.22,5720.74,6399.67,52073.7,8558.05,4067.73,62770.3,63300.6,96177.1,140855,61479.2,18547.3,78712.4,3732.49,
4705.76,55842.7,3284.92,12330.3,4856.46,4139.91,3977.49,3649.25,107456,261184,42412.7,22649.1,4328.44,5639.65,48495.6,
44351.2,208379,27879,23142.1,13802.8,55340.9,54007.2,3421.21,4995.48,3490.18,5279.2,3222.24,2749.29,87655.1,119971,
2774.43,121256,103542,7253.95,3658.84,46972.3,5213.04,85123.7,91051.3,79904.2,7915.87,2729.28,2829.99,4136.91,2973.41,
4630.54,99464,34793.4,3981.46,64779.5,4225.83,37009.7,2918.76,8390.21,2538.29,20317.5,7477.91,60439.9,3657.57,4823.25,
4871.99,4196.47,46082.1,58169.3,3240.24,4689.07,18656.8,3831.2,71686.6,3805.12,4273.45,29108.7,2770.83,4691.31,42489.5,
2862.31,81453,44672.1,2669.22,3821.54,6304.66,60996.5,14491.2,3023.53,8302.34,4230.12,160876,36689.4,5420.78,37315.4,
5460.51,3976.11,9727.33,4043.33,4981.41,10754.2,6776.41,8137.22,2875.57,4620.26,5138.27,5744.74,70845.1,107959,5395.96,
4537.3,3325.33,243090,280715,156336,22933.5,29731.7,310495,2625.84,3206.61,71700.8,3253.06,28540.5,68999.8,19463.1,
58682.7,4991.18,35178.1,35431.8,39285.3,162379,368639,6938.9,16362.8,4970.77,55091.4,41700.8,5484.89,2931.08,2644.79,
3037.01,4780.38,63822.9,3096.23,10247.1,240038,2834,6749.27,2622.21,21675.5,2838.01,41569.4,24531,3494.99,5171.68,
7677.21,4480.96,3988.4,3542.94,3889.04,12824.9,3024.83,4015.96,2971.49,3561.59,5179.27,3021.46,25843.1,5610.2,78553.5,
42561.1,340184,3745.62,4445.63,6389.75,4162.2,9667.96,265333,8696.85,4597.96,6584.7,5738.59,28255.3,66091.1,4359.96,
109032,80531.1,43493.4,3289.55,5113.55,88935.1,4409.67,65988.2,33186.3,5751.3,21023,5727.4,95239.4,6881.73,4521.31,
3509.75,65482.9,208621,13730.8,54729.3,56693.4,2566.81,2835.85,6353.93,2794.6,5612.39,3908.95,4692.03,40236,43364.8,
220744,7303.25,38177.8,180891,84316.6,112921,3242.42,4037.56,118379,4972.91,7502.77,4520.39,4167.25,3982.28,188194,
2760.76,58746.8,71337.2,2798.72,9394.89,74056.7,4269.75,3982.6,47736,4929,67953.1,3855.23,8147.07,3682.9,14975.6,
10208.5,4250.48,3349.57,3154.49,4458.14,8609.01,4879.33,2600.5,3201.3,67378.8,4897.95,5571.18,9000.98,16301.1,31790.7,
17370,2804.23,106635,3468.38,201162,7950.85,20002.8,3974.56,30196.9,16949.9,5296.52,3298.92,57325.6,67568.3,3419.88,
31919,7965.44,253768,3548.04,3466.41,25602.3,251627,2788.44,193020,20388.3,12235.1,11149.2,8362.48,5309.01,3396.62,
56613.5,17814.9,7501.23,172344,3383.69,4212.33,160905,4030.8,107119,4584.33,27514.8,4495.73,2693.77,7068.31,8941.96,
3535.63,3825.67,3494.95,3602.92,3478.5,4460.63,51010.2,136653,80000.1,94815.3,417535,3133.72,5461.56,4324.5,5490.52,
3918.62,336394,73560.1,88567.1,2928.03,3621.2,3778.96,2646.8,3682.69,5031.49,57725.6,3967.75,5936.78,3853.5,4413.86,
4318.59,81345.5,100788,6128.81,115078,5852.28,3444.02,88346.1,5184.82,61284,2649.31,2540.67,17890.2,6719.39,3935.43,
3734.08,110638,101323,4406.99,4719.58,43346,27135.7,44285.7,40487.9,4638.19,3816.06,5181.88,2968.29,3046.55,84486.3,
4368.37,171353,4056.78,5234.82,86441.1,5407.52,30393.8,38259.2,6090.71,47179.4,3956.14,27443.7,16618.4,46077.4,4637.32,
170369,4608.45,325103,5947.88,3987.86,5899.62,10117.9,6431.75,5606.43,7136.35,2893.48,65514.9,7768.97,92188,3253.36,
4996.37,61567.6,382742,64424.2,5463.67,179036,203396,3832.43,55223.5,207323,4697.03,3573.99,7337.1,5780.74,4691.9,
