269358,214443,176739,94378.2,352609,353872,247417,396766,120371,59045.9,454428,389418,390990,51265.3,257429,
268826,144446,116599,44384.2,207716,260341,59769.5,150304,183382,48579.3,42072.8,92023.5,70515,272660,142844,
83211.6,58150.9,30839.7,83533.9,116076,134993,359056,173908,398135,54296.3,162861,109273,199493,70963.2,33891.6,
85504.5,48175.4,159875,101945,53182,302237,79054.4,283140,262801,42549.4,221168,221974,297062,266648,12242.9,
113029,23413.5,29154.1,89650,81804.3,15551.5,16741.8,34245.6,113584,21590.6,164883,86200.2,140858,67682.9,106315,
140493,123229,17495.6,322009,149430,9795.36,255373,70940.2,347278,147154,11496.9,77950.7,22751.3,64941.8,90719.5,
290843,30436.3,38069.5,16569.6,186886,112608,50385.4,99091.5,312208,77729.1,272537,89315.1,97341.2,92869.9,162913,
387139,126596,300608,186637,16065.8,202215,75423.3,110978,196357,17309.8,160453,64140.9,80467.1,13287.1,37211.2,
18775.9,82291.6,17573.2,38403.4,106800,8541.71,11539.4,241430,18131.2,101660,126332,177204,12141.9,11661.4,84305,
296370,9970.1,60304.3,39718,13260.6,66238,151456,66385.4,72869.9,12558.3,4103.31,73735.9,110926,47317.4,21070.8,
29326.8,9417.77,16639.4,30154.8,58279.1,6243.24,49921.6,124920,87585.4,6802.38,88596.7,460903,23406.3,12874.2,12710.7,
22163.5,36035.5,7154.25,16416.2,38091.1,50420.5,11287.3,109763,66175.8,144874,16777.5,5943.34,88495.6,169532,13326.8,
166303,31254.5,13498.3,4662.41,81803.1,7189.9,9290,116610,62505.6,273446,47895.5,107813,9819.95,25403.3,24212.5,
6676.88,74034.7,4001.62,7544.52,7434.44,10770.3,6390.04,6140.55,68835.3,27444.3,14139.4,4459.94,138540,5686.39,11625.6,
6449.52,18157.5,14307.6,111438,6323.87,2931.16,8705.26,69776.9,6428.95,7836.93,164212,5489.51,41415.1,7484.52,9996.13,
5516.58,9936.71,10692.5,150391,53533.2,3981.8,5625.65,3183.88,7658.88,7811.86,87695,163193,15769.6,4908.9,5269.7,
6182.45,4397.91,5402.42,7280.88,11559.5,8570.49,24696.5,85718.9,59251.1,191492,16580.3,5297.62,3825.08,30364.4,178225,
11174.3,223440,3506,4836.02,96382.6,27063.9,106796,11139.7,14570.6,10143.3,6068.47,81719.9,4827.2,10257.1,3548.8,
5462.14,4472.53,402883,34823.3,75655.1,4169.14,23769.7,6370.95,5346.14,4645.1,38602.8,19591.6,6831.81,5128.43,5448.26,
19021.7,7372.07,82177.1,3583.25,3776.44,4888.37,55109.7,3813.07,4280.08,36611.9,5194.24,161221,4386.5,3778.12,14208.9,
4055.3,34641,7089.78,7221.15,22372,4018.43,31238.7,35486.2,4481.42,4194.46,4636.39,6479.78,17812.3,172481,48347.1,
3699.37,2417.21,111116,4577.32,3147.57,4705.62,3976.89,6391.27,3421.64,5116.6,5159.24,38549.6,6787.92,121698,4018.96,
2732.25,9337.35,3428.14,26594.8,3875.73,302662,20652.1,17274.6,388858,36360.7,10798.5,3307.64,4849.3,3880.72,36786.1,
3697.64,8426.68,118373,18956.4,5960.11,4342.19,159468,53046.1,52922.7,60462.3,5157.18,168579,95924.8,183542,2827.84,
2924.02,4312.64,4962,6824.3,15028.7,77104.3,5606.07,85859.7,6253.97,7502.05,12980.9,4708.47,7284.12,19707.1,4207.71,
45219,14944.2,7816.08,6685.63,5297.53,11142.6,6792.73,58865.2,19317.8,136519,4969.8,3742.92,3993.47,33877.1,40421.2,
7280.48,19800.4,64515.6,76339.5,4728.05,29455.9,6138.82,99107.5,4483.52,6324.02,47800.9,5619.16,7800.91,48665.5,31092.8,
196048,3570.81,5989.54,154687,7799.19,7249.02,70503.2,3378.94,127476,11048.5,239339,176424,39977.7,32204.4,97927.5,
60812.1,5166.75,3045.48,3945.15,76657,3448.21,7179.37,244592,17548.9,5201.21,3505,3620.72,3714.11,6302.36,2549.68,
2888.75,31643.2,4660.53,12067.8,151568,5748.69,10841.3,7841.68,99767.8,59219.3,3939.45,5489.72,29478.6,3867.66,152095,
16689.8,23840.9,40074.4,10021.4,191647,6424.4,2972.05,3141.39,131877,6260.65,216122,10598.3,3246.36,5702.64,22421.9,
249025,4150.44,3010.68,131460,106989,147310,4250.4,4178.26,6339.85,3164.1,7051.54,5261.64,31846.7,3781.98,9594.64,
5536.81,43357.5,266656,68289,9327.24,66707,108078,210889,24802.2,178094,4003.21,102842,6589.05,92494.8,176619,
7452.53,6450.13,16802.9,279763,23258.2,2888.21,45260.9,25193.7,4544.35,40354.2,8472.63,43356.9,10442.1,32352.1,6052.5,
48054.8,23575.7,5104.3,70634.9,158277,9451.22,5387,10629.9,5943.99,80749.1,6739.15,4167.62,3793.54,5090.12,2930.48,
80942.8,52296.8,109519,61420.2,5152.01,4346.02,101141,4545.02,60329.2,15558,3143.73,16413.5,140569,6639.51,4088.51,
13995.2,3128.45,3654.11,5639.02,285913,2835.1,40997.9,69937.8,126971,4992.65,5954.52,4206.44,6523.51,81429.2,4251.79,
5824.6,5657.34,53521.9,10720.7,240732,3597.54,56141.9,10714.1,32504.1,108002,4284.2,9238.13,7132.92,2798.93,96143.7,
3634.71,205186,9648.44,200255,32423.1,122135,5099.69,11836.7,7771.94,152783,221891,9101.71,6896.02,21715.6,7988.33,
58481.3,4366.31,4926.44,3592.91,4137.85,22062.8,72385.2,8676.2,63834.5,10295.1,339453,53057.4,4286.52,4586.93,3208.02,
47696.1,8688.86,26696.8,3884.06,4271.12,4173.54,4787,21080.5,11585.7,86858.6,2903.84,5140,4063.33,8949.58,197747,
4090.57,5470.89,3258.28,148331,8244.13,5763.17,6819.3,6491.56,9291.31,5315.12,173343,28744.2,4548.2,16558.9,4157.26,
3471.89,13872.6,3003.81,28327.2,5530.04,6294.41,199424,22928.7,6045.36,3567.18,3032.89,60844.7,3645.15,3924.54,3793.68,
2529.39,292122,7497.81,5130.33,48678,4650.05,5693.95,3151.52,3785.65,17974.4,3350.31,8817.33,3164.74,147326,49875.3,
3569.1,79112.9,36767.2,3115.4,3855.28,40632.8,2840.35,65080.6,66297.2,3002.67,3043.32,244381,2920.13,5080.61,6560.98,
137734,12383.2,34680.8,4575.23,5907.15,2653.78,3610.48,151344,2721.67,5698.49,251843,4968.34,29408.3,11236.6,3771.27,
2884.4,4032.46,5286.93,5693.58,63991.6,3431.16,67375.8,27824.5,4715.71,5679.67,155979,178461,49417.5,4365.67,6315.65,
4992.05,3852.02,59670.1,65570.8,58873.5,29078.2,5433.47,3715.04,14393.3,4011.72,4409.43,3802.35,45792.8,3325.88,3304.12,
166507,30631.6,3535.76,9614.64,66971.1,62205.3,64936.9,4330.11,2632.58,7432.35,92345.3,4694.39,3040.2,16351,2936.29,
41370.5,91515.5,8107.22,3265.2,5744.74,3193.65,6802.09,3407.42,49480.6,17840.7,3407.91,284929,4360.71,3755.84,126549,
