511054,308518,340538,376519,229283,4774.86,217540,484428,394492,203839,326307,153078,24101.1,466925,444947,
22623.7,59457.6,201001,195864,427238,521795,116835,344175,218877,235683,80694,174763,4211.42,310704,246146,
148927,17195.7,171755,102586,4530.86,31607.3,205396,134405,34483.3,229658,176411,36043.5,6294.52,37473.4,182814,
45157.6,28485.6,54222,50908.8,130220,4020.02,51747.5,99402.7,170628,54990.6,13197.5,107151,77799.2,5556.13,70681.6,
112650,121697,107072,157703,355429,98785.2,24294,171897,74182.4,50073.7,3576.3,78850.2,96584,38970.3,47245,
3303.29,179946,64678,13128.2,6834.96,147411,5636.68,10730.9,16228.5,5032.56,28079.3,19751.8,334462,6418.59,42155.5,
52370.2,17787.1,23178.8,21862.8,151810,4737.45,98662.9,109613,97609.4,31969.6,155758,17133.5,19197.6,26252.9,26717.3,
9237.17,141414,211458,130185,5653.54,96192.2,9007.87,24053.4,103967,242746,34674.7,13151.9,157651,144238,4564.62,
26858.2,22197.7,20883.8,8129.62,13280.8,10545.6,65517.7,90772.2,144394,6247.48,100571,135402,195456,139642,106472,
18553.8,6255.91,243282,56552.9,26667.6,7444.86,31742.8,80953.8,33985.3,83718.1,45648.3,117141,113346,29517.2,69324,
4612.98,61459.2,201244,7814.67,94524.8,252314,31510.9,89126.8,54538.4,36316.4,134704,44361.7,307050,49323.6,44569.5,
56092.3,27656,285789,193800,5214.09,4504.02,216925,159985,7283.72,6234.37,123016,8662.23,35684.3,65595.2,78718.5,
5295.05,318011,370888,87250.8,26307.9,216316,44419.1,7576.38,4896.85,214034,96339.8,87104.3,103542,44377.7,19737.1,
24778.1,12850.6,7961.87,288001,63467,5509.78,150698,21860.7,134885,55217.1,98130.7,9408.43,20927.4,57001.3,85747.4,
68647,20827.8,29697,8035.65,30380.3,76335.3,156598,354810,17078.2,54245.5,41465.5,254649,213422,25624,175061,
4472.69,110559,112537,7026.56,244961,248507,5745.99,140698,57654.9,71782.4,6119.86,118093,97195.2,92728.4,109403,
65104.9,15143.8,58486.5,21334.7,208226,478180,23940.1,4285.61,100151,9469.48,86665,20167,51118.5,35038.5,4449.7,
60938.9,472879,243264,10416.8,23236.9,152595,66633.7,23749.5,43028.2,49677.9,10438,34758.2,165480,12351.1,74541.3,
5560.84,133339,154023,128028,296632,40745.5,427134,173830,198404,135869,6344.43,71171.3,13934.8,123837,7486.19,
402923,29712.1,287437,133718,22146.9,67399.1,8639.51,89596.1,21738.3,105822,14663,55643.1,6461.69,152120,115691,
112601,18201.5,29489.3,26087.4,62135.1,55213.2,210409,107407,33394.2,564308,3650.87,61307.9,185193,19060.7,211764,
5391.83,23417.5,287863,9239.16,17497.7,116483,234786,346031,227114,112791,7108.11,79132,109625,56727.8,5348.73,
97365.4,166289,319907,148145,4839.39,3366.15,114781,57788.8,245535,200262,137380,95361.7,72367.5,144099,29079.5,
33944.8,28584.8,251635,123611,295769,55869.9,4155.93,66978.3,240164,7863.27,66413.1,5990.53,33649.7,26363.2,10256,
44864.5,329186,47457.7,72315.6,66746.8,28113.7,144930,76924.7,110460,75365.9,67086.4,100031,52892.3,48521.7,34073.7,
332898,138478,84439.4,79585.1,189998,5699.11,129011,28072.2,67968.8,6381.28,41280.7,76079.8,51827.2,15894.4,64503.7,
13005,6698.92,22970.2,35701.1,179981,33464.5,30939.6,70033.7,110336,29986.3,409442,93125.6,112906,36192.6,20443.2,
85466.3,91269.3,13163.4,50981.6,18812.6,81756,47739.3,111183,155701,27131.7,28748.6,83187.5,132358,31027.4,81192.9,
62639.9,109196,114707,338113,69622.4,32783.8,74146,16342.4,10001.3,101866,317526,157102,47173.6,136007,8845.91,
5461.51,11762.6,6431.55,313107,30964,21660.6,56440.1,67450.1,67391.6,48245,20816.4,22412.7,20044,13510.3,3381.46,
61153.4,169333,3526.47,48977.2,117985,9332.97,83464.9,197209,43051.1,36814.8,167107,264396,12494.5,29835,5873.3,
47289.3,6783.9,123502,16504.3,211500,137940,105942,20410.9,20889.6,3364.55,144934,258178,6327.95,31141,80925.1,
19258,171301,39535.6,168152,3423.83,156971,42162.8,41657.4,61642.6,100569,137378,76903,13561.5,206525,130179,
31160.5,128735,51495.2,91875.6,51063.2,4768.37,98124.3,6286.81,6507.42,4000.89,6977.69,9054.07,10197.4,57319.7,82018,
41928.8,143614,46791.6,235174,7667.4,120112,4262.06,260835,64657.7,39243.1,62642.6,50107.5,19774.2,27607.8,23340.1,
89048.2,76943.7,20833.3,98386.5,170164,66032.4,50018.1,269795,290769,77587.5,128224,14375.8,6634.18,21287.1,55490.3,
44295.6,282583,46084.3,36038.3,173981,5762.13,70696.8,30743,168898,12720.3,13741.2,53135.3,38630.2,482349,4887.72,
4057.78,60331.2,87599,9347.67,45095.1,186436,115382,55405.6,13838,96415.7,157971,5458.96,40410.2,15415.9,289193,
219352,4011.9,144316,3710.19,69719.4,119929,46908.3,48587.8,61783.1,30843.9,150741,177828,104839,4665.62,58808.5,
148895,24817.2,143560,46000.7,16204,149977,44756.5,20613.4,44998.2,44251.6,168301,39026.2,31910.7,34093.1,5396.65,
102701,262635,44694.4,76781.1,60913.3,6479.42,6603.55,54246.2,133415,20919.2,6330.88,106754,6142.82,16522.9,416957,
482611,285646,4904.08,21893.9,207851,8597.67,79669.5,130426,91519.3,102648,36664.6,16326.5,37337.6,18868,5496.91,
47389.3,80481.4,5329.31,278811,76073,22989.3,17603.8,198767,18683.5,5390.11,4927.41,9891.16,13322.6,5021.54,13680.5,
207024,6449.58,175322,8747.64,5660.53,87150.3,43359.1,6932.45,129562,157617,215531,19782.9,77604.3,26570.7,14584.3,
23925.5,14033.9,71845.8,215922,62672.5,122838,138180,33571.1,39799.9,7768.72,175435,4202.06,146660,96244,97404.4,
147473,46285.6,43305.7,5667.6,91241,57898.5,121401,8447.85,12248.2,5222.75,175599,47854.9,178768,133437,14837.2,
296627,30681.9,162479,74893.1,33552.4,6645.98,17163.1,7312.4,35160.4,6322.45,44752.7,29466.3,34124,3497.11,12251.6,
67506.4,277002,17221.2,36578.6,5063.91,28882.9,52825.7,260491,138592,137870,6482.63,105175,3866.4,82729.3,4926.81,
106138,133360,66694.8,60725.3,83690.6,6393.24,53164.1,158280,77324.2,4889.82,256517,80367.9,20573.7,5854.15,126571,
27887.5,4045.85,167251,16414.2,27629.1,6978.29,5532.25,78403.3,6700.43,97358,38432.4,38272.4,271588,170927,10169.4,
