156054,75261.2,331750,162639,232060,151202,84909.3,80450.4,231540,149474,149195,451063,444662,137674,493557,
238833,254547,410332,103126,320632,129590,62473,107096,58987.4,261582,176300,91978.2,64533.8,10477.8,68813.1,
199863,65579.7,15927.4,42683.9,177257,310436,7715.38,15403.3,18432,266282,24100.9,5552.55,75369.3,145655,206722,
19747.1,218648,195654,35720.4,98928.2,45842.4,33169.8,151512,16725.6,397949,135578,255757,12070.4,6369.46,22159.1,
506291,18642.8,51033.7,13018.3,14344.1,18022.5,39206.8,10943,34325.9,142754,127068,41628,114496,22786.2,19346.6,
27869.3,40979.6,16945.1,16120.1,8379.63,14606.4,83244.2,82528.2,11352.1,243016,36827.8,30383.7,164940,12590.4,131791,
187393,95363.2,106641,8288.01,137456,77829.5,4162.25,66639.4,77038.7,143591,171861,124264,74349.2,132975,92767.9,
223880,30659.8,37163.2,17136.5,17347.1,8034.95,14432.1,48485.7,159541,34419.7,69029.7,167526,9325.68,11521,11807,
82573.8,22594.2,98947.7,9733.65,47855.1,57411.8,6255.43,84036.1,60695.2,15010.9,5087.08,5955.31,91875.4,6833.15,12493.2,
33309,47942.6,66703.2,157098,152557,14843.6,219993,85980.9,32386.4,82431.4,174133,23547.3,12422.9,6161.59,15809.4,
5789.78,74509.5,20673.2,10293.9,21471.6,18262.1,65975.2,65404.2,9368.45,6221.61,103698,222587,120303,3425.04,51465.8,
2756.35,17860.3,17025.1,18659.8,16437.1,8728.21,211400,7526.61,102665,77089.5,13957.6,165360,22379.1,262534,10421.9,
11398,350137,18111.4,10179.5,10994.5,11258.2,79845.7,139590,213441,14826.4,153825,29844.7,7995.37,16066.3,3139.93,
8089.66,2954.24,29680.1,75249.3,5756.12,2247.89,2933.78,3575.04,12911.3,344371,2919.19,11439.1,3363.13,8172.78,5808.96,
4218.8,6815.26,3707.03,3361.29,17465.1,5835.62,21446.5,4715.61,4928.74,3155.68,2613.94,6504.77,3891.35,2236.03,4519.6,
3077.94,5533.26,2676.99,4139.24,5856.28,2619.08,2662.75,15281.7,5857.93,36241.1,26176.4,3323.93,6350.23,3532,8147.12,
5301.14,99926.4,2851.09,2200.5,2675.11,10466.3,4527.62,7063.14,318067,4024.39,4160.71,2396.17,2541.96,4058.66,4091.2,
2400.48,3943.79,268087,4340.61,6501.41,56256.9,6160.73,9284.28,12272.7,2305.59,2773.26,2852.82,5189.33,3907.23,6987.32,
3336.55,2599.19,4366.94,4013.69,5261.04,2690.88,181074,3902.64,6344.59,14774.4,37467.1,281899,10580.9,7112.33,156820,
74224.6,255874,78143.8,3083.24,2673.64,96012.6,4929.26,3913.54,3605.43,3078.84,401923,7034.79,2122.23,3955.01,2498.84,
3163.34,11985.7,12148.2,6285.55,56830.2,7098.56,4970.96,4349.23,67009.8,4680.36,13159.4,97373.3,6771.06,2196.77,4396.54,
7874.06,2775.67,3238.5,2512.97,28469.7,2318.87,6029.84,6078.51,3832.52,5332.47,2033.17,2781.21,107564,3666.94,29052.1,
4492.02,3043.07,5579.64,161552,2415,5527.58,108476,37288.8,5482.02,105868,2946.25,3942.97,4783.48,323413,79326.6,
3602.14,292899,6386.59,2557.65,5359.52,2767.62,3408.94,24145.2,3056.63,5072.75,5658.57,3226.36,2827.98,195123,3327.26,
2381.32,2141.87,150184,3966.6,3273.53,4744.87,3510.29,3536.96,5114.58,3512.19,2338.81,124382,2517.64,7201.2,3154.81,
2638.58,195469,4764.62,255185,2448.53,4173.15,166533,9485.26,2948.53,4170.57,6572.95,3600.92,2908.34,62749.3,3248.98,
18572.1,4361.34,2733.53,2958.93,6404.13,2597.21,5941.97,300356,10536.4,5811.74,2990.41,3253.36,53249.1,4015.22,2713.58,
2903.19,3227.71,4034.05,3286.66,3505.5,2695.84,25274,3407.28,3791.42,3832.54,3364.62,3182.76,4118.52,5320.99,2788.19,
4062.43,7029.12,69105.6,4157.07,3860.88,3200.1,6701,4416.82,6024.13,7832.29,3306.07,3815.95,2894.03,7977,4221.09,
4777.21,2232.59,3060.13,3138.24,8980.64,2708.76,16941.3,2881.82,194634,3836.55,2613.26,2449.09,4211.34,3800.42,5813.12,
2334.72,5585.51,6136.09,2989.68,2854.16,11270.7,171778,3463.36,4673.22,2783.87,2540.06,6420.48,48464.8,2417.46,29727.4,
3198.12,2127,22734.2,2664.69,2672.44,3432.32,2522.49,6336.27,3651.35,75981.6,12372.4,7417.6,3172.14,3007.17,4684.82,
4066.94,5916.95,2804.47,4607.47,4347.13,3459.98,151842,50629.2,3914.53,3130.42,3161.54,2764.74,5696.98,89156.9,3796.5,
67595.5,3120.5,4547.08,222660,2194.95,5605.18,4553.31,25537.4,9059.3,2975.02,3272.41,2391.1,5654.98,2841.18,4677.12,
4847.49,7942.55,8642.12,2798.67,7857.12,4378.32,2909.55,6702.89,4908.42,3580.62,65348.8,2941.85,8466.62,4029.68,4433.88,
277411,3421.64,3744.15,7776.88,8998.3,3606.19,3741.05,178921,5814.36,3229.24,2135.01,3778.46,8722.34,2772.25,3538.74,
4386.26,71165.8,4829.05,16749.5,6343.51,3868.22,1989.85,3761.63,118518,73703.9,22336.5,4082.55,6046.88,3300.67,5490.23,
3941.08,2272.68,2558.78,4099.67,9231.58,4264.62,5065.67,2367.46,7269.2,3476.12,3349.99,52266.2,3814.82,4758.46,50042.8,
2795.5,6287.65,82669.2,14539.3,4106.13,66674.8,290844,3031.83,3450.14,7518.71,5876.56,3767.16,2632.79,2453.5,2914.82,
377778,9298.32,33430.7,3125.23,2593.51,3890.91,3241.62,2550.69,5708.22,5617.31,2193.55,3888.6,2784.87,2867.11,2804.84,
8092.28,3527.93,3147.99,3950.66,12229.2,121349,5713.33,2542.46,3586.93,2513.73,3113.55,6586.95,4665.19,3775.87,4365.85,
5598.31,84935.9,2686.84,3935.91,5572.31,3130.6,2684.44,9155.87,197054,3876.73,2389.23,3830.73,2194.84,3082.88,2711.04,
26318.7,2683.46,3622.21,2536.07,7060.93,6938.17,2586.75,5421.83,3704.05,2034.1,3315.56,4216.58,3494.04,5326.24,7228.96,
2938.82,3201.05,568394,2635.59,71110.4,2863.9,2474.04,2647.62,71510.8,3571.5,3370.92,4377.13,4706.25,2058.85,2726.69,
297537,2636.43,2893.88,2981.48,3512.59,10079.7,82494.7,38920.7,5065.57,2505.81,2519.67,3846.91,95189.9,51582.1,5340.52,
2830.66,4659.9,3276.83,54235.1,2718.82,3067.8,7157.81,5402.19,3282.74,2474.17,4219.16,191703,2564.14,3814.96,4064.72,
2565.18,4763.16,93164.3,3103.26,2023.46,2655.79,110157,3541.27,3783.2,3201.75,5260.44,4445.49,2622.74,2906.4,273761,
4930.48,2360.71,16893.7,2716.45,2759.25,2624.13,7404.39,3173.51,5730.73,6047,152589,2418.1,2127.79,2398.48,3705.77,
3736.77,2858.1,53903.9,174839,11376.9,3029.35,5359.52,4495.2,2621.21,4799.12,2786.37,5296.92,2101.65,2675.89,48738.9,
73425.5,34027.9,2981.47,2488.29,8498.69,3791.22,44501.1,3215.76,3054.89,4851.97,5179.32,5800.52,3841.31,3438.24,5194.24,
