162807,317787,182813,248611,365973,26425,424581,208435,201891,248846,467877,119769,339610,65503.1,155003,
142800,449313,574749,167004,365732,112019,109160,515511,30234.1,164360,46279.7,317436,189340,384394,13860.4,
9954.28,312386,31816.4,140669,35534.3,573035,134502,337037,375817,454516,53896.2,256264,4286.18,329048,56247.2,
27163.9,104922,6873.46,27930.3,379641,36654.3,346747,100819,60383.8,12116.8,54375.9,166392,96110.6,185443,42699.5,
19129.2,61383.3,10261.3,110809,5551.02,152124,264314,154172,18321.5,84930.5,380050,86045.8,30329.3,189962,44882,
21308.2,5578.74,77289.5,78999.3,188512,7124.69,27668.9,149997,3650.58,12148.4,253661,219758,60331.9,89844.7,174021,
95932.3,54415.6,7729.08,259874,37375.9,96668.7,229406,41404.4,132041,17647.1,5744.08,4826.71,25959.1,21654.5,36499.1,
34653.7,10713.7,21194.8,8246.9,13029.3,109276,10653.1,20576.2,78136.1,24704.4,39764.7,23812.9,3867.44,8931.3,27009,
321429,12062.8,171907,106426,5034.61,273175,60793.1,88891.3,39652.4,15066.3,119626,34946.5,53960.1,4530.55,28778.3,
44517.2,185342,49430.6,67612.3,213234,6755.72,22391.4,6904.17,18214,74303.2,34235.9,8528.09,4225.25,20273.9,27915.3,
139397,4978.96,7075.54,8456.72,4439.92,162898,11160.8,92587.3,46890.8,13681.5,73739.4,223449,27552.9,70357,82209.9,
181564,8560.64,92688.1,431329,4868.46,106700,4962.75,12617,90272.7,19689.7,82312,4366.09,93152.8,221868,343843,
19712.7,95631.1,246931,36932.5,55135.8,54471.4,7927.82,33339.6,52669.8,9416.2,64748.3,53202,61119.6,6190.01,77894.2,
8731.4,35117.6,76924.6,8001.25,153638,35591.3,19221,14769.9,64190.2,184710,209849,89480.9,19524.9,129731,6091.15,
231016,185657,62587,79297.4,33965.7,79141.5,27254.1,3982.27,179683,87662.2,4164.14,7590.38,24280.1,261375,39807.1,
65242.8,181181,89773.7,73445.5,224741,11808.5,268056,17856.9,66024.3,244450,45085.6,337736,117392,113451,173956,
178870,55591.1,5481.4,4811.76,88632.2,43262.9,5807.89,4854.42,4644.55,112448,101527,10013.8,24961.5,27068.6,49124.7,
98413.6,6471.55,30439.7,5224.84,7338.96,238196,73033.6,19111.2,72394.4,133759,80646.6,5540.33,4630.27,52641.1,21763.8,
23333.4,230720,63842.1,23654.6,9715.65,128909,124442,5621.89,6790.27,339803,5075.66,103468,4816.51,196182,169806,
286567,22186,79316.5,151456,217162,121431,4563.83,136152,16859.3,22964.3,5328.56,133712,3760.26,3302.2,16535.8,
56715.2,246350,65624.5,13976.2,251274,64530.2,23581.8,3746.93,175303,82914.3,9649.8,180886,42677.2,3968.46,202519,
165892,340776,133576,328648,118534,4717.61,9036.62,39776.5,8961.1,5012.14,37216.3,53694.3,4046.44,152271,236082,
5136.84,4202.12,4936.99,247326,286263,3922.29,370267,65460.7,69706,8576.7,200693,8034.59,77836.2,283075,5825.03,
4371.29,138948,2793.34,13548.2,5240.53,27189.3,50204.8,77397.9,9748.11,5792.11,40319.5,128650,160578,120907,46803.9,
206823,39098.5,265767,316757,186984,124652,54901.4,52345.2,3230.99,52925.1,219480,379053,71897.2,14551.5,3725.63,
17439.9,317321,57885.6,41464,147328,31308.6,556515,108112,5253.49,89302.9,53121.9,104233,50866.9,54225.4,11803.7,
9882.78,318470,69781.7,113837,151448,3233.51,179595,294538,21607.6,7158.25,66536.4,315081,113696,176146,154406,
10393.6,3358.45,44817.6,115896,226374,106127,257013,99347.7,7549.5,156339,49610.4,116580,133533,4477.63,5156.23,
262415,326141,59542.2,138279,169555,33838.5,5687.71,5634.01,80485.4,8010.71,4147.45,6305.78,54341.7,40873.7,5240.06,
91344.3,110173,413736,5787.11,329876,34034.4,5872.93,84361.4,215254,239363,128383,39862.6,359395,135397,5472.41,
43079.5,14626.3,21906.9,44329.8,314442,10036.4,66669.4,107059,411066,195159,257281,6152.69,232944,6519.11,163369,
3954.12,15640,28751,51548.3,38314.8,139043,256746,220919,211545,97788.5,240602,12071,68141.7,22358.9,139691,
37104.4,146557,321844,171091,20435.5,26434.1,124635,14587.3,47525.7,10102.2,14159.7,79283,4480.51,201200,163913,
34089.6,28093.4,12291.8,17813.8,17563.8,26053.7,43597.4,67161.6,12870.9,25374.4,9441.09,59800.8,296175,11251.4,3974.87,
41226.5,81717,6370.36,11527.2,30094.9,14982.3,22104.1,24068.1,129155,75589.7,23483.3,314322,33827.7,7505.63,98884.6,
191823,156495,4235.52,80022.3,70373.8,3245.67,27386.9,365171,14032.6,3104.35,37105.9,246332,14974.1,129184,105863,
7153.73,163078,11332.6,4962.17,244866,256556,33705.5,98933.1,26793.7,65241.4,16794.9,41308.8,19094.4,45949.8,3466.27,
56434.5,130421,4121.99,291287,143085,91996.1,5105.18,33621.9,62442.9,173165,104463,19799,32468.4,4562.03,276743,
5249.65,10191.2,57771.4,29703.5,5288.76,120277,91809.4,75637,240772,110019,3413.71,6001.66,73253.9,18112.7,56416.1,
3820.77,40352.7,79730.2,323134,50343.8,133139,118592,52889.9,6599.94,13763.6,39435.7,131378,174809,55911.1,4682.22,
37768.3,13909.6,30151.7,4303.45,29350.7,206437,107000,226278,8041.31,91605.1,19788,75163,282343,219996,85586.9,
3470.68,3130.97,83159.3,132496,182297,24639.8,14491.3,118799,5268.33,32643.1,244310,7020.42,80309.9,234819,166285,
239427,50305.2,11579.1,10955.6,172632,4223.56,82544,38325.7,16912.5,25273.3,56404,99552.8,3727.88,21932.9,4849.41,
5032.45,4425.74,100469,76824.6,103691,47153.2,5017.07,94716.9,3965.12,82793.1,179563,288244,106270,47146.9,4973.94,
18216.4,163233,42786.9,340446,83332.8,81487.2,25779.1,132749,4005.62,100771,3519.94,84002.6,227486,3733.67,356768,
46080.4,9485.46,26636.7,44734.3,138184,101300,6447.26,222621,26500.9,180058,296927,112866,24688.7,61155.2,28559.4,
28934.5,47309,68971.7,22333.4,18242.4,14602.8,46358.2,79305.7,40874.7,28077.5,408435,256994,273020,165373,54874.4,
148715,47120.7,118321,134809,47469.6,11504.9,34019.5,65341.2,6162.71,8070.7,6293.32,121347,8654.27,4827.66,48836.7,
106585,5686.21,210718,7684.76,25972.2,129496,407115,367980,61693,184992,51580.4,201727,4225.42,72946.5,331689,
83390.4,122069,287163,25777.2,8764.79,5567.83,48740.4,199015,27405.3,152949,25447.9,67442.4,16795.1,149830,5929.5,
