130381,142083,365037,553761,216898,399652,321523,156756,463520,102389,7956.79,198160,61685.3,360120,133391,
7204.09,24926.9,219156,93325.9,222333,19342.8,5366.34,8103.54,61903.7,174520,274970,2969.15,7938.97,39290.1,133613,
89886.4,24334.1,58496.3,38003.3,77332,3336.49,380076,4848.65,6897.9,134791,4030.66,3283.76,4761.55,137053,261370,
33068.3,3117.13,4873.71,62950.9,88523.5,3413.41,3951.17,61825.1,31103.3,37495.6,3672.23,110249,2864.26,136763,136749,
257641,41643.5,73024.2,10167,128308,4632.25,91308,333611,15883.9,3342.7,3848.76,86280.5,4469.97,3205.67,68374.1,
212124,3812.18,8435.23,4503.2,5146.69,177889,45226.1,8693.52,68911.1,52389,4255.15,26222.1,59943.2,106633,3538.79,
3137.12,7096.91,84307.7,3522.95,99779,3078.9,6626.38,121890,7907.39,145102,161268,74706.4,45241.7,316772,4150.52,
27269.9,4296.01,22117.5,3844.32,266436,5824.81,4779.27,3796.13,25005.7,3157.74,5104.01,22388.2,7357.21,4473.55,22751.4,
70061.5,39797.1,156064,36181.7,3779.05,45660.5,3424.22,5084.53,78878.2,4457.99,5859.95,5377.99,4031.89,2581.44,3640.02,
5869.86,7102.53,5118.36,4078.89,19878.2,5264.72,4566.2,5226.61,5519.81,6174.97,6892.98,8113.98,92594.6,3495.57,4666.12,
5441.33,341551,3808.11,13442.6,79927.9,3607.72,3421.1,129171,44641.6,36993.9,134792,5477.8,26551.8,4818.97,42997.4,
4874.83,8506.93,4555.31,79278.5,47667.1,4053.49,84257.8,5538.46,4416.97,4882.78,4003.62,7431.48,3361.85,2662.43,5942.9,
7135.12,3592.6,67631.9,5935.86,157665,5104.1,3737.35,55986.7,257985,40717.2,98255.4,4095.6,6111.9,161858,3186.39,
2805.87,44559.8,64484.7,189240,4013.29,146634,39245.7,4381.08,58514.1,4053.77,41746.9,4894.74,5490.51,3108.9,8302.23,
114380,4269.99,9151.24,7749.14,7813.57,3946.32,3801.17,44486.4,132202,3600.59,3198.77,10886.8,3811.54,7994.87,5427.7,
91930.2,18926.1,4173.35,3478.17,4837.27,125181,4052.47,3761.66,3443.86,4683.65,6162.46,183898,4622.94,4972.48,297337,
38606.6,2488.32,4204.08,3432.86,5695.6,5286.44,58208.4,4234.97,7025.3,27096.6,50593.8,3692.32,3641.79,4590.56,117078,
248549,3253.1,6515.78,4370.03,3636.96,35255,3120.38,50021.1,224446,4523.36,94840.9,2977.83,112329,5779.57,3639.14,
3270.11,2862.2,6712.39,5178.93,50836.3,3031.25,4837.7,5015.98,2756.13,6644.69,109130,9212.62,3282.2,3043.64,10375.3,
422559,4195.85,3181.44,4412.39,3513.78,7423.61,6190.3,2996.07,61630.7,102257,4100.96,3460.43,5902.73,4248.35,46432.6,
5707.28,3672.87,3403.39,19323.4,3681.92,4607.57,44335.1,4055.08,29132.9,104064,7292.93,3846.19,4035.73,90912.6,26746.5,
6061.31,91263.3,28395.1,3336.62,3078.17,3281.87,2704.44,109937,4107.27,4004.53,3331.77,9038.04,37137.2,4971.77,6255.43,
3365.54,48710.1,3384.21,82544.9,6186.73,20480.4,2980.13,3096.27,33827.2,133466,8659.96,4160.91,82055.4,2850.59,4127.28,
74741.9,53859.8,6749.76,113539,78763.8,25888,61241.1,345478,131515,46310.6,4353.77,3124.9,2695.77,43878.2,49370.8,
2591.76,3950.01,4359.14,72729.7,3311.73,3781.77,5796.21,165211,41490.8,106480,40124,2987.1,31955.4,5943.47,4985.65,
3335.96,30104.1,84079.9,6031.44,3813.32,3122.77,7447.29,4025.81,159062,5416.75,117603,45410.9,4015.37,141700,4975.72,
3170.99,2551.81,4109.32,4310.28,3671.09,6029.38,20124.9,3715.03,8435.38,120732,3625.34,29454.1,104221,2718.62,139947,
2916.02,2847.53,64194.9,21758.9,5023.66,3685.58,2979.31,23765.9,4304.42,93618.5,5462.43,6017.2,13226.1,7100.03,4518.5,
3479.91,71471.3,3907.38,100740,5573.96,4591.5,4284.59,3656.13,4470.79,439160,205457,3624.47,3583.46,3792.3,77387.6,
6287.73,4249.8,59688.3,30298,75168.6,5752.19,110237,5633.35,5060.88,2604.04,139797,4897.34,2766.15,6447.22,3164.8,
46953.9,2667.54,42522.3,3276.14,18426.1,5147.61,3531.34,3559.89,54369.5,52599.1,55350.1,4824.2,3314.81,43615.3,51309,
2624.88,29858.2,138099,67034.2,133603,41080.9,5421,304425,5483.3,4215.22,5071.62,2951.28,305789,41431.2,178723,
15983.8,2979.44,165065,194665,3045.81,63574.7,2619.57,135270,4918.44,2768.75,66750.6,34658.1,3322.66,4169.1,180096,
51801.4,7137.74,2944.64,3955.01,2898.07,4208.32,101829,3790.62,52309.8,3626.65,2600.94,3285.46,91140.8,3245.3,5910.79,
4992.01,5272.98,42499.3,25376.3,41314.3,20467.6,45831,3958.59,5640.34,10939.2,25097.1,4135.31,3591.99,5427.62,31754.2,
5091.82,255995,3129.9,342678,6888.8,5280.93,3891.9,3509.39,4644.04,96566.8,5245.39,38120.8,6120.44,4234.62,3867.88,
4648.3,4917.03,29133.6,5938.6,4600.58,19963.4,60614,37130.4,2810.61,2834.36,4047.3,6261.78,8530.37,3932.02,4947.29,
19832.4,3437.19,5169.49,3366.39,4614.16,65114.8,5551.71,4647.18,61590.4,3166.01,3465.15,34982.9,40418.4,54060,4359.91,
4952.22,3825.39,63428.1,33715.2,157457,355815,4010.36,93468.4,17229.3,66017.8,49452.5,3957.77,3186.39,41163.2,5610.11,
3594.02,2482.81,42976.8,18514.9,6438.14,91562.5,4637.79,15406.6,4241.28,107306,55890.6,6542.75,47968.6,5836.73,6260.7,
59227.9,68056.8,6747.79,173532,743782,36496.7,5195.99,3404.16,4349.24,6782.45,3997.12,3015.8,5673.35,5872.23,7086.13,
3874.24,8440.17,132732,4112.43,3909.29,13312.8,8475.64,3901.89,143138,23955.6,59955.2,54768.6,3767.36,6473.04,2836.4,
3368.14,3963.52,4176.31,3358.42,2446.11,42059.1,137729,6134.25,3529.57,6849.12,3495.7,22144.2,38110.4,3127.46,7049.35,
5010.84,5451.67,6761.87,5103.09,78554.4,105744,91477.4,2948.04,5328.5,292438,10151.8,11172.8,7011.17,23314.9,5120.91,
4926.09,5085.97,5038.11,2414.81,38278.3,32364,171973,4125.49,8105.39,141207,4993.28,3945.81,3958.55,3824.16,28658.8,
146940,4449.91,22653.1,12781.7,5101.37,3616.17,6825.63,114311,112432,62410.8,136913,91369.5,3937.2,4910.1,4300.22,
4681.84,5401.95,297848,4609.13,6739.37,3642.68,38454.5,268521,3776.56,3791.15,23680.5,4829.18,111672,5887.22,39332.7,
4345.18,174190,3002.09,2635.6,8940.52,5768.65,9990.19,129429,3605.65,6201.19,3160.88,25780.2,6678.55,8376.54,167765,
31081.9,18222,3813.88,3338.62,68324.7,10959,5509.58,24492.2,4249.37,4658.33,4289.21,23312.1,5255.6,12863.4,40423.7,
9067.07,47623.1,5220.93,4734.62,3790.76,10270.3,6849.93,2889.24,226725,61809.2,3371,3549.45,4230.49,4499.31,194063,
