352263,62602.5,56687.7,122659,142100,10488.4,4352.11,91375.4,356343,322075,105291,138203,67416.2,392924,410716,
2881.56,15724.2,20375.3,23782.6,21507.5,188420,97423.7,155653,66693.2,34693.9,163731,168408,71441.6,14935,51689,
51132.3,101165,69711.9,61012.2,25711.2,98836,92393.7,18034.4,11388.8,219703,64568.1,25511,13018.5,9344.71,26458.7,
12814.9,76893.6,155035,189997,7498.14,192994,13926,9646.51,31150.3,204610,11306.3,10529.7,125040,410726,257940,
11535.4,23438.8,5319.79,38886.4,229898,3340.27,55097.8,19570.7,6022.61,135505,82586.3,293347,32057.2,3861.54,11362,
3658.28,21031.7,73904,13489,11787.8,15362.1,31522.3,93357.9,26655.3,9963.05,41153.5,4126.71,82228.1,4988.05,4825.74,
71350.9,80051,5893.12,11950.7,19700,57955,178953,4724.12,36586.7,3274.44,108218,16852.2,21564.6,33076.7,3796.8,
8922.58,6246.82,38563.8,13137.3,4868.73,10975.1,4057.48,35819.5,25286.1,4233.34,6051.29,9408.53,7428.41,17644.9,66914.3,
92659.2,11327.5,6020.38,46630.8,3701.85,6417.98,3620.34,11134.8,5627.65,2959.31,3233.22,208970,99421.5,189770,242216,
3417.58,23555.4,44839.1,98006.5,6929.78,87798.6,3955.91,8369.03,4101.94,5484.45,4827.54,4650.65,10310.8,4074.04,6792.88,
4431.16,5714.27,51593.4,3492.09,31540,2968.45,150314,45144.4,6279.72,171502,47507.3,60932.1,105878,45653.8,12231.6,
10679.3,101116,4109.49,4093.7,3979.38,193167,4886.63,4110.05,4134.52,3555.46,3602.53,7129.59,5970.35,242139,78751,
4183.58,7014.64,169049,6750.2,3748.6,4792.18,4461.39,202676,4416.94,5868.75,33023.1,4789.99,4538.09,22905.1,36342.5,
50995.6,13736.8,160325,127881,183909,5117.55,59217.2,4150.78,22729.9,224725,4229.12,103765,3919.44,4573.33,10190.7,
4572.09,146183,122780,10815.3,3528.83,11479.1,59575.9,29410.7,109004,25263.7,10504.4,4086.03,255729,4522.94,6085.54,
16391.1,65405.8,167574,3910.66,206447,6138.96,7573.71,3336.01,27435.8,6983.69,3455.73,28528.8,16673.5,2911.17,4204.03,
5675.71,94734.7,4472.04,18576.9,5668.86,53575.3,30967.3,92488.3,17779.5,11595.8,3609.27,3080.15,183785,53794.7,4764.37,
2734.24,9711.26,43393.7,7171.01,50688,20560.5,3389.09,72600.6,4257.53,67830.2,2773.26,42181.7,61109.6,83971.1,4240.05,
89284.1,4732.9,11714.9,5948.8,4461.88,7247.86,22456.1,225599,18758.9,4755.79,26558.3,4299.06,84716.3,3305.73,3472.68,
5559.06,3863.32,232121,5064.83,5104.3,173823,3054.21,175213,4716.96,3410.17,3795.93,226518,103918,3742.82,4021.16,
38813.2,25041.1,49228.8,32795.6,8261.21,24814.1,3228.92,8653.59,162461,5187.67,3589.63,2791.02,9450.04,8553.57,4764.65,
3628.02,274709,95033.9,3344.52,197024,6866.38,12366.3,112392,3920.21,85771.7,5528.75,6886.96,3567.3,71945.6,4330.84,
5800.7,4659.83,28833.1,5697.52,6066.11,5571.09,55864.9,14871.1,3580.32,4436.65,249491,114529,4285.01,67053.8,87573.8,
10203.6,4417.98,3697.39,4396.79,3759.15,9202.92,8353.68,121258,4081.44,34036.5,3239.43,177085,7419.05,7132.57,6398.66,
3844.2,153763,8097.69,3287.04,30074.2,6930.29,4183.37,3790.76,3111.63,169821,3513.07,4517.68,3711.69,90585.2,132047,
4377.44,48176.5,72232.2,8365.25,114963,4301.99,73046.6,2771.61,76955.3,12442.6,3013.44,4768.67,105580,6216.24,4788.76,
5850.65,27221.8,19121.4,5054.73,4217.92,81778.6,2964.74,18538.9,146667,189544,12891.3,3671.99,3418.44,5049.01,6248.55,
66565.7,4671.5,4693.04,5393.02,4511.56,15752.2,206136,6903.09,2981.3,413839,279186,251351,4456.14,5934.69,5334.94,
5762.86,79902,7718.63,8112.01,5610.17,87096.1,20543.6,65427.7,4411.93,4494.76,127735,5034.16,301193,4434.63,2992.81,
3503.49,3454.64,4438.01,4571.98,3445.05,3868.58,8382.15,82408.1,7660.91,6453.13,3198.33,4062.13,3841,204058,66088,
292359,12719.5,6327.07,17932.9,13630.3,4488.04,3625.86,113496,4407.78,3420.07,29804.7,4876.71,4943.47,52085.3,17426,
26040.5,4939.51,6775.21,3314.4,69427,4352.12,99148.6,7258.79,95803.9,35428.5,4641.58,3288.14,17902.8,3699.08,3291.82,
28081,4520.75,8383.54,5248.48,3365.32,7734.84,4795.35,5977.76,44024.9,4933.8,8335.95,7899.83,145442,4144.67,2883.35,
31705,4682.52,7241.16,176283,6108.83,5949.46,4084.87,87737.8,36421.6,8599.78,5369.43,101971,134171,41567,10358.2,
17072.6,5391.57,3424.43,4645.43,7921.42,313849,3124.16,4525.29,34503.9,55375.6,38625.5,5435.35,7152.66,51716.8,4186.51,
58539.3,4293.91,4981.3,39928.4,5570,61226.7,5520.71,14654.2,16211,3477.22,11322.3,76913.1,26558,5733.39,11817.4,
2806,12194.2,5918.99,10215.4,154212,186585,127974,113070,6660.7,2780.37,8412.75,4189.87,38927.9,4625.91,60796.4,
3650.38,36378,3334.53,33496.7,6709,21157.2,4192.24,5949.83,7406.47,101582,34166.9,3788.8,39778.4,191937,6587.3,
5814.64,44684.9,12996.1,3644.69,27086.6,32319.6,50295.2,3387.55,31886.8,4267.83,3841.32,3053.41,4128.06,11058.1,14507.5,
5486.99,5680.88,4871.35,5737.11,3897.35,6850.01,7928.44,4888.06,4352.23,84713.8,72929,5748.55,68960.7,4816.38,2901.48,
5205.43,5172.03,17861.6,3466.46,157918,2986.97,121765,3790.95,5156.83,31259.5,44867.6,57757.8,4299.56,56484.5,5670.2,
24840.7,81624,9343.78,11524.3,4066.02,8420.86,5117.35,4366.41,3400.55,5470.06,309427,6552.92,3351.85,45205.1,104552,
263030,101032,4102.7,26720.3,3758.5,3854.1,57223,89825.2,4261.75,103951,32295.4,154100,29081,141849,25045.6,
89679.7,7439.96,3691.41,22750.1,53444.7,4552.61,51420.2,15677.2,10174.5,4396,3544.08,121209,4186.6,216390,6554.96,
4145.45,370181,7338.95,73267.6,39862.3,4361.37,5985.73,79385.2,58213.3,4922.35,60728.1,5823.09,141063,4884.02,18444.2,
47244.4,4183.75,3957.79,25063.8,3319.17,45814.2,3458.59,77589,4731.84,4235.87,16553.8,89260.5,125144,83617.2,44008.9,
25300.5,4152.43,3439.02,3932.75,34133.6,5914.28,87330.8,42236.8,3177.79,90776.3,3367.23,3109.09,39679.6,3787.89,139108,
6266.99,30021.8,4343.12,8618.04,4882.23,4311.2,3625.98,3397.8,44936.6,69994.4,174601,4819.77,27496.3,101606,5388.66,
56397.3,31114,4656.84,3984.13,2963.11,3606.02,4444.34,6740.15,7221.06,5878.2,117308,4140.25,163990,4351.15,70313.7,
110342,5297.42,3919.23,4934.01,19471.3,8572.34,10025.4,6086.62,28086.9,3306.06,34870.2,3199.21,5059.92,3738.37,7634.78,
