321838,195489,163384,444358,2056.45,307729,116283,239667,434334,352477,164048,4481.73,228538,283795,142064,
6816.54,13245.9,147768,274142,382630,5375.62,11500.3,304320,327001,17220.7,9361.1,541716,30692.7,55385.3,50376.9,
9314.5,2913.07,196718,23307.7,45758.2,57896.4,47549.9,15924.5,275163,57183.1,5462.59,13026.3,9905.44,2379.16,255229,
177005,4368.31,3137.6,2585.89,67324.8,3504.85,5292.74,2292.6,2140.03,2421.14,4715.49,3531.87,65058.9,2557.87,49216.7,
3112.26,2160.43,5957.69,4980.64,2052.26,4786,2759.06,4715.55,2533.47,8127.75,213149,4279.56,9829.1,4442.49,36930.6,
6119.21,7746.65,4229.98,5325.95,3234.03,7989.61,46444.5,9951.44,2928.12,11375.3,2767.6,4670.85,2552.29,4424.8,2920.71,
3353.61,2577.82,4596.77,2578.99,2414.15,2905.52,2807.04,2481.99,4061,3043.48,2994.87,5853.77,2713.13,126588,3019.56,
3340.57,3328.14,2377.81,5288.43,2140.48,2711.01,2695.76,3454.8,206904,3691.9,4438.94,169495,9620.22,3810.63,7332.37,
3336.41,3896.33,1762.78,3811,3021.75,4227.63,3406.17,2963.65,3791.87,3299.78,7535.61,6723.1,4671.29,1931.72,2788.48,
2527.94,2261.14,2168.58,3363.3,2672.22,3653.01,2293.64,3927.12,4201.68,2488.94,4345.55,1953.72,4347.74,3477.56,3937.24,
2352.61,5174.33,4669.7,7163.17,7066.55,2538.51,142261,5987.27,119749,4985.09,3470.79,3044.69,5547.65,193973,2844.28,
173906,3617.73,5158.88,107168,3400.13,2453.09,27185,151499,6362.16,3447.31,2174.97,2416.35,3103.36,1936.43,3545.83,
1985.72,3483.35,2821.62,3359.23,4879.43,4397.31,2841.03,2946.05,2842.46,8046.78,64280.6,2950.09,127904,7009.67,6921.66,
3367.38,2995.42,2810.2,3912.51,5556.57,6231.54,2726.03,6955.62,4606.17,2685.98,3451.97,5285.22,2273.44,5286.12,12751.5,
99632,2707.53,78371.2,4060.35,3559.31,7024.12,4410.82,2254.22,5413.27,3676.01,5243.75,3280.23,7214.79,246507,5884.27,
2781.61,6453.7,4267.9,3171.09,2552.43,6383.86,228414,2521.44,11117,3288.72,20686.2,3931.87,2740.94,4230.79,4062.21,
3658.52,3026.88,4250.18,2692.44,2710.73,2645.55,197093,8341.6,2858.33,6089.38,3135.7,88675.2,56263,3316.19,2587.34,
6612.14,3931.3,161849,8908.53,6839.64,15188,56168.8,175592,3189.69,3671.93,7755.09,4421.91,2784.68,2425.39,4267.45,
8554.65,3032.55,5779.8,2142.35,2295.63,7000.48,2186.15,2848.39,6441.19,182628,3102.09,3484.16,5850.79,189093,7614.13,
3296.08,65770.6,5759.78,4109.08,63980.6,6165.59,7122.65,4769.43,2870.06,5083.51,2601.88,3045.43,2667.45,4154.06,2728.05,
4598.72,4033.16,3121.07,7308.85,2232.77,3512.02,2622.41,2704.22,3071.1,4241.99,3382.91,3230.72,2494.53,15191.6,30433.2,
2561.76,2985.81,4975.46,3917.95,3154.49,59701.3,3551.5,3585.87,2405.14,2767.14,2831.92,5078.78,2153.95,2144.79,3427.07,
159905,2305.23,44518.6,2761.85,2617.42,9627.39,16317.5,7739.78,3341.22,2538.63,5631.88,2542.32,14525.3,4957.02,67663.5,
6528.78,9978.84,3834.04,12325,2674.21,4124.09,4123.76,9301.83,161732,5105.58,2440.71,3927.21,5243.21,166219,3836.22,
223143,3155.05,2372.81,4740.5,4905.85,3092.24,3961.64,2842.2,2975.8,2454.85,3484.32,2793.5,7192.48,1890.15,2853.84,
2937.72,3303.28,2533.4,5012.32,2771.33,5529.24,4134.78,3518.02,9806.45,6810.45,2885.36,2414.41,2346.51,3239.26,238421,
4934.55,2930.09,264678,3692.34,191905,2966.86,2132.18,29250.7,4071.12,3490.1,5462.24,78359.2,6253.41,3986.44,1934.72,
3531.49,2682.57,5429.4,3097.4,3216.37,7522.12,4685.55,5710.08,5623.04,56564,9801.35,314858,5297.83,3251.85,4427.46,
3164.2,2468.27,82813.5,2183.1,3624.46,2553.91,222559,2667.88,3701.12,53478.8,5777.49,4627.85,8653.47,2361.54,2858.67,
2524.28,7708.85,71529.4,47046,5110.76,2716.34,27976.4,3187.8,2454.87,3012.57,90949.2,4423.29,358012,103179,2691.23,
2864.14,2833.16,72477.9,2336.69,2379.45,2161.21,2278.4,3980.9,5440.14,5617.6,2207.99,4028.9,4245.01,2301.27,2889.57,
2268.37,2801.32,2756.07,8357.35,10061.1,3540.77,3073.89,3137.25,6479.77,4438,3877.86,87828.1,15990.8,2425.97,3253.88,
3828.78,2749.55,76411.3,3537.49,4406.15,6235.8,2822.64,9000.27,2682.96,3100.06,5399.82,155216,5570.58,12889.4,31946.7,
4609.07,2356.35,2370.11,2381.42,77455.9,64784.5,261133,2952.7,12286,2643.64,7796.39,2926.69,3301.78,2704.69,2377.39,
2775.31,2643.63,2706.27,7195.83,6356.46,1941.49,7789.75,2623.2,182014,2483.21,6717.29,2034.46,7815.87,2283.33,8154.44,
167321,2961.05,1942.37,26116,2801.17,10336.7,4538.76,2825.14,76085.9,2633.73,6848.64,2022.89,3012.96,2573.68,2649.45,
2534.68,3157.49,2649.69,6473.8,5167.63,10843.4,10683,3102.41,2090.04,2099.82,2818.09,4525.23,3413.12,41331,6203.2,
4004.1,114212,3999.54,2845.66,3303.36,4864.04,3783.81,3701.13,8986.43,3850.97,4821.52,3748.05,2329.01,3119.06,7637.37,
182536,5147.78,2723.1,3293.1,190572,2580.23,3501.45,192787,13033.8,2509.39,7689.97,2559.59,2562.41,76426.7,3111.25,
9583.69,5546.28,2479.72,1987.6,2142.88,4382.9,4438.9,2671.34,2732.73,2488.5,3003.07,7174.88,71173.2,6260.28,11057.3,
62711.7,70114.2,3570.92,2858.91,2852.35,17531.1,4680.64,3157.9,4531.37,3074.66,3719.18,11854.7,3079.17,4610.74,30690,
2178.41,2545.76,2828.35,3412.27,2399.94,8056.21,3790,3547.08,1832.19,3006.6,6393.13,2575.9,246147,3987.29,84617.2,
2674.96,4151.71,48822.5,4093.19,2138.47,2472.24,3656.43,3916.99,6265.79,2132.57,2181.72,3037.56,3651.28,4635.47,6913.71,
89464.5,2708.1,58451.4,3969.91,3065.93,40848.1,2383.8,38062,4399.58,3176.2,29958.5,7430.95,4306.1,269904,3293.14,
2538.84,4202.23,2103.46,2624.39,4485.56,6418.74,3210.37,5541.23,6017.09,6107.71,3001,3628.31,46516.3,4340.91,1833.07,
4738.42,3075.34,85484.5,3600.1,3534.78,27984.5,2505.58,3245.55,2084.3,3119.84,3627.48,456768,1940.38,2880.43,2115.7,
3292.48,2750.08,3105.37,3484,3707.46,2810.14,43570.3,5613.38,2381.08,2929.78,72443.1,2652.4,54731.4,2904.95,6559.33,
2350.66,3478.87,2747.69,1715.76,2197.26,271360,4283.16,3956.92,2310.24,89602.9,4298.96,1910.32,28595.8,4491.87,3202.09,
18912,17822.9,656783,3134.41,7412.3,4117.42,3522.91,8032.25,3728.35,5459.05,288905,50929.8,4768.54,2708.55,3640.32,
3818.22,3093.81,148480,2806.86,4213.16,3957.98,2437.79,4249.02,3324.38,4896.69,146519,5173.69,8497.63,8935.9,33545.1,
