417773,283484,219582,220520,137906,512908,218583,506020,137609,274045,345198,523535,342430,176079,315928,
208083,123436,238325,387132,159701,228969,136144,320242,128806,253636,342964,275793,213917,7194.28,313508,
96561.5,102293,73474.4,135236,262620,228752,154917,305606,117325,63937.8,389094,239334,102121,380084,327510,
97819.3,440893,246069,239158,329587,419059,297607,426736,286277,44043.2,359655,190062,415802,301624,98656.5,
138625,71806.8,170526,124024,67690.3,111994,373854,173099,339916,98532.7,203308,239088,209418,305440,261839,
110102,353471,277395,215992,76945.8,255343,269963,19516.5,212338,396522,254428,152286,136998,149270,294047,
219142,182424,306186,56483.4,211269,436943,164892,225828,98443.1,206168,55076.1,205457,27647.1,304686,70057.9,
62872.6,36619.5,141903,193845,198414,91739,91540.9,127171,218518,188305,394786,12411,240394,54120.6,222019,
19177.4,106658,4829.6,55736.8,86126.7,155901,175737,43422.7,9688.58,55680.9,176757,7348.07,284404,104093,10225.7,
44193,10536.2,294996,96535.9,65781.2,215915,280499,69373.7,34541,4451.01,106657,172152,200866,184220,113052,
15051.5,106217,49324.3,44697.9,74739.4,18333,31420.1,202147,4111.07,7237.69,28592.8,4514.82,4518.73,46217.7,45653.4,
82920.8,10931.8,349860,255368,8670.41,73186.8,28246.5,19156.9,40389.5,80135.5,150780,62701.2,22387.1,28198.4,16300.4,
185590,60985.3,14824.7,89852.6,30211.5,39975,112439,82271.3,215490,87942.1,204446,52635.2,40284.4,27355.9,82610.9,
138372,39472.7,304663,352869,59977.8,226041,8674.83,113684,46857.3,92554.5,39769.2,14186.4,209588,89331.3,40221,
46270.3,14581.4,11303.2,85605.4,7092.04,91734.2,77703.7,56485.5,145753,349550,207569,194964,91349.5,41518,180136,
108813,328476,60667.9,35639.4,24976.1,146632,91323.9,23835.7,157241,19498.1,15153,7259.13,19542.4,24170.3,27811.9,
36448.4,15011.4,89040.5,212493,105560,72715.9,125035,40689.3,49953.9,167449,74864.9,249382,7887.71,21367.6,99030.2,
196192,23520.8,11434.9,11591.7,146059,8069.45,57853.5,40779.3,10655.5,22807.9,118276,32938.8,58365.1,20804.6,64367.1,
5711.45,111554,6458.05,49144.9,137350,50328,241247,75594,191749,8652.66,67837.9,251325,110096,51710,213438,
7238.03,31071.4,12199.9,8240.24,114717,99436.2,25781.3,12724.9,296407,6398.49,119414,46408.1,49208.5,211190,48669.4,
14059.5,4870.3,103274,38815.2,65357.5,351396,3494.21,58462.2,53925.9,152645,116614,128821,5508.16,35491.8,167081,
90910.8,39419.9,6158.25,33932.4,82899.4,178113,64625.9,166370,12060.4,8611.01,4050.78,64546.6,358070,153952,23052.8,
110144,8202.3,77527.9,242371,68418.6,5056.55,463977,36344.6,74574.4,62888.7,10160.6,45024.8,223174,57676.6,6962.13,
67416.7,54846.7,7050.97,144598,59464.2,107455,4083.71,4405.88,210482,11232.9,4108.06,71291.3,65381.3,79031.1,92614.1,
99009.6,7246.83,3851.25,45346.8,86568.7,6588.14,13295.4,15639.4,113403,55925.9,6761.8,5699.15,108468,5239.14,5875.63,
104642,172592,6252.35,232243,72769.9,7305.53,191474,103345,21992,132703,23009.6,198059,6436.31,61264.5,8503.55,
186720,120953,6606.78,12511.2,32468.4,19916.8,4963.24,30709.1,299091,40917.7,64202.7,53744.6,47858.6,251108,46644.5,
363889,65173.3,153022,294843,11065.5,188067,380707,54104,13478,4973.8,198575,185945,50071.3,90750.7,125795,
423271,6397.96,47575.6,77324.8,104975,3969.08,40143.2,353572,12308.8,18854.4,104109,138790,47393.4,261027,4492.79,
125968,10903.7,109883,65275.2,280069,41819,110291,187244,9827.3,58604.2,8688.95,316348,67285.1,11458.7,24304.4,
63526.1,164037,71569.6,51918.8,130436,71529.2,7675.16,5003.51,5088.62,61025.2,59978.1,104781,81742.8,35955.5,62106.8,
32661.7,164400,95313.1,193056,21364,94972.3,10231.4,41598.8,39542.1,25056,45221.1,183457,368323,135295,3545.02,
137482,97776.7,5859.95,45030.8,62447.5,9063.21,190422,353231,346821,40954.9,60075.1,5246.98,144120,50256.2,306234,
6499.2,361317,88161.6,3769.03,22547.6,71696.9,9703.28,173566,220719,150439,40719.3,6207.16,70814.3,196733,144867,
29030,135139,46609.9,51009.1,4823.2,29048.7,6072.19,12446.6,4805.87,96259.4,90204.2,279201,231961,15119.9,140086,
15529.1,160998,142617,9085.61,20343.9,49649.3,109758,120224,94431.4,72384.8,119057,11611.3,60444.6,62497.5,10808.4,
37877.5,156941,40479,29234.9,140867,42166.3,104349,12693.9,77047.4,34386,4245.05,22039.7,267102,20710.4,20612.4,
13308.4,112230,44646.9,115819,206334,27947,142784,341895,64577.9,364196,187681,137381,5591.73,5361.88,256504,
49540.9,80131.5,168925,67773.2,27791.6,41512.5,45912.5,45701.4,6282.94,59956.6,239473,37583.9,11836.5,38363.7,134186,
11355.3,10487.1,5893.29,21348.3,85041.5,15685.8,7457.51,58828,323431,59333.7,306652,53122.2,36121.8,100782,257599,
162147,4533.95,218756,20660.5,149610,47083.4,197543,22252.6,247145,66903.4,87658.7,28162.1,12546.6,24576.8,70897.1,
335010,3984.79,14829.3,11346.5,3669.03,17520.8,4203.56,142534,57613.8,108946,93276.3,226693,10082.9,37578.3,236558,
177680,196013,103329,52265.2,21149.3,68713.3,141946,188170,4395.98,65718.8,3860.12,5988.41,384269,85675.1,267969,
106550,65746.2,9352.54,45140,20642.1,47699.4,37519.7,33960.6,117530,9483.02,80997,57462.3,24837.9,4746.11,10889.5,
100738,214932,262151,24166.1,3693.01,300591,4706.31,175880,131337,4598.43,3242.94,205864,253968,237105,190346,
4551.79,87114.5,3935.87,35459.6,4495.86,200646,178321,131520,18559.9,56592.5,88190.3,11756,18958.4,151215,33182,
275089,183176,92699.3,54341.7,8272.11,26711.7,10729.3,46830.1,7523.87,107298,82146.8,41141.5,37910.8,343932,217670,
23097.5,39969.6,166979,93909.5,28618.2,79742,4122.53,5138.09,289720,5175.93,140106,11272.4,238170,3992.9,208054,
101407,146895,4300.09,186035,5572.88,61421.9,166578,7285.29,4635.86,144466,4384.25,7315.91,372868,5206.84,4989.19,
298131,12728.5,51171.4,64052.3,148113,20298.3,6877.78,82513.9,35925.6,15989.5,83768.6,108378,186682,99532.6,152936,
