419652,119357,264952,520950,194629,330668,302359,365056,8556.5,95356.8,415528,177177,355800,376542,126311,
101464,27003,92120.7,30330,20018.2,438956,415668,68831.9,143214,319110,96179.3,20733.3,173004,185432,116440,
113637,76555.8,40605.3,22807.9,65673.5,157304,3907.92,4860.95,170134,38232.8,50479.9,70097.2,31043.7,195079,89048.3,
3686.75,5349.81,202551,45878.1,6276.06,106780,5394.32,9089.9,22065.5,44904.2,207891,21107.9,5715.51,183950,83709.9,
161814,348223,5813.11,157453,19715.9,40489.2,12337.9,15581.2,85753.7,20458.8,8015.98,27788.9,4249.22,3575.43,155585,
6200.46,5668.08,109345,117992,6788.78,6850.6,91253.1,92345.7,7403.74,59454.2,3611.41,9782.55,4681.2,17005.3,84895.6,
8095.75,32485.7,5485.3,5511.27,4436.37,20284.5,11613.5,135528,8154.49,4627.51,58127,122812,13567.9,38479.5,192210,
3645.55,3612.76,6790.85,84398.4,26030.6,3183,42056.4,91131.4,64910.6,133891,18382.3,4454,68541,8263.54,7925.26,
7989.21,25922.8,4984.4,160393,5350.3,7294.73,3599.69,164820,5488.04,4314.55,4496.31,16190.8,111342,8096.95,111757,
132566,6106.31,3968.47,5840.03,6415.68,3324.69,145005,272868,8525.94,230630,124198,62424.4,249521,9556.98,4454.62,
3229.27,3921.46,4213.43,5519,79858,45371.9,5329.7,6056.56,116500,3978.17,138421,4165.28,5159.35,3859.45,13721.6,
5539.85,53946.3,193370,3605.73,6664.34,54413.5,45374,265356,52827.4,4702.27,4156.59,3813.58,4714.97,79793.8,113472,
4247.45,142832,38764.2,5167.44,3530.62,6974.8,192223,7037.35,9804.14,67688.7,5570.97,3999.27,6074.06,151015,185112,
117681,4008.34,178931,33385.8,4147.99,92878.7,5415.25,5696.71,3875.33,3790.55,7255.39,53437.5,92807.6,4333.45,16296.3,
5665.3,3172.82,4403.07,75244.7,158289,138153,3130,4590.79,43629.4,5138.45,3592.24,13784.8,5510.62,64481.9,13549,
5261.45,5869.71,159266,4182.66,37003.7,48793.1,41845.2,8200.47,3779.89,4905.98,44684,38799.2,94161.1,4187.57,4049.97,
108700,5053.61,41429.1,3457.96,128961,4919.48,5954.24,3933.46,4450.08,5151.94,5548.84,97389.9,231130,22579.5,126663,
85733.9,3135.13,3972.29,4766.03,3857.01,15862.9,5819.97,3762.53,3540.71,3391.47,3652.74,122066,364633,154668,106317,
34228.8,27169.1,214794,4886.6,37518.1,3586.36,170697,3229.99,93250.9,21283.4,12946.6,74747.4,4858.76,3562.62,7954.92,
4865.41,34878.4,5238.51,8610.83,5578.77,86466.4,124205,3141.09,9948.45,4195.5,3109.18,82127.5,49567.3,4227.9,5710.84,
94348.7,5117.47,217067,234075,3744.03,84199.7,9598.38,90047.4,145797,89811.2,4591.56,6156.63,306618,5533.72,133687,
61835.7,70111.2,3314.61,358295,56000.4,5471.88,17451.9,48740.5,8470.88,5619.39,35394.1,4913.88,5401.04,3122.73,7857.4,
6266.43,3583.11,57204.8,7115.94,54837.7,224172,228366,3823.89,5919.11,10896.4,96916.7,354037,2667.37,56240.9,47337.9,
7228.91,6069.61,3327.82,7597.69,7277.06,4916.7,23981.2,8998.78,3458.25,47385.4,6513.36,8639.98,4306.68,17602.9,14215.1,
9073.61,85166.3,145777,3330.43,4049.43,4049.18,4718.44,6528.55,5054.9,12277.9,6718.78,3619.91,3991.68,5675.37,4610.01,
144780,4119.51,6257.84,55529.1,219787,3520.57,3626.41,16949.1,5660.81,4500.72,5208.24,163389,5082.17,6444.58,6616.55,
3776.18,93089.6,4181.58,95978.6,176788,108592,73212.4,17188.5,7833.6,46825.3,7118.64,55127.5,5810.49,3413.6,5239.56,
5508.98,84596.9,5599.12,3157.73,9736.54,27557.3,4617.89,83241,209211,10032.4,21873,146869,4232.05,7141.79,4093.47,
4358.21,3298.23,3760.05,116877,5269.55,3127.99,4114.72,3730.44,4564.43,5620.27,4428.22,4422.12,7165.77,4378.63,6570.84,
2576.24,4381.65,5493.01,4805.95,3871.27,18783,5071.95,3672.47,29274.9,7407.28,4501.47,63101.7,4370.03,21130.6,3033.17,
20683.3,3109.26,25683,95490,151044,176719,110038,164934,2589.61,4803.58,101837,7102.7,4966.83,4953.69,8089.97,
4500.5,88851.7,4067.28,5190.57,61991.7,28456.4,24918,5242.05,6972.31,3212.19,4848.82,5551.87,27667.4,3764.34,14153.9,
4649.8,6267.78,62555.1,6089.55,6596.21,3742.52,2948.51,11483.2,100537,3717.85,6833.1,126146,7917.38,4652.91,3680.42,
4648.08,20961.7,3147.49,54352.8,29483.8,3315.49,4630.25,9145.83,7937.01,5204.91,8232.3,88219.1,36651.9,11300.9,71643.1,
3085.98,3292.92,3422.52,3350.43,6428.97,4357.78,9740.61,3678.01,5894.75,3737.08,72790.4,65061.9,3324.49,16381.7,3208.68,
255439,3320.71,88634.9,208844,4371.61,6956.36,2890.51,7141.18,132134,8036.99,23406,17163.4,26168.1,27744,151738,
6662.21,4034.84,75478,5461,9550.25,5067.02,185074,38889.1,6922.41,111861,202613,194684,188520,6482.4,7177.86,
4176.68,35611.1,3586.86,4405.04,3171.81,62632.8,6205.05,85794.1,194599,42755.4,4315.87,28830.1,149957,3454.86,3542.74,
17831.1,5181.92,4925.3,3654.93,5928.71,13940.1,60246.3,3117.91,124396,3213.49,2967.45,4728.84,37689.4,71502.5,25972.7,
65019.5,65484.4,16321.5,4001.51,24948.9,4390.71,4630.44,8586.57,116519,47982.7,4299.65,10762.5,116872,7533.23,3852.89,
4512.87,91997.8,4652.1,3528.66,2570.53,4108.66,4246.62,4352.3,189066,7429.44,3693.5,56850.6,2512.02,3457.58,88029.4,
35553.8,140792,3475.13,54890.8,4618.71,2889.55,93672.4,2627.32,4763.11,3550.31,190261,297178,4207.94,48010.6,271511,
26497.8,3251.33,5052.04,34305.7,6324.97,3699.5,32697,7068.53,4263.59,4325.74,148331,60408.1,125319,141013,7041.04,
6413.89,100351,4817.58,4119.83,16755.2,4418.27,27941.9,430483,7272.57,6179.33,175691,31641,4953.66,53599.5,68695.6,
10506.4,18149.7,3667.1,4330.8,3103.66,72395.2,142272,5730.55,213647,8933.63,5153.26,3469.79,3993.85,148262,236287,
97511.6,3386.03,4811.58,46480.6,2829.93,3172.57,3079.27,16657,163879,12110.6,4034.45,161100,2615.39,227401,3211.98,
18593.7,5332.08,3779.58,51808.6,96602.2,20038.6,13624.8,152458,124130,398452,6290.91,3717.32,9765.22,117947,5324.11,
232109,4128.08,6531.06,5421.98,3604.41,70510.7,3169.59,56411.6,111677,49395.3,3987.52,3938.54,3091.01,110975,166781,
350704,3599,4896,60032.5,233578,150363,133495,29822.5,5906.58,3895,2984.54,4252.44,8921.42,5564.85,8479.41,
3287.38,9948.47,3476.56,3425.56,5196.83,215475,2430.39,24304.3,2800.26,4756.3,24140.4,2906.62,133246,98657.9,6604.77,
