156281,178481,400706,9179.03,65005.7,124125,326389,579107,115391,136564,301458,157976,30084.7,105367,329993,
43837.9,10954.6,15411.8,141606,154737,41357,53806,232176,10410.8,30397.1,235821,100058,113000,140433,262752,
230744,24632.8,29595,6686.36,61982.9,16775.4,70405.3,3783.5,69019.5,105196,138212,58183.8,11390.4,20439.6,13096,
37667.3,26157.9,4381.61,5988.36,104469,10208.1,97745.9,21848.8,7958.48,20802.6,27306,2671.15,271013,112648,9048.79,
2803.94,11180.5,6731.2,5995.39,5348.63,3780.07,5518.65,6074.05,82859.8,3623.88,11141.2,40376.3,5624.23,26901.9,40518.1,
3670.07,3573.67,5417.45,8835.71,28114.1,37028.8,51155.7,4916.15,14819.2,289297,4017.25,6658.1,191145,11848.8,4504.83,
2568.24,4592.44,92166.2,5526.82,3796.37,4478.24,3857.07,6398.29,112837,292138,200896,160789,28128.5,3780.6,94641.3,
12777.2,105787,19816.9,3846.8,5273.96,2881.92,46514,5621.27,2759.51,54075.7,57578.5,17274.4,4236.96,418408,86517.5,
2493.46,2349.01,28030.6,5697.63,29830.1,54617,5509.82,24367.4,2705.69,90591.6,3357.02,19171.5,3573.21,270743,6078.34,
2908.78,3423.85,14554.2,4256.88,2971.54,2698.32,43729.4,25739.7,5551.13,4344.49,6595.74,5004.6,2134.08,3526.55,193794,
6317.93,4259.65,3520.18,2861.61,3846.01,3167.29,154985,5647.25,2216.12,21037.4,3101.95,3863.76,2892.65,5027.44,9439.4,
9884.68,3708.39,6933.51,3660.2,5825.32,4765.61,35958.6,2544.35,3551.19,3228.68,4154.8,7080.83,2629.89,3308.04,4368.99,
4110.84,4185.09,14255.3,252377,11262.9,2112.49,20014.5,3546.01,6595.98,24307.7,357046,14664.6,48733.6,119723,4958.99,
5969.18,45233.5,2113.83,3052.87,9173.42,4271.71,3347.89,3694.37,2758.68,193155,3380.98,5029.16,9054.17,10140.8,5049.07,
287455,11839.2,2593.69,67348.8,2836.63,384281,5537.76,6206.16,130743,10960,7157.56,7200.83,3395.29,6168.03,7836.51,
3661.6,91880.4,6688.49,2976.35,3797.82,4123.78,2783.49,4756.93,4000.43,67617.2,2555.11,3197.25,2615.98,2543.96,5933.4,
3883.34,4851.49,3207.73,136622,2912,2554.81,13003.7,5620.13,3043.34,46118.3,3833.14,114330,4304.85,3931.77,3435.33,
6296.77,3021.64,18406.3,7579.57,3238.49,4617.53,70142,8776.66,3673.85,49056.7,14444.2,2339.58,3926.05,2520.98,2789.63,
2492.45,2197.94,4581.54,4444.24,2924.86,3905.09,3111.02,3324.32,7272.85,6248.36,2774.94,4498.42,2537.9,7367.73,6992.65,
5923.58,49977.8,99902.4,2660.49,4290.52,255295,2272.84,23819.7,2536.6,8549.88,5046.28,8054.88,70129.3,2824.11,4641.58,
18176.5,2957.15,4525.34,2755.48,2688.73,2809.16,3005.15,28670.1,54766.3,250905,3218.43,3726.27,3666.25,3537.41,10053.7,
3026.97,8334.98,6507.38,3156.12,68995.4,2569.78,2910.69,2677.54,9455.02,103612,2962.18,10663.4,3269.02,213657,2882.28,
3605.39,73914.7,3191.69,10237.4,3815.88,2161.23,74389,17348.8,3736.1,3167.23,5910.97,3914.55,3871.35,113878,122046,
2753.65,4893.86,5414.3,3058.79,20720.3,12016.8,170840,3918.18,7828.6,10554,3869.31,3701.08,2648.39,22358.6,439847,
2242.09,4270.82,2696.44,4286.14,169272,2666.58,6864.68,2363.79,175466,4455.68,3578.32,4472.32,5107.61,10883.9,98148.3,
2136.55,3087.43,4348.32,3332.68,7872.01,8887.74,3553.69,22087.3,9417.77,2157.4,2222.71,2602.28,2439.31,2064.97,121003,
2564.62,3914.12,2807.76,3398.3,2517.79,3396.52,8341.95,3991.85,116339,3730.38,3345,2303.69,9117.35,2738.93,4516.13,
13874.3,2647.99,2408.5,5453.53,2435.22,3888.41,4813.91,3029.63,9719.32,5714.7,8786.36,3629.07,4991.29,21782.3,2516.71,
2626.37,116554,3182.14,3673.78,2693.77,4904.34,2838.42,3769.83,8045.31,5816.68,5230.92,2292.56,23742.7,2595.63,2241.86,
3470.79,2386.02,149813,3121.96,2306.31,6424.16,3563.85,232258,3514.84,11653,3146.82,64039.3,1978.57,4983.6,2716.44,
4135.99,33022.5,4315.24,4399.41,6282.27,2105.72,2999.9,2879.14,6120.91,44282.4,5378.04,12921.7,8888.12,3125.11,5705.9,
6710.69,27805.6,2616.33,11271,3097.09,5447.4,7676.12,22030.4,7812.04,3047.72,64043.1,4217.76,2907.7,5824.73,2465.15,
285858,2507.27,3810.82,3121.83,112602,2604.85,7416.76,4091.48,9732.84,17750.8,2472.26,14262.1,7562.75,3214.47,3264.19,
4605.23,3654.78,3206.92,3794.21,10800,8185.5,2202.65,3851.68,3906.33,15191.6,3481.74,3480.53,2903.36,2205.63,2787.62,
3300.98,4434.21,4258.24,2179.45,2352.85,4324.28,7642.57,2316.89,3180.42,3580.17,3627.58,3308.55,2943.83,2909.62,2596.74,
2613.99,3733,2625.05,2743.58,4011.94,23874.9,31208.2,148635,2051.77,2923.45,43943.6,24186.9,4091,196013,4536.13,
2460.31,3746.95,4348.69,37322.4,2984.83,2811.54,3807.19,6988.1,8356.08,4030.06,2762.66,3787.57,2692.35,8076.19,3658.24,
3123.83,7542.47,5842.87,2460.11,4348.32,52331.4,5489.95,2830.68,2563.27,2387.07,3064.48,230716,112454,142245,57570.8,
3169.46,2628.96,2341.13,3672.85,4771.61,3060.81,181140,3239.32,2478.57,3531.63,3497.72,3883.62,252733,333229,2221.46,
6657.34,2901.73,10039.8,3333.92,2967.86,131536,2808.57,2838.52,3474.91,3862.52,2140.9,2439.43,3543.83,2806.46,89973.2,
8542.92,3052.64,45613.3,3307.83,3875.98,8496.24,122654,2590.21,2441.25,1786.61,10627.8,3185.26,126642,3594.3,3291.68,
4172.94,2214.25,2191.24,3831.34,150517,2914.18,89823.8,5203.34,13994.8,279138,97502.9,4556.21,38531.7,4357.84,8144.38,
4208.39,11730.9,4411.5,2869.76,10458.9,2440.39,2289.04,2200.97,19437.9,190780,7147.74,2834.46,2389.58,7368.64,2518.79,
2061.4,2196.61,2364.42,4996.97,2510.11,2513.28,2991.53,4437.91,2092.49,2682.34,2869.48,5410.32,3684.69,35023,6302.08,
3964.93,3404.96,13489.3,2460.81,6055.8,13833.9,3653.25,9912.33,2486.24,303749,3370.81,86736.7,43750.5,54562.1,7294.31,
5464.71,105251,2544.62,8023.53,3316.31,4264.61,6921.42,7756.28,9787.43,3826.21,8556.09,6483.5,15413.2,3061.43,4867.67,
128919,4425.73,2517.04,7922.1,4202.51,3769.1,45996.8,3650.15,4403.38,7627.51,2271.21,17243.2,123333,3761.27,3940.7,
5736.02,2410.05,4267.05,3412.42,4180.95,3896.11,3011.26,3278.66,2686.56,2865.22,3663.39,2962.15,3982.61,3441.22,5474.52,
3520.1,60704.9,2627.26,222321,4436.4,257377,169671,2672.09,2717.03,4449.12,3181.51,2258.95,3913.37,21757.5,2990.58,
3450.44,4194.21,3175.22,2278.98,3851.43,3919.53,104623,5140.14,20180.7,4298.46,126684,3605.9,2613.15,4790.16,208746,
