225789,641815,46062.4,445008,421768,4450.36,483161,238097,72093.2,435797,179398,252777,97366.1,330984,56989.8,
19051.3,342775,75006.6,346416,299695,409790,284514,109709,58114.1,186476,144498,305002,177277,92892.5,325273,
55381.2,41430.1,59909.9,136191,36748.8,25892.4,163462,146725,12990.8,229403,217463,9492.9,173529,204791,68741.9,
18000.6,35927.3,27605.5,300051,207005,46819.5,43028.5,436597,339157,4535.86,99341.3,158762,286885,210705,6037.78,
7810.27,7077.59,4894.46,288584,23820.6,5758.73,9073.79,190375,9028.42,24062.7,22611.3,6526.21,239829,23788,19103,
7149.02,9176.15,7418.1,8151.49,89169.4,3210.2,155596,7998.11,6082.99,5701.54,3596.13,4262.46,199003,128153,6200.75,
4942.67,96929.6,4987.97,70418.2,4682.62,5285.95,24008.3,26258.1,22001.5,10119.4,21018.6,35576.2,144413,249807,135934,
4658.97,5916.34,5938.42,5269.77,45208.5,2872.98,4821.69,5239.16,134896,6713.3,5159.91,12935.9,5523.44,6340.44,4238.91,
39224.8,107614,23908.1,17519.8,106084,4301.67,4135.38,46649.4,15593.9,18055.2,5904.06,22002.1,2957.75,14639.9,4463.64,
8144.56,89519.9,25154.7,2510.93,5848.01,4231.01,65477.7,3569.91,227446,45287.4,60711.9,4343.98,5103.32,5524.68,4628.23,
3445.85,3998.12,4957.35,5075.66,4254.08,157902,4645.74,96749.7,8839.51,56260.8,6405.71,165548,5865.93,27294,34607.9,
65783.2,4698.88,35773.2,29557.5,3803.47,3434.68,10515.3,4757.08,3929.61,85857.6,4111.77,48370.4,73916.3,3320.42,3249.35,
48653.7,21617.7,3891.76,6620.33,3412.85,3870.26,11481.2,265362,7757.92,54322.9,106605,4197.75,5340.77,3266.24,5499.16,
7230.21,3960.97,70508,3572.78,70877.7,3248.43,292709,6889.68,6855.11,33335.3,3464.57,4001.61,9607.16,3387.07,6946.52,
8384.67,2867.42,212977,4378.45,4393.05,3977.39,5218.6,42958.6,116130,33224.9,4373.46,89125.9,137635,21708.5,3175.3,
7872.2,2686.4,427579,3246.72,45261,5364.32,10868.4,4656.16,4081.88,3877.53,38094.1,86272.3,83302.2,8874.18,15668,
4709.69,48241.1,210420,5131.32,3855.05,5188.28,27112.9,4372.32,4450.85,6281.24,5542.87,4478.54,78755.6,35520.3,4246.22,
211606,6152.44,2919.67,31453.3,20556.4,26261.3,7504.68,3402.92,8189.06,31090.7,7713.75,7178.49,26160.7,3609.48,65372,
3923.89,5390,146180,3480.37,3639.83,4789.8,4253.03,66882.8,69783.5,6219.42,25960.6,115877,232681,3138.33,4201.31,
2943.32,6462.58,4527.69,189109,186117,179967,3244.69,6156.34,5706.08,4405.42,34472.4,153363,24826.6,4535.54,112574,
127502,3201.39,6912.34,5790.07,4268.24,9211.23,60851.7,3918.53,21608.9,6144.95,4091.2,2819.94,3610.99,4367.29,269222,
34615.3,6977.27,45203.2,3413.43,6893.48,3251.43,53902.9,3571.19,7174.42,48149,4029.4,3833.54,28093.8,3470.23,200720,
76147.1,99887.9,52962,22054,83897.9,78471.2,19552.5,2873.35,8041.72,118447,211583,4627.88,35334.2,4377.11,80452.1,
2497.31,2632.79,3318.04,97699.6,3835.93,5412.31,4821.18,43072.8,3559.06,3211.71,55415.2,3860.19,20703.3,74826.8,33736.4,
40694.2,3648.21,6773.86,76503.6,51039.8,2864.65,5745.53,2905.67,2855.67,32771.8,3973.36,213634,4172.59,15680.8,90759.3,
5502.57,4063.78,3427.03,24428.9,4873.52,5276.2,5397.98,6486.24,3188.12,5799,95377.6,5390.31,4089.62,6603.19,2947.84,
324507,3099.48,238371,3209.18,69224,9712.8,142098,37040.2,3929.93,45617,3114.23,70516.4,4844.77,4172.07,2925.91,
2566.65,6398.82,3403.89,7797.02,2525.24,6896.93,228448,52125.9,2687.17,5952.5,129280,3016.47,59201.9,33745.6,3261.64,
3808.33,3044.2,128808,4189.21,4464.38,103748,88677.3,11738.4,4031.45,70135.1,3768.05,5404.54,4648.02,47469,39010.3,
3570.48,35803.2,2820.85,26987,164310,3665.15,3509.21,61015.8,4110.05,204908,3819.62,169618,242306,26846.3,3613.62,
107563,3017.1,63606.6,6957.29,67048.2,56609.9,101737,3504.8,78576.2,6266.43,4908.64,6179.88,2867.07,3407.22,7045.58,
5560.75,25590.1,8450.9,4858.1,32346.4,26027.2,4001.7,89634.9,6341.37,182858,3739.84,3706.68,47431.6,3005.29,6873.49,
5127.62,3253.23,7032.29,7518.46,4959.82,6787.84,141181,4662.33,4128.22,8478.73,3156.8,37039.9,125085,129283,4006.13,
155786,4323.13,4181,63140.4,35157.5,134758,30315.9,3975.92,3984.78,203929,15707.3,102655,3262.78,5882.41,3393.59,
3887.38,3170.48,55554.7,9148.21,4693.28,28718.3,7030.03,3133.13,20774.9,13518.8,6610.74,5048.55,7763.99,3688.78,427798,
5703.38,5156.11,8492.85,4417.95,111319,5370.49,4223.59,9335.32,3837.98,122960,3382.95,4510.99,3736.63,259372,4302.19,
247711,85990.7,25680.1,123851,76858.9,4767.85,5032.46,3484.22,5540.12,113678,156549,115760,23943.4,4807.08,2894.38,
3372.18,4243.24,4104.2,221919,5637.25,2604.24,48856.2,2603.47,7674.7,159192,3891.58,219355,4203.51,149017,29956.7,
4003.66,76478.5,4397.09,6859.52,2715.2,163221,214716,4013.02,2936.37,2923.12,3576.31,4238.49,9751.96,323914,63939,
25086.7,152381,7633.36,2985.74,3974.41,6511.01,129955,4627.48,3757.4,6271.88,34718.3,33780.5,68563.7,3165.07,17848.6,
3579.55,112422,21090.1,4536.11,4910.4,3955.76,4141.18,5284.74,126121,5541.4,33659.2,5831.55,54805.5,2688.23,3003.95,
4288.57,4176.77,5035.5,2841.85,7162.4,25539.2,21280.2,15072.7,4345.7,140214,5771.15,4231.43,3403.71,2788.54,4362.74,
2408.46,43646.6,2963.57,4273.95,3733.88,5345.99,2826.33,5795.6,315111,5507.97,70063.1,3499.07,5822.69,3849.94,98725.4,
11046.6,16087.8,3579.6,3963.09,5176.2,6490.56,4680.53,29500.9,3504.05,5998.54,3270.62,81048.8,143244,23733.6,5187.79,
7953.13,80320.1,5116.75,2999.44,3494.85,104811,6553.22,5712.52,3422.76,41640,4659.57,7371.02,94630.2,4260.25,3763.72,
5110.58,4550.52,25135.9,9081.97,99063.3,4688.88,26614.3,37206.6,109730,4691.79,5199.4,8572.95,140048,200042,3832.87,
3750.22,3411.04,5392.84,9503.83,5119.89,36755.6,159615,168674,12054.3,5274.8,4340.02,35182.5,33396.2,196980,171328,
4313.24,7249.18,4052.97,3581.7,35658.9,3895.94,73473.7,21302.1,33530.2,4837.43,5049.37,4288.52,49954.8,3744.95,100866,
4122.58,13532.8,3562.35,62525.6,14740.7,186755,108952,34684.7,3384.8,8369.17,3078.22,3492.43,2577.93,13880.1,3052.57,
5389.59,138636,8601.35,71966.4,189210,3125.64,52084.7,6872.18,8604.18,9507.48,36399.9,5437.9,281609,71347.1,3802.16,
