201379,352292,412366,13472.9,7121.73,9685.13,345315,401965,280657,15610.8,278854,509244,620677,13259.4,6619.81,
82161.9,5676.18,4107.95,208329,70660.1,19350,14103,135121,24225.5,18644.5,101846,2906.09,6247.39,7572.2,63949.6,
9077.96,2485.12,10075.2,6764.76,7408.69,6590.83,153490,6298.27,4537.82,3202.31,24566,5380.45,13733.8,305524,6727.83,
25085.1,16668.5,3102.8,5177,5410.19,4703.43,13369.1,4030.84,3815.63,25091.9,4562.21,7253.5,8527.08,4878.4,5249.85,
279486,2523.72,15924.2,5885.68,21822.8,8682.58,99257,46954.1,14262,71609.7,17106.8,6087.76,176136,6823.87,9941.61,
212089,3460.59,3704.03,368837,28578.7,37522.9,2590.84,3241.75,364300,6975.27,4718.46,3176.49,3031.85,32522.2,2834.5,
9849.64,12746.6,5365.86,7205.91,11940.1,3494.8,6773.49,23531.2,3369.84,56366.2,9683.92,26775.1,15639.4,9452.24,18554.6,
3130.1,32563,5009.84,57946.1,6556.33,17178.5,8806.78,61259.5,205529,17845.8,247741,4697.77,8693.02,2956.17,2985.95,
187913,15226,6401.27,11718.2,4433.24,2950.34,23251.7,25190.9,128537,30057.6,4379.69,4256.03,59227.6,3607.87,3424.18,
8787.89,2198.1,3578.92,119680,4587.58,2597.42,7755.26,2884.03,3240.52,4361.75,2389.22,3918.76,5069.04,3820.47,5773.24,
3541.1,3697.56,2945.11,2574.54,500794,2947.98,2383.19,6083.5,3678.78,5032.97,2947.22,2987.96,5960.61,193765,2663.91,
5597.28,8017.58,2618.59,3374.77,3369.6,232400,3812.88,3842.3,4690.21,3221.94,3347.09,5518.52,2428.14,2371.44,43273.9,
3268.8,4998.82,4295.82,2761.93,2563.96,2607.09,3864.1,3717.5,175985,2680.69,4242.26,4232.98,2553.97,3110.92,2908.06,
4402.43,5557.06,4413.77,4036.62,2752.32,4710.53,116022,4850.36,78097.4,2993.53,4835.32,5449.29,4521.3,161726,171065,
3561.9,2414.41,3263.06,3011.04,2948.83,2624.18,2192.18,3053.99,2475.17,3034.87,118179,3400.46,7715.37,56459.3,3957.57,
2745.27,2789.78,3365.77,4131.74,2320.14,11230.8,7707.32,3609.9,3110.93,2364.06,3105.36,6762.95,6070.22,37425.4,3128.67,
3444.86,2348.71,249834,3132.98,2189.13,347638,110808,2283.7,4349.43,2990.99,39853.7,5781.51,3473.61,6979.9,2216.2,
2623.76,6588.44,3318.27,2527.19,4279.85,2199.24,3017.01,2369.37,2626.85,3128.91,3193.12,4661.79,3956.57,3760.6,168416,
5276.65,29375.8,4487.41,3537.65,42897.3,6655.13,3467.73,182153,18445.6,3917.9,192282,3103.76,48293,2794.98,5148.26,
6219.84,46562.7,269538,5491.54,2500.49,7962.03,4502.3,4249.58,3269,187212,3309.08,2183.92,254761,2326.15,7683.01,
2057.31,128054,3140.92,4494.4,24133.1,6804.03,186790,205814,79039.2,7338.79,10645.5,3773.43,153579,3681.99,3099.37,
5685.26,3431.45,132504,4736.33,3318.94,3932.13,2453.35,2499.28,3641.15,3043.88,3459.38,98217.3,2698.19,4839.97,3540.14,
3858.54,7316.59,3322.62,124246,2922.75,4107.8,2539.98,3698.26,5235.03,13432.9,11190.8,4457.75,2856.15,3550.86,2454.14,
32889.6,2604.39,2127.19,2480.73,3295,193242,4176.48,3792.84,3436.42,172933,6024.83,3158.64,2879.33,2325.57,79420.2,
4139.47,2191.1,2876.96,2994.91,4702.54,159774,4272.44,2372.46,2236.48,3256.79,4311.45,2428.11,2430.97,2825.69,6828.16,
2936.26,3970.85,4101.3,4257.43,3222.19,2503.08,2662.47,3874.85,2297.96,1910.48,3965.17,189544,2752.44,21611.1,3213.46,
3558.86,4138.53,3532.49,135857,2426.28,2425.55,2804.6,4094.39,5307.49,77442.8,44564.3,2972.39,3477.21,2919.46,2816.75,
2530.25,38738.9,2537.45,4214.26,4637.94,2344.98,1968.93,2335.1,6257.72,5167.69,3834.36,3467.01,6044.24,2474.7,82969.5,
182195,2416.89,2824.74,137827,3934.89,191286,2197.01,2267.8,8172.11,3818.58,2120.9,2643.5,2625.89,2956.29,2511.72,
7274.38,3209.44,2738.98,4993.57,43693.9,63703.6,4873.23,3266.98,7628.6,8217.62,2036.82,1994.79,2938.27,3210.64,15518.9,
3815.62,179478,3975.02,3337.91,3095.26,6812.62,3658.02,7178.67,7392.65,4006.23,4346.22,177184,8893.26,7688.03,7731.9,
5705.77,2530.59,3611.08,295559,2758.88,227395,2825.74,35607.5,3444.32,3785.33,3472.46,2414.62,9353.12,28577.6,7039.89,
2588.78,3047.51,7492.88,4688.71,4154.83,4757.41,3302.07,3175.78,4008.3,46161.1,3134.06,3494.24,3204.82,2833.91,3371.57,
2190.12,3358.35,6665.29,4430.37,2693.9,2864.07,2139.1,617457,3806.63,71397.6,2276.66,4349.84,2356.76,6188.05,3850.72,
4526.81,4313.89,4521.67,78998.3,2161.47,2722.03,195123,2411.27,2476.43,2404.76,2652.94,2381.19,3898.52,2383.63,3116.94,
2326.7,8697.34,3221.73,3094.2,3085.58,3126.75,4569.32,2320.97,266124,3729.01,2368.81,2636.15,2799.64,4595.77,3665.43,
2480.62,6166.4,2350.5,3117.57,3682.85,3158.51,230954,3601.75,172577,4772.32,15745.8,4398.14,2719.96,4074.97,3358.4,
279660,2517.7,2131.69,2919.7,3346.42,4251.86,2797.39,2741.62,3262.64,2635.05,3633.93,13166.8,2332.46,18399.6,7868.25,
2230.64,73514.3,2616.69,2142.44,4636.52,3159.68,3359.41,4589.73,3249.2,3549.97,3407.82,53083.7,2117.43,3983.04,4276.88,
171218,4332.39,2488.83,3499.79,3461.34,3194.41,3699.12,2446.92,2240.89,60737.2,103078,2948.06,60217.3,2138.96,22851.6,
2492.95,3347.03,4604.13,4870.48,2950.73,3169.34,3018.57,2305.91,2061.16,5405.33,4123.78,2487.29,6434.59,6659.63,5877.29,
2756.77,2558.18,4441.56,3388.34,4128.84,42941.1,170556,3537.27,1881.54,4530.98,3115.45,3673.44,2069.26,2494.45,3328.97,
3436.81,2519.68,2301.29,29102.8,2183.21,9691.17,4134.28,2340.65,2974.38,2276.68,9256.57,3543.68,9502.53,50016.3,2797.96,
3433.6,7550.21,1873.85,5504.5,212228,2182.18,5707.04,5135.99,3007.8,34572.7,7990.28,3557.47,2281.7,2813.98,3003.3,
81669.2,4863.04,2163.32,5117.52,2470.85,2674.81,2685.51,138866,24734.1,2751.84,5936.57,3100.71,5837.55,93410.1,4908.66,
6781.02,2388.64,3901.19,4807.96,44917.3,4582.05,242291,3469.18,146751,2283.75,4661.09,2496.25,47589.5,3517.42,4257.64,
5372.69,2335.73,3916.63,4790.77,232075,6690.32,4709.46,4025.94,2437.55,5376.4,4079.68,3485.36,8163.33,8427.73,2229.25,
2535.42,120680,2225.36,3280.84,70945,2897.99,45706.2,7377.21,3405.52,5356.51,4231.68,3148.88,3471.98,3788.66,2536.03,
3721.29,3835.37,6130.44,2550.79,181013,180139,2413.31,2307.37,5949.55,2892.63,4102.05,2931.26,2094.3,3425.43,2512.07,
2622.38,2649.73,2734.39,90551.3,2528.45,4439.39,3628.14,2485.03,3116.74,2828.95,4141.76,2026.51,2737.46,2698.11,6338.88,
