mlp_weights
I:4
J:5
K:1
V:
-1.99513438087077310534311891387915
-0.08984253118688856343254656167119
0.31670022509757350670511755197367
-0.01320349799215601166446631964391
-0.15481442555028515628556817773642
-1.26819948808443871968165694852360
-0.11531699165785536109751774347387
-0.60454451980992274240378492322634
-1.48277451390107173345711544243386
0.54237222138328344822610915798577
1.10974454541610012547891983558657
-1.67091447932263226228144503693329
-0.24163505487592060183565934039507
1.15018630398221644028922128200065
0.94892044602927994034757830377202
-0.32239338082216023595449883032416
-0.43511416305787004032978870782244
-0.89626614917301095086799023192725
-0.41979968412822615819735005970870
-0.71818329700363903178583768749377
0.52724447946143204735136578165111
-0.87156267833728717775443328719120
0.29058670858778834489299924825900
0.76248301569496479412890721505391
1.63834508753918650647563026723219
W:
0.35056846914601857978510679458850
0.99823532342038168163611544514424
-0.53297194402754277664513438139693
-0.28678690228962633312903562909923
-0.76653057091265741629371177623398
1.83915127254118226929335833119694
