mlp_weights
I:4
J:5
K:1
V:
-0.92414557794458240813639804400736
0.14685102408650974048498483170988
0.35942738355702807950819988036528
-1.50782661391207772894063054991420
-0.14295990682347076150549014528224
-0.05689648320602432030046458066863
-2.18324975135052667951640614774078
1.10244810037586127293707249918953
0.43618604369532221198824117891490
0.22321566428935518677789673347434
0.05113577340067906873422032276721
-0.01766075468793168457004583160597
-0.09965799031124961127048322850897
0.92067732911573396670235069905175
-0.22282322462354520187233219985501
-1.34609063679446228078973035735544
0.87791245901293812892163259675726
0.93271268305549781540975118332426
-0.35575414744741440387088005081750
-1.34186114933512401492521348700393
0.69662146245790090848259978884016
-0.45534080480255240130915694862779
1.35254462815001641473600102472119
-1.02921300215533650934673914889572
0.04249596330944750699476486488493
W:
-0.33205853827296882840869329811540
-0.94885116330754881719400373185636
-0.39030004925174655028285997104831
-1.60274536119920352206236202619039
0.83622573238927899730299486691365
-0.71263074155085615046800739946775
