mlp_weights
I:4
J:5
K:1
V:
1.18841375582111030695386943989433
1.04179864775215702543675888591679
-1.62533767240468285386612024012720
-0.61850375597442264208325468644034
0.34139282273307852699772979576665
-0.85866117679615749924693091088557
0.52530098499290522884308529683040
0.05099021407314476006522596662762
0.31351090046582363868310494581237
-1.16000302793497134246081259334460
-0.72148820364026233775689433969092
-0.30632318450453871472305422685167
-0.37969251168857587330762726196554
-0.57927986727290237123355609583086
-1.38879051573081868653503079258371
-0.65229364271112455497814153204672
0.14592662878430656681061350354867
0.48105668017824959603601087110292
3.10683654658150176786080010060687
-0.64475128346875154594641799121746
-0.48506670785387923094944540025608
0.60923866291976325193502361798892
0.04708804471366495603135149394802
-0.97155585938829680525685716929729
0.31905665703797264631802477197198
W:
0.20765140056710007510076820835820
-0.20831438684637160196899685615790
0.34527366385366942136414536435041
-1.68969432226059690371755550586386
0.19312343740722320850622395482787
-0.34842923639089123932777170011832
