mlp_weights
I:4
J:5
K:1
V:
0.58611660823415534515845592977712
-0.12817004702858786346908459563565
0.35047164199241487292368901762529
0.04284182796849303476172110549669
-0.42515529801667611975446448013827
-0.70279428276921374063590519654099
2.38193903229955994405031560745556
-0.14598715769657139018633529303770
0.65249913441358342591769314822159
0.58764299607829872940101267886348
-1.49586633384189671147623812430538
-0.14455337568194265296384060093260
1.37514743647932546899426142772427
-0.33761661493018679802702308734297
-0.84018842739326737856231375189964
-0.39222055407184613917692672657722
-0.24621574192533143832228859082534
-0.27135890347167884728563080898311
-0.48562311655793177767037605008227
-0.24468098351340125673480940804438
0.96060911662558523538280041975668
1.35826405924781212775087624322623
-0.29957522972351779966260210130713
0.38384269300779527700484550223337
-1.99026072473760873293713302700780
W:
1.21405692640565376905215089209378
0.04696780139638326301287918340677
-0.50221186039214416041431832127273
1.78186674233215436302657508349512
0.91916697580749184837145548954140
1.28093192171082037589258106891066
