mlp_weights
I:4
J:5
K:1
V:
-1.32592301682298430165474201203324
1.49236096872179557770721203269204
0.93087085223065246797347072060802
0.62529099468304505382576508054626
-0.25107482427645472222721423349867
0.87684194208941279580216132671922
0.31856056280922451229287162277615
-1.41327354835383367515078134601936
0.63388274072463746122707561880816
-1.25544943241527628963183360610856
-2.36044307100623784734239052340854
-0.05872484958359346085554619776303
-0.81561808481268760484539370736456
-2.49477008016274970358949758519884
0.47158653953718476792289493459975
-1.06562560327100697143976049119374
0.54938639729927529753439330306719
0.11694596655603120560762420154788
0.65301101367459524205116849771002
0.23269745529663410366083553526551
0.38136056209566848718139908669400
1.52294562686585388533444529457483
-0.72564904299008170518447968788678
-1.16951706999660220986925196484663
-1.64940649050001897357731195370434
W:
-0.83943369710510562509142573617282
-1.86640034850326275162046840705443
0.19918997198989929486856453877408
0.29803263410368657782001378109271
1.20817832505875033533015994180460
-0.32695124814902737364619156323897
