mlp_weights
I:4
J:5
K:1
V:
-1.43317216044850370693097829644103
-0.25453538690119481557871949917171
0.85250000144938276047668068713392
-1.13161390800454464411473054497037
-2.62741450876024673632969097525347
-1.49167695160858615466281662520487
-0.61618972893534562640383001053124
-1.64939533681749450622078256856184
0.11876826350092709039252270031284
-0.09467962540633326207206721392140
1.49672282039730952796219298761571
1.86024488497897522165658301673830
-1.08132904564970711014382231951458
-0.18024643325547035077605073638551
0.13685126750018630770178162947559
0.70815106960796181390094261587365
-0.43759361539876023838857577175077
-0.00360392065367269934239580209123
-1.05902734338295201332869055477204
-0.21159027516453443595878525229637
0.28460907732936713276927775950753
-0.38099821819270929257328361927648
1.81543665711972068699253668455640
-1.51510823078565382004967432294507
0.15235013840066369272818747049314
W:
-1.87656082392084488930095176328905
-2.21279760645874645774711098056287
1.75429814120401328381149141932838
1.35619395273825715797499924519798
1.88171021491836798489316606719512
0.32374609845779145356203798655770
