mlp_weights
I:4
J:5
K:1
V:
-0.03020782279581787910238688255049
-0.09385283489718407312629722127895
-0.46874979574445052588060889320332
0.23959309142472950959756872180151
1.49509939199867902814844455861021
-0.26823487662798461972357699778513
0.07974779610182347600044749924564
1.95136794464746721189385425532237
0.71099043100594183641760537284426
0.89315898146252481470952488962212
1.09891224317025137935388556797989
1.05395547590007354621377544390270
-0.10288821697215368156097525798032
-0.95051825511760046349962749445694
0.54227969661543817814219892170513
-1.96098476282490841171579631918576
0.52871330903314195381881290813908
-1.15885492033177150972278468543664
-2.50514513632178692503771344490815
2.67882170757978643749197544821072
2.11476604787907174198835491552018
1.28896285549351485855140708736144
-1.08270671168331356071234949922655
0.81426986577979909576185946207261
-1.06964411633878753171700282109668
W:
0.64119000213513965835687713479274
1.04176708891446434535055232117884
0.90938785276246447697445773883373
-2.26484364168594698440983847831376
0.40886006341629788085612062786822
0.18931277004632082738844189861993
