mlp_weights
I:4
J:5
K:1
V:
0.73847773204683431202965948614292
-0.09661574062968840415077664829369
0.78739483061013459952448556578020
0.98675627752132233361237467761384
-0.69350753120023367337410036270740
-0.99752716410124731005737430677982
-1.24842916880159271464378889504587
-0.59916082377310631024158738000551
0.45550486295149839044427153567085
-3.05612219103907456485558213898912
-0.64301736684577115443772754588281
0.86616917653551006583967364349519
0.12657587891507368627053153886663
0.62736167085433502954572304588510
1.39682704480759900533826112223323
-1.20594557980881011971519001235720
-0.02946089682622302086123511344340
0.38173089503252144449874094789266
0.20735179318351010246956889204739
0.74907549489161218136956676971749
-1.19178094980397064617250180162955
-0.06380916492974064713195048170746
-0.36443010185348834184537736291531
0.81473610521412698215470982177067
1.89201783816051349873532672063448
W:
1.19125372293341857954374063410796
-0.68919285607531943771419946642709
0.06493543867275226866286885751833
-0.12198849116138554826704876177246
-0.15176415937854778603899319477932
-0.52461056995257393520404320952366
