mlp_weights
I:4
J:5
K:1
V:
0.10150775134856336590072345416047
-0.82360246346934473660184039545129
1.82978210868151225376720958593069
-0.57815954211754871927553267596522
1.47413934978001504028100043797167
-2.50976727747806771517957713513169
3.16442063610252199978845055738930
-1.67807982481602291358058209880255
-1.56906128321761872967954332125373
0.92881901195177418717463524444611
0.16835727742427136766067974349426
0.19500365918414569454952811611292
1.39447058494992859323247103020549
1.77755661369240369751310026913416
1.86568989420829378644839380285703
-1.26046100675223660125823244015919
1.06589087034449536695035476441262
-0.85899238301675295836901113943895
-0.28185276748344673114488045939652
1.22857174874674779374572608503513
-0.28839238870145900150987472443376
1.66569027547405634770427695912076
-1.58257436931791217737952592869988
-1.26666036538563475666308022482553
0.26614925080515455801943858205050
W:
0.56777480730772467154565674718469
-0.31337944568281866919434719420678
1.20609501627797732759006521519041
-1.78241988656000849289284815313295
-3.12221913046660315416147568612359
0.38527542670774972410896452856832
