mlp_weights
I:4
J:5
K:1
V:
0.41207085608327609360657106662984
-0.72748168649515720929343842726666
0.80632152918792354689969670289429
-0.01020844633193369183077336970200
-0.29020371189581295467974086932372
1.69140068821673161814089780818904
-0.62291204127437127535671379519044
-0.73283299075581764814302232480259
-0.54655904807008570678306114132283
-0.35076315844065730775724887280376
0.29841257594258802088305060351558
0.74524421917331018505592510337010
1.09647525429975312150077115802560
-0.37595859283436272590961380046792
-0.74466704382240567205997194832889
-1.18856923772903444458393096283544
-1.98591861766699628866206239763414
-0.57490964714975312244149563412066
-2.12974134710874185572038186364807
0.01097903784460912968157231262012
1.51959817215678771873399455216713
-1.75345787744874503921721498045372
0.47471157106252759305675681389403
1.60882044439079319175789350993000
-0.57706505664051033210881769264233
W:
0.62108251614320453271034239151049
0.93592415829932917858968721702695
1.26807996741477513324980463949032
-1.54805665778409329291775975434575
1.37803442768967299159044159750920
1.12453928600494434952850042463979
