mlp_weights
I:4
J:5
K:1
V:
-1.82790251852905272222926669201115
0.29969872308694039952925436409714
-1.56150699008830162739513980341144
-1.13860588073712576395735140977195
-0.41383802235583966311338599552982
-0.31051573398107179535543309611967
0.16751032085889011602475306972337
1.28648741680401812459422217216343
0.89540817947700312995351623612805
-0.08017475765467771409156227946369
0.30983310550942488870163060710183
0.03878655312220166684333833018172
-2.37684685835979170320797493332066
-0.65079718210136683342881269709324
0.72168847232122412815868983670953
-2.02355919921866966859624881180935
-0.07364288860109943768428308885632
0.31161501943405311987334016521345
-0.36771193674024083009044261416420
0.76532782639913266020670334910392
-0.00183669729288955113633008409124
-1.00543868427350591154834091867087
0.51822466899909391813139336591121
0.20587572175830468057533551018423
0.31008929979578619962055086034525
W:
-1.05035248254318069882629060884938
-1.56912985237369118074468588019954
0.21864067060979891499172822477703
-3.04146683108451254540227637335192
-2.69597463553154614857021442730911
-1.44607799004462700409590070194099
