mlp_weights
I:4
J:5
K:1
V:
-0.14188123069655503294406173608877
1.12969769186431667762349206896033
0.20146150251342437309531874234381
0.37792528989881052359223190251214
2.98737277159065373055568670679349
0.23452528741034275872046066524490
1.98029245967738987133088812697679
-0.48319803030843488933498974802205
-0.39720214144168342063068166680750
-0.54224018767505577365284352708841
0.10758758397707732235026867328997
-1.82098741807000319425924317329191
-1.61267605067519781414375756867230
0.80043469833898950316353193557006
-0.15367685830412095016050955109677
-1.12861474724921695411694599897601
0.33577238733750724986037994312937
-0.06229851840753335839862003808776
1.03561687367668397996567364316434
0.83818141238400833969990344485268
-1.09487699709875085929411397955846
-0.42854072462822240252577898900199
-0.49488015057758322212677626339428
0.97393124109903672636079363655881
0.16160827784663270301201976053562
W:
-0.63947583129016549730039287169348
-0.71995004055480893434548761433689
-1.57474890622226104675007718469715
-1.35794782088577825618358474457636
-0.85631379871654567104144462064141
0.54706133047392835333511129647377
