mlp_weights
I:4
J:5
K:1
V:
1.31904320522348128541523237799993
-2.58957680714134319543973106192425
-0.69046896990566297702685005788226
-0.01701023623878851476209916881999
0.06987016688628955307649448513985
-1.24086468869541621806718012521742
0.02165964028155991163981930469618
-0.04458128556025775512949849144206
-0.78740486586644342636986948491540
0.83584873784703295207521023257868
0.56168883185409046454594772512792
-0.61437471396331844175620062742382
-0.88394893319743661486143082584022
-0.07676413798237155527992570114293
-1.32759837498626853680150361469714
-0.82523656377184995136531142634340
-0.76805216573959467218912777752848
1.09931044199001393124603964679409
-0.20877746598202931438414964304684
0.71594665043992244957138382233097
0.54057350940319193188798863047850
1.18146884619118575088236866577063
0.16523764907574886584562534608267
1.62950250970924548354901162383612
-1.21446466616054182807715733360965
W:
0.26916352882446037408925576528418
-1.06334514827648374257762498018565
-0.68515095076735477164220355916768
-1.46711608346876354325161173619563
1.58064142204941804337181565642823
0.29940999899143738716134066635277
