mlp_weights
I:4
J:5
K:1
V:
-0.30553452037299005938919549407728
1.43483418257716599519824285380309
-1.74029594088490879855157800193410
1.80521434902867228267098198557505
1.86156005099630572630076130735688
0.30018370745655431619525188580155
-0.42384065425571493257450583769241
0.20141046400998560694795003200852
-1.18729346828807380553882921958575
0.74569174712870955890053892289870
1.42051915315395316241620093933307
-0.32755527071872547750785997777712
2.15777282234494371948585467180237
0.56914620184701514293834634372615
3.16580519816406313893253354763146
-1.09505965119409509611614339519292
-0.66220922392092718133937978564063
-1.69766416050648460966954189643729
2.05691504329969188091808973695152
-0.63492715794019660702218743608682
-0.98977515054628306678807803109521
-1.14757765509499454203989898815053
-0.17769777254944227329325201480970
1.06322077063981290656613509781891
-0.08878594506958789600581383183453
W:
-0.51920516737781674532214992723311
0.86230045731485160942497714131605
0.74774687790484117844158618026995
-0.33278304154535304215656310589111
-1.17738338564588618240236428391654
-0.96160726192821188718085068103392
