mlp_weights
I:4
J:5
K:1
V:
-2.06771785067941937796831552986987
-0.47474566843248522385323440175853
3.05904369075217097417862532893196
0.99743887025101074517152710541268
0.95940798173919161762057683517924
1.72960214485882746160427814174909
-1.32843157643743614571008038183209
-0.17805200489004394115433171918994
-2.14118609823703476280343238613568
-0.61881303019176914226306962518720
0.16441424694440234799408528942877
0.97258377028409959130783590808278
1.47876703708842160978065294330008
0.04247839606038530946285902700765
1.61979318125863369637329469696851
-1.40846171396927632990525580680696
0.65531728626208152199694723094581
-0.35654013401293932483682169731765
-1.94451792951381507990049612999428
-0.33127425566009088830909945500025
0.73783231254836390000662049715174
-0.74153958714545997743528005230473
0.24732474171610518975938930452685
-1.75852289287624241609364617033862
-1.34010457755056044959474093047902
W:
-2.51850705473628666553054245014209
0.43552678513123221915037674989435
1.12853537423230965153209126583533
-0.66092097825658047138830397670972
1.70295084588588174767664895625785
0.66807549802999077748211220750818
