mlp_weights
I:4
J:5
K:1
V:
0.38637170308340457181017768562015
-1.34130266138141429621555289486423
1.20643220487334801305223663803190
-0.79951470437258587153905864397530
-2.26610705174751325685633673856501
1.21397475031310508875037612597225
0.68994361352171318380044340301538
1.27754884256457068580914437916363
-1.19819267386143946119148040452274
0.24294103338026878935451691177150
0.23683543257261263637047932206769
-0.57828170748049834148929448929266
-0.89282619483453595776722977461759
-0.11083869593516075535699627607755
-0.59779363332887291981876387580996
-0.85091079148722514879921163810650
1.23616587816962963941591624461580
0.52371139872539396176165382712497
0.28455364961122686651151525438763
0.39354235751687904887319291447056
-2.41988021745751957780612428905442
0.41475909033626912059133928778465
-0.08991004710242619935023355992598
1.63073887491072833100247407855932
-0.81589079143787102132989730307600
W:
-0.42198273769797023380334621833754
0.99116540640124806138544499845011
-0.02538754779296349683992417567424
-0.12333089303580963003170722913637
-2.94633817012464627183021548262332
-0.96642095959401874694094658480026
