mlp_weights
I:4
J:5
K:1
V:
0.20074967259193582380660814123985
1.83996652150505757283838192961412
1.54458639607719994124579443450784
0.04450249346544913470191673354748
-1.01710795540783860424483009410324
-1.27275845877097548708434260333888
-0.01856952193098132530835187026241
1.09299288537421768197077653894667
2.09825045390256281763186052558012
0.07928803392377369030352696199770
1.53224416986640155080579006607877
1.22750813586447771186271893384401
-1.23115926047010160182537674700143
-0.66139155361085966156053927988978
-0.75601774205973892861720742075704
1.48232752343510010284433064953191
-0.78498564671494108768712294477155
0.47534172499509708131881779991090
0.86698029031560663870692451382638
-0.89828243524851181245338693770464
-0.19800139271447450561858261153247
-0.61090807875391361925210276240250
1.35055711296085823036605688685086
-0.71041270516910193233428572057164
-1.06183842200325240234803914063377
W:
1.87588658861990786874684999929741
-0.55462272801500067664903781405883
-0.45141279140550005788412590845837
1.11389788821311919164713799546007
1.56352185204772631266223470447585
0.69290646748923345743520485484623
