mlp_weights
I:4
J:5
K:1
V:
1.79414105037601334657892948598601
-0.60255292174263241911091881775064
-0.04882982892633305760377027127106
2.55784125052400312938516435679048
0.66756797705558035271877770355786
2.03915302975767831483722147822846
1.55462483213809155024875963135855
0.30912041350814412066227987452294
0.35599310084293295242119370414002
0.20479195736811078853989442905004
0.07073893370318601325763552267745
1.30408978884253801133752403984545
-2.33895965309067532800213484733831
-1.19106633656950311461741875973530
0.85955213501731342340406172297662
-0.25548306582931790131851812475361
0.59390710413126257538607433161815
-0.93410118965235322541218465630664
0.05041093420179632023092608505976
0.31459679334726720068005079156137
1.66804796948420097635334968799725
1.41755932097020620474836505309213
1.11399293653509001700285807601176
-1.59836680370694184105673230078537
0.78189370476845942992127902471111
W:
0.90817631590915881556469457791536
0.95556393044346510379227765952237
2.16911551092980348087735364970285
-2.76581952458389501714464131509885
0.80771244684858289897277927593677
-0.61494704104455066850931643784861
