mlp_weights
I:4
J:5
K:1
V:
-0.78023452511892077421151725502568
0.14495151755186377884321302644821
-0.54783995246646044474658765466302
1.91513365435350535470604427246144
0.85474496194339144583551615141914
1.31651675327448458574508549645543
0.21940271993873577960343368431495
-1.25949256331526138197318687161896
-2.13207436110386661098914373724256
-0.99076471932391707575504824490054
-0.84713887343003668739527256548172
-1.76493435857154201684693362039980
0.88998897209240979133682003521244
-0.47393853359966903182609598843555
-0.80590942640395735185876446848852
0.35084711758723774455148713968811
-0.44380840713331515257067394486512
0.46493628582376067548409537266707
1.05556031711080899881949335394893
-0.20239504796209406567442101732013
-0.12635962880578546774223980264651
0.00913616164594872881554721288921
-0.53305212589833428360464040451916
0.92149516696302136153917672345415
0.54940216205910497038189532759134
W:
-0.49082183114681254831879186895094
1.03222360348760400228229627828114
-1.79342320628728524312123226991389
2.02505918474686064101319971086923
1.39839200685255238276738509739516
0.09191482631569136696469968228485
