mlp_weights
I:4
J:5
K:1
V:
0.02588698589013654210999604288190
-2.93625870907102726192761110723950
-0.82658341672854940274106638753437
0.78175630350459468509427551907720
-0.20153790567224313945438041173475
0.34485629649097310212013667296560
-1.16212323003507300711589778074995
0.80695547745272366846336353773950
-0.95239827533704068951436738643679
-1.81583523742371744091883556393441
1.32028890430881218343017735605827
0.41578745862685329015562274435069
0.67010781513849915214109387306962
1.43612188447395761059510732593480
0.09978212256592682016798079303044
1.94059748136658960504519200185314
-1.24251381461807852701895171776414
-0.95896360161728999571550957625732
-1.09399832148164222189734573476017
-0.62382742375956423686034213460516
0.48433021739933829197255477083672
1.64769086026885780427164718275890
0.46595336382499563665504638265702
0.06413837268120452239639206482025
0.77555202323539518260986369568855
W:
-1.46866757848602302871654501359444
-0.51423103685727022948981357330922
0.67490543370894839902973671996733
2.38296674323449808596819821104873
-0.96273007275547517469505010012654
0.35331452004238722564011254689831
