mlp_weights
I:4
J:5
K:1
V:
0.25575783335103324800385848902806
0.41569253699775055022058722897782
-1.67999656445992040509906928491546
0.74972528074887145876914473774377
0.56796530995405625219518697122112
0.59980347146623447240898485688376
-0.56155137026324819515821218374185
-1.28974056726451413723566474800464
0.63995721916267955808876877199509
2.10659750606834839103953527228441
-1.26012159907616494436410903290380
-1.38397491021575191894044110085815
-3.15630332500382726479415396170225
1.20144185664543190483755097375251
-1.35473805226127064216257167572621
0.19392033853090970274557491848100
-0.93629077595062448757801121246303
1.10000145132093596345157493487932
1.01057826747310408599389575101668
0.83143323790660084160464293745463
-0.10205346846758539536281773507653
1.74052980298071524600800330517814
-0.31817764007505877632553392686532
0.81386267389765931667966469831299
0.48737584578654891132032389577944
W:
0.43848728987521545796823829732602
1.62899905886077456251825879007811
-0.40826103131557806014129141658486
1.96576196428520311165755174442893
-0.19116582904658493968774735094485
-1.70691942690447850949908570328262
