mlp_weights
I:4
J:5
K:1
V:
1.02690491986743692720551734964829
0.95835484290984773725341483441298
1.31575988660945486508069279807387
-0.90823484094713990977254525205353
-0.49024611241470422706711929095036
-1.17691469456327268972017918713391
0.66530724723062339975854229123797
1.96353225260942942931308152765268
-1.62965864190188614024634716770379
1.79753678658026982972728546883445
-0.86629335771017301759400197624927
-0.22119533114871747780938449068344
-0.65037419631131987429739638173487
-0.40821681389731850897462095417723
1.72275233491394641482941096910508
0.59991373366880829109959449851885
1.29741985280821814363605426478898
-2.30352130259199583406370948068798
-1.20749719306905145543851176626049
1.36311821509209396552364523813594
-1.08147425979622702207905149407452
-0.82805161016805761686754294714774
0.60479482702080367140240468870616
-0.02113960372754651942384107599082
-0.17289242874961466278627142401092
W:
-1.68351044308952513262056527310051
1.20091164572091901874273389694281
0.35302419056417244647150255332235
0.11163876995579595508001347070604
-1.58073569164178207024917810485931
-0.54320769322048167992988965124823
