mlp_weights
I:4
J:5
K:1
V:
1.43675880879841622039805315580452
0.21854416856375946665025367110502
-0.01561772144684243045220650714100
-0.70781327941963512184742057797848
-0.67713985713843261038391574402340
0.58170465465146925509998254710808
-0.92191968897886988898449089901987
-0.68545977564316451502435256770696
-0.84793896278622160611604385849205
1.02779178243030688832959640421905
0.04521394385513791136510519663716
-0.17604283368695944345105885986413
1.38859603720260360582017256092513
0.89145385998917303638222620065790
0.26937098964361583242066444654483
0.53423192949638242943422028474743
0.89424074773159278883838396723149
-0.29730881592516028577577458236192
-1.11734990180468152232151624048129
-2.09703133584980250248008815106004
-1.33652303471797107015106576000107
0.07495554047642041806120971614291
1.40420435376977570385292892751750
1.26344647840664148219502749270760
0.20492316450279346451424089536886
W:
0.90688475971211923720716185925994
0.21113469523325548160563869259931
0.27961016982927855423213259200566
0.88762958868532404466122898156755
-1.47996685972314079293710165075026
-0.12673512870229733384697112796857
