mlp_weights
I:4
J:5
K:1
V:
-0.78375086274693539500901806604816
1.57020473680809957706117074849317
0.95216707659766652849242518641404
0.46257954828554220805258978543861
-1.45701895651830648503732845711056
1.64501312464075444275124482373940
0.39544267428055879243231629516231
-1.58197166747524331498198080225848
-2.24907431142017344427586067467928
-0.86203018491924965349681997395237
0.01658406448758795170839164256904
0.76364051593160842124063947267132
-0.95611181605235384672880627476843
-1.08735160373190287153022381971823
-1.18193646984907729802216636016965
-0.18614667131245130060612780198426
2.16034943983371130471482501889113
0.28539914116761544438105602239375
0.65881000516662746591123323014472
0.32189416873836895760518928000238
1.91759654464480888691468862816691
-0.11194746961233892346143647955614
-2.22659970362341974592368387675378
0.27778081628743989117680257550091
-1.48138454116818141237388317676960
W:
-0.02188868123327444847880940415052
-1.25327886043408542882104939053534
1.53226235252145581711147315218113
-0.18143145461565415854643390503043
2.54027148730760021777541624032892
1.31289043619847078936402340332279
