mlp_weights
I:4
J:5
K:1
V:
-0.23683104956693915021936902576272
-1.12384675797245248141109641437652
0.61335990795899142380420698827947
-0.73359560842423610083073981513735
-0.45173633625447084938286934630014
2.49018872164360072218869390781038
2.11759849662265997594090549682733
-0.85750134541117906117335678572999
1.34510767612367376777626759576378
2.34783958514967761033176429918967
-0.73578449562245040738162060733885
-2.13009377594438209513327819877304
-0.05116805425928090678144855019127
0.69317341363288120792418567361892
0.42198838066162469573328053229488
-1.14331324706438541838338096567895
0.54111956509357428402040568471421
1.15775558212886187092749423754867
-0.46572293353702964857632196071791
0.61937944266187261455058887804626
-0.82509079731976842086993428893038
0.27899672032894884399212287462433
-0.65420896982445519984850079708849
-1.17382839844673303453248536243336
0.15344485351630343661355482254294
W:
-0.98269068541264992244776976804133
1.78205675092061310849089750263374
-1.21874187851697390883032312558498
-0.87678292930349033262871216720669
-0.88697918611881898520721279055579
0.57028883581419853587846091613756
