mlp_weights
I:4
J:5
K:1
V:
0.31425593212602453974113814183511
-1.46830819232326326151394368935144
2.53934442075992938825379496847745
-1.16865921453658438977640798839275
0.69981258022849623934291685145581
-0.55239794220405535885021208741819
-1.62984032833282022068033256800845
-0.10032771910755736155529405095876
2.69898894468536543200798405450769
-0.02727169328415605248361330836815
-1.11642135099119155228208910557441
0.79918218751965364177181072591338
0.76815698289895617545397499270621
1.09594892832245638381039043451892
0.26999766699423416449477031164861
-1.20448806727790103110464769997634
0.12692368155212863101155562617350
1.64086608580622717035168989241356
-0.69207865331856588397840823745355
0.69916269838866418329104135409580
-0.23014808969030897678464953060029
-2.23370997702302664933426967763808
2.89058073391936209972641336207744
0.56849287646972368470699166209670
0.03567143905784943280767862461289
W:
0.69156339825853918590325974946609
-2.33330218468772798701138526666909
-1.39204071973622323099561981507577
-0.05930500943266295982292390931434
0.39072224534712196586383470275905
0.15840375315874671846572141475917
