mlp_weights
I:4
J:5
K:1
V:
1.19804745203280882392959938442800
-0.95128669940048349307204489377909
1.19421070497613057703745198523393
0.37674445756325536383002372531337
1.44207635916009824228467550710775
0.06922213987835865167674853637436
1.40758085397219367962406977312639
-0.80401118301495344553586619440466
-1.18781848468498951731930901587475
-0.46862299415305358474270747137780
-1.58169124504257219143710244679824
1.69063646297941261309460969641805
0.50457696580528521579367406957317
-0.77815494544371788254721877819975
0.69436314024308221082293357540038
0.24228814641438500832038016596925
-0.70902097466442526307872640245478
0.33926894980535088341966343250533
-2.98193468447772325191635900409892
0.07555374560304597975068929827103
-2.60654664511079037225727006443776
-0.67205228238718439648380353901302
2.56311056678374171724499319680035
-0.99550683514725346601181854566676
0.14790232282137760755347244412405
W:
0.73244784550666419686848485071096
0.48960759078617355211093808975420
0.60381383263865373578482831362635
-0.24279849094626204664137958388892
-1.69403232577833406935496896039695
-0.01967151171736014614310761317029
