mlp_weights
I:4
J:5
K:1
V:
0.97574658916845280476337620712002
0.38593312410306651605296224261110
-1.44826344086804748023666888911976
-0.61340612307571062977729070553323
0.99456777757779335491505889876862
-2.58042508278985893710455457039643
-1.74315882258523058290222707000794
1.66789118956813608996014863805613
1.86963779020191389612648436013842
0.19716729730238358175853363718488
1.93410990925511838689487831288716
0.28042451246454130897589607229747
2.11465740161520177053944280487485
-0.15175708659755288154613594997500
-1.59653325399822243468861415749416
-0.73252649119575774516732735719415
0.03553027814026124553414831552800
0.03204763038560057286652238417446
0.30842297636337684396679037490685
0.47622687081556913657465202049934
0.43947790202146991278553400661622
0.09036613905940386881621151360378
1.30290412934268062805642784951488
-0.96153513206242158251058071982698
-0.30236638082892114409716555201157
W:
0.15115824289812201941529679061205
-0.04196938584789602216806869705579
3.38619292570946894826988682325464
0.07623017075279051035785471412964
1.08047872091948748973777583159972
0.55696299167602747459682177577633
