mlp_weights
I:4
J:5
K:1
V:
-1.10320823597580353059299795859260
-1.80383647392944812537507459637709
-0.58203713009371416120529829640873
-1.04075750475732764499525728751905
-1.68049232255151337334098116116365
1.05029691927593660238926531746984
-0.63266608393724654835210685632774
2.32971192223320144876197446137667
-1.42320612146325653490919194155140
-1.52376960339057099247384030604735
0.30953416096965929993345412185590
0.92423803659377778974004513656837
0.47880221944090473051858225517208
-1.27464812598330468063068110495806
-0.80374949813695140132807637201040
0.95651941479056357131582899455680
0.69573685030726006850443354778690
1.02857073232568696496969096187968
0.10560819760647047194090930588573
0.87344593853628504920294517432922
0.24247498625727240129101858201466
-0.54179702166966059451169712701812
3.10174871712141264623596725868993
0.04510583597587507209691892740011
0.67164327284925862127096252152114
W:
-0.44579941055704835894957227537816
2.13925484057826764683341025374830
-0.64443207033716154441549406328704
1.24309973372725401929983490845188
-0.26406449378813001693799833446974
0.47213219320664179257107662124326
