mlp_weights
I:4
J:5
K:1
V:
0.67782536497500200933785663437448
0.61537840663356102588466001179768
0.55723358809166823046865602009348
0.11391510195501325375389001237636
0.12611345031684850770403727437952
-0.32522839442676709786894662101986
1.55125481416852273319761934544658
1.52035949659791769228434077376733
-1.05611268824875148553132930828724
-0.63324316556490178875549190706806
-1.17589214953519638484635834174696
0.06138203214257699491529507440646
-0.97859538427466419285849497100571
0.26659827267860408683830542031501
1.06827080103911553621287566784304
0.37390453624753622330345592672529
-0.32691727292379418878809360649029
-0.41388180807888624856971659937699
-1.22023137035144890738536105345702
0.38105558004121736770386519310705
0.44446160091677000547605302926968
0.08018660331787054451613272476607
-0.85898652263475860912933512736345
-0.62068028096754657152445133760921
1.84725192394417137009554608084727
W:
1.57209693947187045814928296749713
-1.34877203010668789140424905781401
-0.72791251875615292643573184250272
-0.22393824422299521414991829715291
0.80888434572673884037641300892574
-1.05130174408439969191420004790416
