mlp_weights
I:4
J:5
K:1
V:
-0.35223072556261747489969593516435
1.44724940732463003278951418906217
0.00694928871829979255547726779696
-0.34263334787583987761649950698484
0.71783070139232085793423721042927
0.66442745531012015192118269624189
0.05623365908922572237171877418405
0.03252203227962218584634612739137
0.17080972420640319620055436189432
0.13945707030382742397378592613677
3.34979387656682581209111049247440
-0.33454825523314851709599793139205
2.02418872310508080047952716995496
0.82562507275252239313800828313106
0.36320495446988648735597848826728
-0.97945543228387843548432556417538
1.14432654567275582380148080119397
1.44703463423956857347718596429331
0.97449767004727982921963302942459
-1.93097477091964098150356221594848
-1.46960483023815191572225558047649
0.86481077668385508694370855664602
-0.27178798881776555784739457521937
-0.55074665207805484357095338054933
1.13771051893925423392772700026399
W:
-0.17248289110962922165981581201777
-0.66797581758156443498819498927332
2.99012968481210172910778055666015
-0.45961874338852093391238895492279
-1.35657694538635320569142095337156
-0.04553894010923073554231166326645
