mlp_weights
I:4
J:5
K:1
V:
-1.57234454451639638072890647890745
-0.01198482629744485397638165125045
0.75855209756892916228565582059673
-1.25219716843350381552113503857981
0.00357259102997718042127317517043
0.39438833828674063619601497521217
-0.46354080749948939343951792579901
0.93548624949397118921723404127988
1.00548410020982292856217554799514
2.05411189183726872187207845854573
1.28645705479747229915687967150006
0.08548124082178815141830341417517
-1.52661950394525880447815779916709
-0.35116338422008258612905251538905
-3.42416755320894372616180589830037
0.69435808092905204613742853325675
-0.37791252326067237277129606809467
1.05203657896989244413532560429303
-0.16848610082926646080991872622690
0.12155867478639621748204291407092
0.03909348204476362914627785016819
-2.59478401619454501769723719917238
-1.36213114088203557372480645426549
-2.16452278989233581896201030758675
0.20261938176252553001077671979147
W:
-2.05015660977543179299686926242430
-1.66711036938071544000194990076125
-0.21151139359166970521641815139446
1.25671687636536844046020178211620
0.24472520070399397806859553838876
1.60888042112857099219525025546318
