mlp_weights
I:4
J:5
K:1
V:
0.82110163113917045141221251469688
-0.84815869453629588736731648168643
-0.97658069230960686812892390662455
-1.10453542629623657767012900876580
-0.24493054257077404023412725564413
-1.53520835169946390230677479848964
0.25850621645601057352337193151470
0.71768768933834625745049606848625
-0.07091876251175924239511516589118
1.47549034669128942276472571393242
-1.89390597230280488538767258432927
0.45838567066879387645883525692625
-1.30938663153804490946185978827998
-1.07004630564510816448375862819375
1.14726960363997454450668556091841
-2.23238181104936517229475612111855
-0.21933772695321807066903829763760
0.46394431932785817895847912950558
-0.10512150783511281515458790636330
-0.56613790941103026010949861301924
1.68502231806923696844080495793605
-0.42738412783828827468113331633504
0.45575638775256632762022945826175
-0.26113796999158045419875406878418
1.06323553424419126045563643856440
W:
0.62321596034256498963799231205485
0.55022793626057497906600701753632
0.35139672457505921610021459855489
-2.45987456695195216838101259781979
0.15410413204241446560871509063873
-0.60356253761013567427085035888012
