mlp_weights
I:4
J:5
K:1
V:
-0.67290755094291065940836915615364
-0.52989955342955064043763968584244
-0.39323343696564971860851755991462
1.57592067908384514396402664715424
0.47229337407693655626061968177964
-1.84207818175305471086744546482805
0.00448136110645364071913832049177
2.93890503649876322356249147560447
-0.27673738713650308795877208467573
-0.57953903038319476426210030695074
0.51615732486257082101133164542262
1.91155993991499717488125043018954
2.08023298851880822368798362731468
-1.52030089617264474455282652343158
0.11168058241562074661690218135845
1.50671801259943616280168043886079
0.49785142226554085498335666670755
0.19202964448405951403131552979175
-0.85001412599840131534278953040484
0.14609081268538326447981035016710
-1.20497812369096601869955520669464
2.73723489990316481978993579105008
0.25220499909093929691294988515438
-0.33017087218687024563479326388915
-1.72893352056692428675432893214747
W:
-0.72234815616295322548978674603859
-1.93500158511355246915286443254445
0.12344611069623177834753136039581
0.32114932088333125737023010515259
-1.11462707872341604264931902434910
-0.46719101668966256379889046002063
