mlp_weights
I:4
J:5
K:1
V:
1.24822876629166312767438284936361
0.52258490813576974343135361777968
-1.57658044610161263143766063876683
0.69126647994161338761642809913610
0.01823496643977225162291944116078
0.71234576845014041523995729221497
0.21643586978933743170117054432922
-0.51945591884645525571073676474043
1.28077703561734779214020818471909
-0.47918644983833869055445120466175
1.30572751459384428507348729908699
-0.43970601515736745801277152168041
-0.93387062131163323108751228573965
-0.47564736732658813300744782281981
-1.56040339624504031945662063662894
0.79793612923732459840664432704216
-0.71678408779572277964575732767116
0.21910084537210011701446887855127
1.20031458362279863649746403098106
-0.26073423727597733190464168728795
1.06668710182189929724927424103953
0.10385507294907506126158125425718
-0.00230756252282432461342409624194
0.00018357522059047476359339157170
0.25371309421503779324424954211281
W:
1.87630597461631309919027899013599
0.67162744855665879040174104375183
0.19605424436987939351695331424708
0.50095666169594066374770591210108
0.53042265420662138009078034883714
0.95810963280105942985187539306935
