mlp_weights
I:4
J:5
K:1
V:
0.54394942311624649988743840367533
0.44351502655770952410207996763347
0.38476118793994429356786213247688
-0.33649668635375362679695854239981
-0.96069936572318759271382759834523
1.41374086314218749826920884515857
2.80154894994025038812424099887721
-0.28842565788039004059939429680526
-2.96759375003209946441984357079491
0.63389335542722213823196852899855
-0.02595468794555979424876213101925
0.40949719763840763953055557067273
-0.09732997308390972657221595909505
0.70572630110193035335441891220398
0.12550537324205729428072686459927
-0.58728412638813665136439112757216
-2.06858494884393895318908107583411
-2.71664683927549654995914352184627
-0.36581706899118993092656637600157
-0.22080932271167119651522625645157
0.59155813358614794950085524760652
0.74314109419512197618473692273255
-0.29633789271311072877068681918900
-2.66214954519862478932168414758053
1.84591241714105769311515814479208
W:
0.08199806725755343084216519855545
2.25947925955390127583655157650355
0.84396333699732972721818669015192
0.24330211118841707507165494916990
1.24184159019964024395221713348292
1.43646116701789527958510461758124
