mlp_weights
I:4
J:5
K:1
V:
1.69091963295045633053348410612671
1.38039095493665109337655394483590
-0.55562715001275397863622629301972
-0.18233792169576146235954183794092
-0.32416573765821965480427024886012
0.51150044831047791760170184716117
-1.04896868848511459759720310103148
-1.51078171954608464488956087734550
-0.28924870373144795365760728600435
-1.11402757440003119526750197110232
0.62898573834042714736369816819206
-0.06803106443268042147209939685126
-0.56013770011829255857094267412322
1.95331053483165240081120828108396
-0.26369669849102267411566913324350
0.97975317785901272493731539725559
-0.24216008249573178767732883898134
-1.25815219662199484496056811622111
-1.64511590219915504462733224499971
2.44936830945994277186628096387722
-2.70955733629034467568885702348780
-0.05855115064094501553526583847997
0.73895906511792275317418443592032
-1.56996089996973009483838268351974
-0.29876298848832283372445317581878
W:
1.81393566320312982220741560013266
0.18378186093270620915518520632759
1.83506417441391334044453742535552
1.04577865337195285988514115160797
-1.45704048478089664975243522349047
-1.02084975587130233343202689866303
