mlp_weights
I:4
J:5
K:1
V:
-1.29085361576849200204719636531081
0.13646618668104359972659267441486
1.66336525796777912056256809592014
1.27112802502165189721949900558684
2.85299293160059663776451088779140
2.68838835647524510008565812313464
0.22710001714200306333069079300913
0.46947924675786223414064579628757
0.73059058845495161715888343678671
1.07280840310913982982299330615206
0.96464826307803297478216109084315
2.21403114268448275581135931133758
1.77715549868098077190836647787364
-0.71553766937403862069544402402244
0.14905930977887907329382244370208
-1.35805195883150653379800587572390
0.81768944120906184025443508289754
0.62484992087298363294678438251140
0.50330294297124023028544570479426
-1.16388695905430994415041823231149
1.65542505920350913051208863180364
-0.15486786779191302754199455193884
-0.32063981287878501325039337643830
-1.77790998678182732284369649278233
1.70336035102288496645428494957741
W:
0.03391908212518028598037034271329
0.83953176171848142850251406343887
0.89720587749607816352437339446624
-0.64118431943195941524749059681199
0.33122710958171364126201297040097
-0.38450174748956578163472386222566
