mlp_weights
I:4
J:5
K:1
V:
1.13166861440135479988100541959284
0.92850196126793616002714770729654
-0.53427979634689781729406377053238
0.31064669304919112491347732429858
0.65836308593958403623247477298719
1.60895300779687744352486333809793
-0.73889622500115714753832207861706
-0.72228068282255752929899017544813
-2.25616961315328090620369039243087
-0.12332939240931679869550663397604
-0.51047637261903466843193655222422
-0.83171330992880276866685562708881
0.84998902895962480386060633463785
0.77749029763645938206906293999054
0.08377211011447568966836740855797
-0.69065357742133881568946662810049
-0.13952334165644025842922815172642
0.21978232174530681897195449892024
1.03171673922218842811560080008348
0.39595478353933899473560131809791
1.52645201080094428114364291104721
0.18948007839714281486109825891617
0.65996524076198548325322690288885
-0.23409926555317617236084970500087
-0.38426319482899234936112975447031
W:
1.36833260236764697737044116365723
0.30864079140136796430837762272859
0.09262215671495252489187066657905
-0.52707150612080078122545501173590
1.34858133114815048614332226861734
1.14458514968969526925945956463693
