mlp_weights
I:4
J:5
K:1
V:
0.35661937381654640333294992160518
0.14630715600935564890683338035160
0.70933691966439937903743384595145
0.19943613922722011611021741828154
-1.28138917966719545482590092433384
0.58975151866661390531731967712403
0.49916849353509434861209115297243
-0.10540087143510451506145386701974
0.09183890391148924470243741779996
0.73236651371632044416060125513468
1.68912955355361260600943751342129
-1.68914813661006379952311817760346
-0.51146136856921275981591179515817
3.81788399937551536922342165780719
-0.02702238581435850023337863490269
0.58360120779300839188863392337225
-0.02579904912509507763918037426265
-0.75685700601179151103536923983484
-0.50765893246732107790819554793416
-0.16993766353640687993831193125516
1.87184344000672076013813693862176
0.75610727906105479334541996649932
0.34225537079852957900172327754262
0.12575500630425212600371764892770
0.80506194524854923777468229673104
W:
1.19283777205673846566469364915974
0.35299735540404825195892613010074
0.37827984841110950942066892821458
-0.09786192919434144599222236138303
1.64162891790146181492104915378150
-0.29018472159774189034209257442853
