mlp_weights
I:4
J:5
K:1
V:
-0.40272312570362300832016444473993
-0.26327575929492741391158006081241
-1.07743673690681163179760915227234
0.32100385385923346781567033758620
0.70576025519999086021982748206938
1.17264047772016577475540088926209
1.71715437565175776946091446006903
-0.78063904952627549693744413161767
1.43817337754106211455962238687789
0.62789038531947560795032359237666
-0.40632282134908304094267350592418
0.53498568111877853326063814165536
0.11526648823146733169320299339233
-0.61844983978060308338342565548373
0.45997049390077038300006506688078
0.91335394733021546542772739485372
0.38947351722821421660114538099151
0.18406497852716111052195913089236
1.42646890192503983385563515184913
-0.43207055392374060787119560700376
0.99821955295321784795703479176154
-0.22761014900078263556437718762027
-1.57897187889685342021550695790211
1.62122520063275210588926711352542
0.55690007963316401351505646744044
W:
0.58132313949212277570666174142389
-1.71702630784963083954153262311593
-0.51471466981066205104156097149826
1.99226782944376723527568628924200
-1.01528472961274052188684891007142
-1.49561159002202281875781864073360
