mlp_weights
I:4
J:5
K:1
V:
-1.55746602734123751332617757725529
2.93316646926728674671380758809391
0.91977869614308327417262489689165
0.01317753606381307125705593108478
-2.15752683931686739526867313543335
-0.24636268898495614076971094164037
0.94482880970486604610414360649884
0.20208053805934558799783928861871
1.06358072808227266392577803344466
-1.72336866700145741049254866084084
-0.48629281493599163521679429322830
-0.53238864147619024969060319563141
2.02850180102815702554153176606633
1.48170091071360565671000131260371
-0.08064197449682852791852383234072
0.40170164385541229368214999340125
-1.37612170685484613841254031285644
0.45296161337613483066633079943131
-0.20173416757675999289034507455654
-1.10861226907803889218939730199054
1.32935030471481030467373329884140
-0.09593756073976589249241442303173
-0.72266746685424487761650880202069
0.86591953578894409471189419491566
0.20062606432221560814888050572335
W:
0.48384868103836498054448611583211
-0.71565578585097910924162079027155
-1.46147322649976163511098548042355
-0.30899250039730846717489498587383
1.95226490691286924672454006213229
-0.72306997239661252585563033790095
