mlp_weights
I:4
J:5
K:1
V:
-0.83811258521981601976591491620638
1.61401180090960205681938077759696
0.33807773304384675094880208234827
0.90291672402911804518055305379676
0.59603853281931862273523847761680
0.41600735001440358740154579209047
-0.09580649433819646287879834289924
3.49328748734850114132655107823666
1.48146235452249674935387702134904
-1.20868704518602609887523158249678
-1.16956600024986800967496947123436
0.99306526683844342784368564025499
-0.68867806847651158452805475462810
-0.95758968657641896360388500397676
2.19939800913614025290598874562420
-2.70077825900541190762282894866075
0.28753201617924040167650900912122
1.22800577220669393518903689255239
0.09314512465478008707009394129273
-0.05520488341170004531477388809435
0.08896312971302325345313022353366
-0.17433373145518868407854995439266
0.49604708782667800148757919487252
-0.85927145619079048355359873312409
0.53945619107094067157248673538561
W:
-0.29876820059868497425625832875085
1.49325851918672225515649643057259
-0.23491886393040606328952435433166
-1.30433563591257239977494464255869
-0.52244748112449057586559320043307
0.06829295391068636311704409536105
