mlp_weights
I:4
J:5
K:1
V:
0.96594191714707400286954452894861
1.26982420702043885540888368268497
-0.13860127695427354455048885029100
1.05289095024756829133139035548083
-0.66070778677480501706043014564784
1.44821156252374838580010418809252
0.55381422512593669882363656142843
0.16414945009956261046113468182739
-0.44085058168669316591703477570263
-0.81816414333807496728212527159485
-1.62584435312964337150276605825638
1.26520550338544324198153390170773
0.57078313675218128597776967581012
1.70119603190603863041019394586328
-0.64455495687182784436686233675573
-1.73963766054754365164569662738359
-0.13990237581318415438502711367619
1.06838075454691616705815704335691
1.53158450303881288334650889737532
0.21455894984330034502839623655746
0.47777973282235053353872444859007
1.19892333440063514338191907881992
-0.50469735753953659518344920797972
-0.58819300616756120536621210703743
0.87411291166365512328439990596962
W:
1.56450032263870775217640129994834
1.05205326818542022060398721805541
-1.54257944873779551109294061461696
0.35984471696886710656571040090057
-0.43928613992065912441375985508785
0.29789684239723390746235054393765
