mlp_weights
I:4
J:5
K:1
V:
1.76945406513344072330085055000382
1.55519543355099854053946728527080
0.17645836328822073202360343202599
0.15554346760490012080424548912561
0.35993461646071506221389313395775
-0.64881948063339323073961395493825
-2.70937438607016645164549117907882
1.25756473771654064819358609383926
0.08508577897971529580001259773780
0.93079874202521306614244167576544
-0.28329814828432137163716220129572
-0.30050575963123232758889002980141
-0.01423185216954975240710723483062
-0.20526607573950489404879249377700
-0.71410916788154810141975303849904
0.21793579384863440151498537034058
0.12213139583822069100804696972773
2.32928815663645938371928423293866
1.12296836248772513577875997725641
-1.29083036639749337837201892398298
-2.51040793942501050395321726682596
-0.56905492130884871571083749586251
2.13967637654950948444820824079216
-0.74092291476955685070038271078374
-1.70099854053094978745264143071836
W:
-0.55187381388124834291630804727902
-0.65822263448265139196280415490037
-0.68661375901915389086127561313333
-1.38601541151118601291614140791353
-1.10531408390495289317811966611771
1.36154040288831290617110880702967
