mlp_weights
I:4
J:5
K:1
V:
1.15499590625802506238528621906880
-0.25899326094420088706371529951866
1.21692160587545794570019097591285
0.68350188935719691230019634531345
1.34087478622300948494228123308858
0.43799608641892945337659170945699
-0.12939056051887098952590804401552
-0.80468779176767069039044599776389
0.11618133890212757608484395177584
-1.38865455063910703259466572490055
-0.45870394010533854789457564038457
2.01365442954336870684528548736125
2.40312631770818541099288268014789
1.40428645449339928319432146963663
2.21550935345465482839699689066038
-1.35245709814013892469120037276298
-0.05765623998406673583749793010611
-1.18931394485758623602578154532239
0.74046247185455238426499136039638
1.43964368600896919225817782717058
-0.34829152122170903282949439017102
-1.32623535919158741513967925129691
0.22162007623485807661367630316818
0.49098825408067719999749556336610
-0.30489981116702968844123233793653
W:
0.65151852187470249422318602228188
0.61905527407220106717034013854573
-0.41246272706804487651055524111143
-2.14547818974181936368950118776411
-0.78369918478902522718243517374503
1.58572182262208616343457379116444
