mlp_weights
I:4
J:5
K:1
V:
0.77076489134497139232848894607741
-0.41965779697591409913570714707021
0.09329737638985037551098145058859
2.15542189012304774564654508139938
0.45370514280555190866905945767940
-1.50096305030015386705599667038769
-2.04831151112208864617514336714521
0.04994326274430765238987461884790
0.77705695478260861097652423268300
-2.87335522188123437814510907628573
1.32957133454979414821650607336778
-1.32735231854701951625941092061112
-0.68084252825273894327295920447796
-0.12023193598308296037302511649614
-0.03607988529861808069121309472393
0.34248663469703294337520560475241
2.12591868979540876694045437034220
0.34793028787594432182928017027734
-0.34810403118049548787382718728622
0.50978544374931533678108053209144
-1.09112768948162597304474275006214
-0.26499869489940952593798328962293
-0.89072801393334077868502163255471
0.92348945625469103237747958701220
1.30561784987585616235605812107679
W:
0.03390981242406032603042831397033
-2.00558124062003440002399656805210
0.74722586968953919051017464880715
-1.13946887320314993452541330043459
-1.76647594421947751186507957754657
-0.46398195229983846266108571398945
