mlp_weights
I:4
J:5
K:1
V:
-0.22656356547712774851532913089613
-0.29249361425844866424483825539937
0.82604848603385816474542480136734
-1.54425346626731863075576711707981
-0.89499578773860666291994903076557
-0.05810019391795859938776303010854
0.85834324550515550544815823741374
-0.59883752102064857769647687746328
-0.38727113408167218588928903955093
-0.43648414216726016956471312369104
1.28143624255926580346454102254938
-0.58960329516653287029726016044151
-0.25573425589035914118340997447376
-1.36339869206798947054437576298369
-0.60750060333399658052400127417059
1.08128863114619444552033655781997
0.06312559550306458266977216453597
0.15663414085099675032708432809159
0.82533438255484892209778990945779
1.47948245730030447653291503229411
3.35548948147422843035769801645074
-0.73252249954575110457710707123624
0.21472871494411172044181057572132
-1.61636996615062256132944185083034
-0.73164140093210527915346119698370
W:
0.53040672321758475238340224677813
0.42580979526405726698357057102839
-0.47693124427033783963025825869408
-0.15364499733796313507561137612356
-0.19417205916813695676381712473813
-0.20537072182177548707038283737347
