mlp_weights
I:4
J:5
K:1
V:
2.17872235666410984933349936909508
0.32088007059933765230397284540231
1.76339812612228863386576449556742
-1.35193881281084471446263250982156
0.23269025785970559594417750304274
1.14540969089383670720394547970500
-3.00454746600171285209057714382652
1.45573297604656692882940660638269
-0.36386001623615593647542709732079
1.12450224048444136215607613848988
-0.28924006901898580146337280893931
-0.51446507572183730605530627144617
-2.16228204672048818224538990762085
-1.75032701456681993867903202044545
2.04376162574906494739934714743868
1.57977013451790937459406904963544
0.27445773375392878978829003244755
-0.53462839221451596838363684582873
1.36605549104140355787251337460475
0.20898080684568115517052433460776
0.27353610664862970658361973619321
0.73832364612517342727926461520838
1.56743394416118153600336881936528
-0.51928833682461550402820193994557
0.20755339037564962678672486617870
W:
-0.56817067668522369672245986294001
0.86549733583709687056995107923285
-1.35073504544369749069687713927124
1.44284010254818451102210019598715
0.23529626331708547448684498704097
0.85273499065404412267099587552366
