mlp_weights
I:4
J:5
K:1
V:
-0.66782213074612617464964614555356
-1.80230282843640976508936546451878
0.92897230643821904205736927906401
0.51654767447265792501553960391902
-1.64370884130228511743609942641342
-0.49317001760733913950929263592116
-0.06790458039175288618150005959251
-0.35247200283111196350560589962697
1.32426182600798725275126344058663
3.70729507437701899519311155017931
2.61065675581624478951425771811046
0.35419320319932351415204152544902
1.91271875937622293228912440099521
-0.70603834482527338956003859493649
1.27609093937665152296290216327179
0.05025530438652503484320277493680
-0.17340420185065028024773425840976
-1.74440960152646939995690900104819
-0.12990083532136809107981889610528
0.24722864287267265481773392821196
-1.02145415682943774271507209050469
0.20712235535743400705044336973515
-0.61521173214389068828467088678735
-0.75672076705691637688033779340913
-0.90097801259651244532022928979131
W:
-0.72068908678507348497532802866772
-0.28193882050173352249444747030793
2.25359917242574958606837753904983
3.01606609481748133561040958738886
-1.60946949033865238654072982171783
-2.44975519668680785656533771543764
