mlp_weights
I:4
J:5
K:1
V:
0.62621442292972084864288717653835
0.56386769077291276630603533703834
-0.60821223063881879600245383699075
-1.20084624485166835405891561094904
0.45525831508790787216511830592935
0.04958644585738597454493969962641
-0.56417610064730783214770326594589
-1.78065528731753519586789025197504
0.95682967190674950153095323912567
2.64572441353626164328716185991652
0.53927456530546269419801319600083
-1.01199811272613682255894218542380
1.57527363118303731503999642882263
-2.27404711503435752462110031046905
-1.05839328823181744176906704524299
0.95926662481153479600237687918707
0.61993717542659565467033644381445
2.02157748540993331687332101864740
0.12970509366466453915478496128344
-1.87451884977806959575730161304818
0.23432608044031846827870424476714
0.74382310376082860781110639436520
-0.45085773350443181239910472868360
-2.66336782713972830549664649879560
-0.97475196906650052319776023068698
W:
0.72112213109739575767065389300114
1.15346759878008553457107154827099
-0.12840601422683062260432507173391
2.17962284793935623383731581270695
-1.46783812754854636750678764656186
-0.71309263312483939234454055622336
