mlp_weights
I:4
J:5
K:1
V:
-0.75180388568521183678683428297518
-0.69933447258454228823154608107870
-2.50719119891857822324254811974242
0.08455613469574477236712084504688
-0.64876830292883669315529004961718
0.36375802930414080638144014301361
0.94257358897251497520386465112097
-0.42031196159061268158296797992080
-0.54108699234253765375513012259034
0.58711661052777097680177575966809
0.16500697870032127179129588512296
0.21310451089367218879822019061976
-1.85258541968828116530687566410052
0.40005514331096303504153866015258
-2.27677482911553630273715498333331
1.74591841739202213723558543279069
-1.17001386636386484063621082896134
0.71044090384253444359075047032093
2.45689096267243733962004625936970
-1.64327131144654092764767483458854
1.59313887282493449326636891782982
-0.86857155249072603986348894977709
-0.92221115209421045122439863916952
-1.54510566915586489145084669871721
0.96668102838635594498128966733930
W:
-1.02482936073984243208201405650470
-0.28411830777403002112890817443258
1.12952608805963317095688580593560
-1.88032743982332184451422563142842
0.40157823260035085954910982763977
-0.25146982587321009550151984512922
