mlp_weights
I:4
J:5
K:1
V:
-0.14702443534106299227737224555312
0.19177998494194276046798108836811
-0.08600694860489489779187266549343
0.80402195196178161129552108832286
0.77934283096538137236564125487348
-1.21788326714567696207325298018986
0.54592908942605822275595528481063
-1.36224558969791198492771400196943
-1.61406126399375304814043374790344
1.07840111979233443939563130697934
1.14419449795318572959956782142399
-0.07594963309865555844968554310981
1.60371133175587909924786345072789
0.25623030461767254406524330079264
-0.37250834740298421898785363737261
-1.17249573301660192647943858901272
2.50021020265685978145597800903488
-0.67866181918657142446704710891936
0.04607516208409101476917157924618
-1.35353849142795090720881034940248
1.53530248368743005293879377859412
0.95828188712172823748858263570582
0.11100124765638834378744803643713
-0.32891030446965935363223820786516
1.70565996527620478140363502461696
W:
-0.51423911077408190894999506781460
-1.20795934043195951623772543825908
1.35114228936586422413768104888732
0.50262999567798849476218947529560
0.48777559151084065591774674430781
0.34512938725272995776904849662969
