mlp_weights
I:4
J:5
K:1
V:
-0.45280132022706720551497028282029
1.99719805127921112841704598395154
-0.36395685511296804737213506086846
-0.19183714156638614900529660189932
0.24758745501685625045595884330396
0.32223656542138701119881716294913
-0.01833614231233519908936813180844
-0.09449544318338523596345623900561
0.05778345905189768982879172654066
-1.46601702952886059350134928536136
1.35410898732465523330859014095040
-0.49360294769920431967591412103502
-0.49233455760090377717475007557368
-0.74778254781553055163811905003968
-0.40265483811961211291219342456316
-1.08888516378970812148452296241885
-0.15261141216890183880394715743023
0.54028389057188941357878775306745
-0.61500711508025918128339526447235
0.39283353017325295386541483821929
0.60455329851966488341474814660614
-0.18253749004397301636259953738772
0.58805320094227497840222440572688
-0.78555862058409198223074554334744
-1.94687075589788616269970589200966
W:
0.54999216738817513494552713382291
0.50434002749715556301879360034945
0.98652372369871299540022846485954
-1.83236853984203129641628038370982
-0.93297352797803201340798295859713
-0.45563507557697185967882091972569
