mlp_weights
I:4
J:5
K:1
V:
1.58734202656775647000131357344799
-0.32539222079481022742442064554780
0.62637271950295470013259091501823
1.35649889704806714263440881040879
-0.53604258327002429762586643846589
-0.65689495971704481291908450657502
-0.03433175553813155866933470861113
-0.47447400384238680448589775551227
0.69557956261819053889183805949870
-1.40887284188558492559195656212978
-0.79276203226123920231316333229188
0.24345485050931484072300747811823
1.20332452272480061594706057803705
0.27733591908440308193561918415071
1.02491541503840699611771469790256
0.27889884579688539734121377478004
-0.39151649763944690318950847540691
0.35851905362688846201635328725388
-1.78549900576982811806203699234175
0.37866103084174018711394182901131
-0.86592965175562885971061177770025
-0.10567494194097062920612017933308
-0.82556659177341529254334773213486
-2.12022313182026023170578810095321
0.85156910999357116054397920379415
W:
0.23896652873806428774017263094720
-0.13671457493662669824274757957028
-0.08541825150546673850460166477205
-0.43521166444412240359440602333052
-2.15512412760681115742045221850276
0.02874217130451323098938587463635
