mlp_weights
I:4
J:5
K:1
V:
0.55556663274452611211984276451403
-1.10331350083558321628629528277088
-1.70234693777521650659423357865307
-2.16315988120705871011750787147321
-0.94216267234487838244660906639183
0.88776241354451013165771655621938
1.19873642562479210127435180766042
-0.29607993999058973555449369996495
-1.00733934468623020919153532304335
-0.57162213773069481259625490565668
1.52954424608971994992145937430905
0.11971698717110315635103745535162
-0.41431702174499496216242278023856
-2.08854369833256647837060882011428
1.00325626440166826291999768727692
0.30468460375632072656415516576089
0.16641637034917489135210644235485
-1.72184226256101213792248927347828
-0.63805005333388964405827437076368
-1.81565900079936293209925679548178
-0.09978917701029056674943973348491
0.38960698995344905659621304039320
0.56894037480723158584083876121440
0.08760738025124333028248457821974
-1.86219163506905527327717209118418
W:
-0.44827173993020208442317198205274
0.12213299411843948905076473465670
1.86584605608544129573544978484279
0.32251977482287857990073121072783
-0.13053889879631541681703765789280
-0.65521245122995330767423638462787
