mlp_weights
I:4
J:5
K:1
V:
0.93447085762596215907649366272381
0.95322825415561374118311732672737
0.60667847707488065100989160782774
1.00792943068907159265279460669262
2.23978352724854978816892980830744
0.27586005647715433619637792617141
-1.49259689642143000831708832265576
-1.76988780496548159248959564138204
-2.25032381558901617424339747230988
-0.23534461338903331362182314023812
0.74888980476294175758766868966632
0.32795202657724981110121120764234
-0.28207628267398981991576079053630
-0.80432102785552028745286179400864
0.15048926873079240817965285259561
1.33889439878216420787282459059497
0.72071238251558311649347388083697
0.53344282478676174896747852471890
-0.73733712604484591413012140037608
1.21139913562473577890443721116753
1.87149186461755068222601039451547
0.77558185880182306526364754972747
-3.39285054954656750680896948324516
-1.34771120357529117228523318772204
1.02984394189719896672841059626080
W:
-2.25702079600468152875691885128617
0.44254316592345366299099396201200
-1.70739630091474525741546131030191
0.89700925620748050981489996047458
3.75687498583747414571121225890238
0.47463089837323413355818502168404
