mlp_weights
I:4
J:5
K:1
V:
2.12371199298416923895160834945273
-0.78153939427628038583151237617130
-0.74603475983218192624235598486848
0.30178407330259976459885251642845
-1.03025678147124910566390099120326
0.57824274571570399849917976098368
-1.75485814719032484632066370977554
-1.37788146291919444408335948537569
0.95208837457207462495745176056516
-0.75412000191459094278201291672303
2.04009363697726353592543091508560
-0.29388086201140850572954832387040
-1.12285184706935026177632153121522
-0.19868780715146544535443240420136
-2.68119439995489639017023364431225
0.83308668220321668851369167896337
-0.29654894473156823142545590599184
0.99505783555867688416896044145687
1.34191320619670295677394733502297
0.28127611729780388483135311616934
-0.68548317426198823731908760237275
-2.05597074994576622941622190410271
1.08298645215609057324002151290188
-0.00513744668447797814270217031662
-1.42013557852476290932486335805152
W:
1.05550942695506266844063247845042
1.13852726768316747651965670229401
1.56655717960008922240433548722649
1.17248010726771845213534106733277
-2.08837964453127922226371993019711
0.58051766557700934523467140024877
