mlp_weights
I:4
J:5
K:1
V:
-0.66515452111053829931108793971362
-0.74661451578276172291737111663679
0.25585656419759722490780973203073
0.75379927588599593413221100490773
0.15534293829864731506518182868604
-1.61731633182009582050397966668243
-1.23553360813285539876460461528040
0.92003106833030656730443297419697
-0.53143436232646978911731139305630
1.32930899304351624046205415652366
-0.32544933348861737609780675484217
1.78547774061424679992171604681062
0.41166826160072467200023993427749
-0.84279022347719345642502730697743
-1.60667025848362676754277345025912
1.25020011526162511117377107439097
1.00361581857032833298148943868000
3.70620081158245362473735440289602
-0.75525748869710918054209969341173
0.42726841164935158712268048475380
2.80678747542017603677777515258640
0.17972641473837236425481478363508
-0.59571235053774740375587271046243
0.32682971951566741619643607918988
-0.34103722663996810515740776281746
W:
-0.46311532665040522349642060362385
-0.12973090637767414889935935207177
0.10513350347909293514003792324729
0.22038004116911316665472497788869
1.56213356052463314682654527132399
-0.36912869654389185436471620960219
