mlp_weights
I:4
J:5
K:1
V:
1.47096995466537538987950028968044
1.71043044713309466686723681050353
-1.77064812971120333351393583143363
-0.12474743864107594448764615435721
-0.26892503549214624714025489993219
-1.52649607908270290579366701422259
-0.72346720800905739423569684731774
0.09914592928717486097767164210381
-0.68441016010753086273865619659773
-0.86460530634283316864241442090133
-1.86539178409178973971904724749038
-0.36895300260373409262371069416986
-0.34754890105193070315436898454209
-1.52416424189940058475656314840307
-0.66187753131622151236967965814983
-1.50439582576658836821081877133111
0.58969422356898504311573105951538
1.06002617773447682658627400087425
-0.63350293202475227438696947501739
-1.93868178930836787543512400588952
0.32628231225081638644525128256646
0.36963010921035155398328697629040
1.34895768673519644842428988340544
0.70173799856060625756981607992202
0.33453523099365262138960019910883
W:
-0.00548148492219129035429858731732
0.06314205896465621692392744535027
-2.41404074993023609607689650147222
1.18586797902202900623080950026633
-0.69685144668838472359340130424243
0.72322162228834052655201958259568
