mlp_weights
I:4
J:5
K:1
V:
0.56641530800750172769397750016651
0.42430344520583695988591443892801
-0.49469210434935800835276609177527
0.14174620320970393594350866806053
2.01482310486124260862084156542551
2.18962171489569357163418317213655
-0.03218609780774660256152941428809
-0.97633523236004138290411447087536
0.75816025480064552777292874452542
-0.42743039799351745244848643778823
1.96731625931082065861232877068687
-3.07491686994525759146767995844129
-0.20300543160473644155317174408992
-0.02983891064678738727633522387350
-1.46691999888962509857037730398588
0.06256037640369789543104417361974
-0.79725648985972763505003513273550
0.39542859300149235668442315727589
-1.45854440548838004687581815232988
-2.07331009885694106387177271244582
1.54572865122406266635834981570952
-0.67414917866976875604478891546023
0.10466248043191661576400974809076
-1.78426673123167534029676062345970
-0.26550334509486339662487353052711
W:
-1.84390414083723097604661234072410
3.46126790022901298371493794547860
-0.46180257054241913294845289783552
0.54930126860095318530596841810620
-0.75738774916519469027065269983723
0.18955642893276292149096207140246
