mlp_weights
I:4
J:5
K:1
V:
-2.19919871811231226743643674126361
0.67596184647267465450681811489630
-2.36472932353778864111859547847416
1.95337397080593655473990111204330
0.85588259136717848019060284059378
0.47959315794020052070578685743385
0.70391915955566675133781018303125
-0.57234424235444503192837828464690
-0.98512364782930517126402492067427
0.66062175823989355283316626810119
1.17902048838747375292257402179530
-0.54958832842152138820068785207695
-0.33596271376201508607195478361973
0.07422344700142503859385811892935
0.25912697431744435849765295643010
-3.47144897769849247737283803871833
-0.20243202764940293469919652125100
-0.54857683243655319671461256803013
-2.34244911318163362423661055800039
-0.61086310249226161150915004327544
-1.51002123532376453240999580884818
-0.55997094134921354680045624263585
0.47622179754253957106868710980052
2.06165315125305514953879537642933
0.97058749797823717919698083278490
W:
-0.43716593662636865635917615691142
0.78113534828896791228913798477151
1.75171320845685007938641319924500
-1.04872170454536051131810836523073
-1.67755923296593345561689147871220
-0.81765920744816045218072986244806
