mlp_weights
I:4
J:5
K:1
V:
0.75035323685028332274526974288165
2.07519799395595372359935026906896
-0.27870988160988652282412658678368
0.29274386208564884270799666410312
-2.01516461702375648812335384718608
-0.75942022945627829511039408316719
0.62885471844506268812580174198956
0.67409996302350871921760244731558
-0.51678279838778728993986533168936
1.14483941182255599677830559812719
-2.08452151735635915486000158125535
-3.07397445184766926473685089149512
0.20417989245991943758617992443760
-0.87365105624731409506011914345436
2.43247589191402546759945835219696
-1.25742045952459413626911555184051
0.73080885109116666686901453431346
-0.12445872992677683988027581563074
0.56526054633004252369943287703791
0.42192027453481995014072936101002
-0.55180283901145776859209490794456
1.88114466387001311176163653726690
-0.28782043959013109413191955354705
-1.99826469705270293175658480322454
0.74791363789451292820587013920886
W:
-0.92731076428555192503466741982265
-1.38748226077616720885998802259564
0.87680607070035077033054449202609
-1.86005388160514484319207895168802
1.78911133640209873973958565329667
-0.97882828598635995831500622443855
