mlp_weights
I:4
J:5
K:1
V:
-0.09364179910979061882692064955336
1.90963096095549467179353086976334
-0.41506476336936204418748275202233
-0.84208819769781850794743149890564
1.62150026178835826584645474213175
3.50206594117126313037147156137507
0.11647665369243309640978623065166
-1.12292740661476475594326984719373
0.07544973919145461782598260924715
0.93347430975736211955506860249443
-0.70565893021117986894097384720226
-0.32918520657080907465541486089933
-2.36374182098730045709089608862996
0.15221269862840761111222320778325
-0.31457294489557530159373754941043
0.43404911461265965888500772962288
0.75329960350232394450387118922663
0.21398056173872143093106501510192
0.81397966092364637535894189568353
-1.15201940262942548187652391789015
-2.61013001654361653791625030862633
0.30506761360039685859746327878383
-1.27547068403855878848673910397338
0.76073541041936265649781034881016
0.31333130486830695904387766859145
W:
1.30025518125847994177490818401566
1.62928146908195836672916811949108
-1.13196285844136768083956212649355
-0.42771168862822556144820396184514
-1.52568103372296048902967413596343
-0.41480417068461844509741354158905
