mlp_weights
I:4
J:5
K:1
V:
1.00796946810555865248204554518452
0.01208814404342308489181956332459
0.58845739106657346528805874186219
0.05812480853871235253471638770861
0.34975458984339086176973410147184
-1.77230968847947756295013732596999
-0.92504571349395114943092721659923
0.41731530839292241275018113810802
1.97967606630708203852009319234639
-2.20811662635307914825943953474052
-0.13232656606115911213095159837394
-1.27676892153607068891574272129219
-0.01820899949237261838952406378667
0.28351820797968452225745750183705
0.74479241618928726520465488647460
0.19584140419209547512302549421292
0.93637674579036023203570948680863
-0.80253206674075738824569725693436
-0.74709681979353448344483012988348
-0.51547567294973672957780763681512
-1.57507628434534319161741677817190
1.22746721314111151279746536602033
-1.14019848147265956406215536844684
-0.34818783504625583358205176409683
0.19029002627172186823401034416747
W:
1.96834654948648779537734299083240
-0.08951717572885486973177648906130
0.05985589600355201156389739480801
-0.19128613309883352178175641711277
-0.14629833290498964193382391840714
0.23737131044783058020364308049466
