mlp_weights
I:4
J:5
K:1
V:
1.79977253732816389053539296583040
-2.11202401179456122903843606763985
1.29119624011960976162072256556712
-0.86299636397836698709085112568573
-0.80334865208069072828322987334104
-0.64355520531563348285430947726127
-0.63669323703801561364912231510971
0.28626026588126107785825524842949
-2.07001558886128922409852748387493
1.26260543122307433705486801045481
1.34552460247044392005477675411385
0.99345987333576724065409280228778
-1.10014614600115567810689753969200
-3.18130841369060179957273248874117
-1.64617703424493244668269653629977
0.01296072603926451405342845646373
-0.89084527133882640548279141512467
1.18330573996291699145899656286929
0.94408474923233842712733121516067
-0.08110738024758541719894111565736
0.49627076091341931762812578199373
1.23799508903789767799707988160662
-0.43926652824705125777171588197234
1.61466816220030495721005081577459
-0.44348765200235790162608395803545
W:
0.33666327765352166423440394282807
-0.32178002134620642404883028575568
1.52465216734582731383795817237115
0.85284363507740323928629777583410
1.22587042955634828444999584462494
1.44412130826668505534371433896013
