mlp_weights
I:4
J:5
K:1
V:
0.39837629769435556337242587687797
0.20291228799089575107750249571836
-0.49609984912641674759115062443016
-0.08427761214268050804498955130839
-0.15839261162770718049941365279665
0.36277404520801881382396913977573
0.36366767772365543587298475358693
0.15142431707109615945938685399597
-1.90027135797356461210938505246304
-1.14134689645157028081712269340642
3.57104637336841523875818893429823
-2.58773288111550447965214516443666
-3.41338909669195933460628111788537
-1.29563340353134748283991939388216
0.28462759841135565341829760654946
1.79226414147525292541729413642315
0.42465929995922369055705303253490
0.79209914574256767849647076218389
0.04980953295053382884338688540993
-0.78853211505984255325074627762660
1.04094354221631424373128993465798
-2.05104606724051130584030033787712
0.25472780419675872254359205726360
1.74439589365310609991865931078792
-0.97850895513794955427044897078304
W:
0.55983148834382978620283211057540
-0.40078434708330484825822281891305
-0.88604518072188775956732342820032
1.77173488861346273282038055185694
0.81581532992888172728385143273044
0.08050383813614336858677233976778
