mlp_weights
I:4
J:5
K:1
V:
-1.71250843420204001965601037227316
0.22945702559582292767714761794196
0.13884332702177018536993102770793
-1.48758292984740747577632191678276
0.56253856655951284260197553521721
0.14199605137292750645094940864510
-0.84938696814133252122047679222305
-0.78233468334042044478593425083091
0.80387276272161800605431380972732
2.17904227551645757188225616118871
0.08234415004726342024454766033159
-0.40189335219480665228886095974303
-2.23825092361827904241522446682211
0.02313802614062254042748278948238
-0.56227516035509528258273803658085
-0.64601505966556493909536129649496
0.17676867372691074109525288804434
-0.91240791734890902553445357625606
0.90260664857762040735877917541075
0.78855753040244314089335375683731
-1.86925111714064806633928128576372
-1.36254166137865651009519751823973
0.07274330092863762198263088976091
0.19584266233500471909856344154832
0.92274295116863580545896184048615
W:
-0.21940653726224859654259091712447
0.98250370989237345575872950576013
-0.73402616617490734629569715252728
-0.69757747756562027419136029493529
-0.91562681435824799791589612141252
-0.49047158122818279579746558738407
