mlp_weights
I:4
J:5
K:1
V:
-0.02445939486075197899506150633897
1.49313353334862797261450850783149
0.81403260109998509808093558604014
-0.10161157860925144891250937462246
0.22717462492844525678847844574193
0.41951886648341757402036478197260
0.26967653072764408150874260172714
0.76496084434353095460323856968898
-0.64023957281883969727687144768424
0.11631615010909471252809055386024
1.67481280838771251495700198574923
0.10929056724355568075424116614158
1.90194656331744860189303381048376
-0.19900531352096439974275199347176
-0.48157229704912429824048558657523
-0.48115900819065565707788323379646
-0.71103598260097822247871590661816
-0.73451561332025172568194193445379
-0.61978689228355743345844075520290
-0.16957084750197837230700770305702
-0.94015968362036961281091862474568
0.57843099533036723691736824548570
-0.12399023141463245967219819476668
-0.34063703745916384946212929207832
-1.96036529423556826756680493417662
W:
-0.33453113455648930685271125184954
-1.19500878815743893923695395642426
1.47644034140279334366141483769752
-0.19631470441507392621360850171186
0.41708804339741717415179778072343
0.24451240131135454358712877365178
