mlp_weights
I:4
J:5
K:1
V:
-1.32261173271777621174294381489744
-0.11535377638101086683608542671209
-1.62095875526711252767597670754185
-1.84517903966981067220842760434607
1.02022729480127760659513569407864
1.00754038201133133689779697306221
-0.02318926269815190996381737420506
-0.38390133764597289545150715639465
-0.40699562640433700755338009003026
-0.17309966035991936061932960910781
-0.73056947017849338532613501229207
0.90240102532627930465025656303624
-0.73776586872877136791259999881731
-1.66105182232692083488245771150105
0.43353362537582462721275078365579
-0.48348052571532829091438543400727
1.65130649217308045351160217251163
-1.35083464729811941751336235029157
1.51435269057540722315025050193071
0.46779423694674471256860215362394
-0.87405003557094407273808656100300
-1.00843028866871642357239124976331
0.45898286333674864767573353674379
-0.56793453368788016089041548184468
0.77829985729618855749833983281860
W:
0.36731924172523300331505424765055
-0.79694033441391276539889076957479
-0.60903716190165657629052020638483
1.34513242698922530493632621073630
-1.11389163906685761951109725487186
1.19220007625303336951105848129373
