mlp_weights
I:4
J:5
K:1
V:
0.64531037703797355931101265014149
-2.05672201723233571968307842325885
-1.48613092026388637911793466628296
-1.72574414440158285799498116830364
-0.02930675946051007618731176762594
-0.79274088076112880774104496595100
0.30051057187882640464593464457721
1.66151613302590228649080472678179
0.47621139771977860633001000678632
-0.50452350317239391674917214913876
1.99172663874803568262450426118448
-0.87088009470707206105544173624367
1.35209616282939570908183668507263
-0.47354928963919284967687417520210
-2.70535645006855984817661919805687
1.81900451058813827920346284372499
-1.08948022995078663832657639432000
-0.24858120030742447692517771429266
0.10644739710879352889705273810250
0.86503023904506637364875132334419
0.48128765356805847108745410878328
-0.92971373218146413641704839392332
-0.99607675131635464715884609177010
-0.79011158167300088450701878173277
0.44041402730651085795088306440448
W:
-0.32708939013798388195652933063684
-2.38389337870207551617340868688188
1.90776289038539292874929742538370
-1.45952562246720884964190645405324
0.19830617989725884964258284526295
-0.78443742978588848480114847916411
