mlp_weights
I:4
J:5
K:1
V:
2.59549972674410112105647385760676
0.76156026141717025890187642289675
-0.98328101061158923457128366862889
0.76709499740200182138494255923433
1.23683380517137386789272568421438
0.10899813316450530920054262651320
1.95761779286212123096788673137780
0.36658673188284601751618652087927
-0.26131078779131478029285062802956
-2.89487427370499261769509757868946
0.66150990393592390415022919114563
1.34283745214099936582385907968273
0.42326032242866673538372879193048
-0.84024314371085628838642378468649
-0.43293843673455378873171639497741
0.84113122670543394310271878566709
-0.87652577111547824717519006298971
0.95318413563069626093238184694201
-0.28634334912180170462647765816655
-0.23183522462213870807268278895208
1.93035090993710500839597443700768
-1.78255757608496989696789114532294
-0.95543690026107563895152452460025
0.94366350162242373933452199707972
-1.17328934701963638609356621600455
W:
1.15964701963374539062101575837005
0.56378146619585756127435161033645
-0.51006603946614081923627281867084
1.08356568542552622602670453488827
0.06835393565011692318389435740755
-0.31871535460872707501422951281711
