mlp_weights
I:4
J:5
K:1
V:
0.86477477179274597762770326880855
1.12720516814217219803140324074775
2.13049465270314986042876626015641
-1.40572733462765997458632227790076
-0.15069103512766324204363854732946
-1.26131874506226315801882265077438
-0.15966297444487564938242485368391
-0.63177232953575157559100716753164
1.12292697830403653824760112911463
0.24093676641632782997604067531938
0.01220022945136425840395588693355
-0.05693284705018417102273531327228
0.08619501405888944922661920600149
1.38696508437592402884774855920114
0.49216382818162324186417322380294
1.61078805058063423416570003610104
1.11225375046736707496108920167899
-1.10275189313119681422392659442266
-0.71394734477680144024702713068109
-0.92210278990067362503424419628573
0.01375567994094048507314198559470
1.61220306798008938820032653893577
-0.49924542255566339843397827280569
-2.10802975729612773747589926642831
1.99508120423649071284444289631210
W:
-0.24941418065075071641700787949958
-1.63137780656658315514562218595529
-0.96877524462651520842371155595174
0.07810025396158673527402527270169
-0.15872354294211127312408393663645
0.89329913568844310223227012102143
