mlp_weights
I:4
J:5
K:1
V:
-0.89138914113330913746580108636408
0.98963324830512811036697939925944
0.57329477865718680984485899898573
0.30925758723285923235124528218876
1.87333995440957434830409056303324
-1.57873298822094376703262241790071
-0.45344804348951617267715619163937
-0.36871315022203943190248764949501
0.87511286802777088489335710619343
-2.03543095067519219654172957234550
2.01410426368873096691913815448061
-0.09649542590447221512839348633861
-0.04732164551771958493908698528685
1.59843278988930936890255907201208
1.17490315554991098245807279454311
-2.14288929003366179770750932220835
-0.67198464226910370467038546848926
0.11217047865949911211735923188826
0.92838781145423554530538012841134
-0.63089732999849701400307822041214
0.11617302638314409846120867086938
0.92400448151329017676403054792900
-0.62476650469816830124614170927089
-0.39915041920188298885108224567375
-2.36458234084903473615213442826644
W:
-0.31074337911473537410245171486167
-0.33979558574603985210416112749954
-0.82231670441894877399136021267623
-2.79521383708451498506519783404656
0.14228544020082828369666572143615
-0.37265293806732102677159446102451
