mlp_weights
I:4
J:5
K:1
V:
0.98334499210577652750231436584727
0.99907465273382267678670132227126
-0.18119449471591941858150676125661
-0.37145586209381559195108479798364
-0.59952091458116552047385994228534
0.21718744891502489435808342932432
-1.11621625790654199761320342076942
3.51774063770970091269418844603933
2.12970683001366012376820435747504
-0.13891758351215027778025046245602
0.37568448431274109600153110477549
1.10695760400426657099615113111213
1.92390211646372888409928236796986
1.39286766480171486648487189086154
1.93386873032189732235508472513175
-0.03849593612226714922641690463934
-0.67633755284633045867792588978773
-0.31811338962610147262921600486152
-2.76450954187055852884213891229592
2.44696577582371421755169649259187
-1.07680997482336238135758321732283
-0.56304773764793680790319285733858
-1.34328541669096690469586974359117
-0.53290696231352785439128183497814
-0.56046626147249289928709004016127
W:
-0.27785990299654445001564795347804
-1.16022371210553032483403512742370
0.03729027770730616864192086268304
0.79163750833051471644807861594018
2.39536475901380452313560454058461
1.03604638530903758741885667404858
