mlp_weights
I:4
J:5
K:1
V:
0.25527401546506162111072057996353
-0.00350709364011006496930633602460
-1.77196104416994448804700823529856
0.35191632332970707031094548256078
1.11075679803971594239442310936283
1.46043820568494964184935724915704
0.68511801180111231435176932791364
0.94766771806505656350338995252969
-1.39075428822794378014293670275947
2.22488035896959690518315255758353
0.84808373834496264542792687279871
0.17175652173426506075237796267174
1.16083070805114596524276748823468
0.46514825547274246675399922423821
-2.05989407769663257496972619264852
-1.52597499910833844793955904606264
1.78944753817717350230509509856347
-1.68539809613407820521047142392490
-1.89917169677414765516232364461757
-1.22773620450218978739087560825283
1.68387820261076348593576312850928
0.58160650051680784500263143854681
0.04926992024599557290498452744032
0.39447234425067195795477914543881
-0.20473294523531759825374365391326
W:
0.23653814413600576793683671894541
0.78757517913307895085495147213805
1.29519497203468914037216563883703
-0.27311553396335364052305294535472
1.45228111866650899663966356456513
-1.53726684469816543554543386562727
