mlp_weights
I:4
J:5
K:1
V:
-0.47254852104717753880080977069156
1.14173835884738483770206585177220
-1.51261086479460038489719408971723
-0.66456727576516105848725146643119
1.96488073753564229662060824921355
-2.46772349634168008947199268732220
0.56607546411536535657660351716913
1.88391535884589367277897054009372
0.14655507374909385043260101610940
0.21403038275460456452137236738054
-1.03836968595755196886898374941666
2.49920760415483567129513176041655
0.06758331275690075690132374575114
-0.73676058576732417204624425721704
2.62548866693643567771232483210042
-0.74912492605038560888885967870010
0.22483877629482060256371767081873
-1.20769469358371162037713020254159
-2.23010336371778095099216443486512
-0.70702307120339036305978197560762
-2.44591359456472368094637204194441
0.29578505067826332819436174759176
-0.06762955974392258207128492131233
1.05609934241126102172358969255583
-0.16637845037614906740230935611180
W:
0.36284129231637723966841235778702
-1.83351512374477776390335748146754
0.15317657497149980705408722769789
0.17809822884287337951825236359582
-1.29896681238436850769346619927092
1.12482433639234691291619583353167
