mlp_weights
I:4
J:5
K:1
V:
1.70426131144476555867584011139115
-0.16985133051777306922858201687632
0.76418801721890272649062580967438
-1.90278694551466176498877302947221
0.34569658755127480320723520890169
-0.51436965523548561218802888106438
1.69857626038855968886309710796922
0.13171125574237788069531518431177
1.24674010910006027863516919751419
0.34487499438999669187921881530201
2.05722654138482630159501240996178
-0.62517777630797932708617281605257
1.31030004429548552202788869180949
0.43073228878337688207977862475673
-0.44612396341743087990749927485012
-3.17774956464245716958316734235268
0.61310237548266066642810301345889
0.32865003390813329886555038683582
1.02969500452461448780638875177829
-0.67660544861794824633705047745025
-1.95936512603423595990648209408391
-0.67355942587668371501763431297150
-0.42911982147066923820588613125437
0.84368812533042136792005294410046
-0.61289554677687663186702593520749
W:
0.45902501754832258917815579479793
-1.17241037702417005839095054398058
-0.13816612947278048006971573613555
-0.92823578851202892536775834742002
-1.70391805508681026815054337930633
-0.34088962370127018353116454818519
