mlp_weights
I:4
J:5
K:1
V:
0.71837868249846725809959480102407
-0.96414160306179108594903937046183
-0.59663210876612038369160018191906
-1.33159388726888905374323712749174
0.00100081855126704644121105047816
0.75983780697761704736592491826741
-0.43905272883598511768354910600465
0.56333852071715706522070377104683
0.70950847865723010166050244151847
0.14103583129738561652288808545563
-0.32879322260345522632718484601355
0.38204187507964365577706189469609
-0.22692679676900487373281123382185
-1.87825144254697429246903084276710
-1.18137896789406271480515897565056
-1.37500834094952328889860382332699
-1.09364244161969526025757204479305
0.81181755880270267677900619673892
0.42359506456718587497078942760709
-0.78367864327589287221087488433113
-0.08221855988990757480028293002761
-0.53729938577179381375970024237176
0.22917288682954994882834398595151
0.80303071668632619584116127953166
1.40142069331146434940649214695441
W:
0.93744101214101460683991717814934
1.05058330932819066205752278619912
0.29103633032996056861918532376876
-2.19970725589614612971445239963941
-0.33814885580158671185557750504813
-0.54170682579554807478672273646225
