mlp_weights
I:4
J:5
K:1
V:
-0.79300661401128080818523358175298
0.01649271288969196558316099299191
-0.78697365407634378708934264068375
-0.47366185163824797710319103316579
-2.43328613616432232191755247185938
1.73839196378732374625997181283310
0.42795792592089987316228416602826
-2.59950630311267349981108054635115
1.07700358495187731300291034131078
-0.44306247545294485945532869664021
2.08480942684644698914553373469971
1.22187296406583301155990284314612
-1.05470528345624847688100089726504
0.61335531779478702496533060184447
0.33774230981828695652424698891991
-0.13088162093480923409138938495744
-0.44961964406569743246677717252169
-0.21188249158124125570701323795220
2.84581206522968432892639611964114
-1.28158889964414268725079182331683
-0.96584765607025435674160007692990
0.39870284892273294419240414754313
-0.45589177741776654162464410546818
0.45331964802411983672669748557382
0.67742476519249728017513234590297
W:
-1.88920539242149576608653660514392
3.24177129367787708602577367855702
0.64376105160332763865937977243448
1.81578184959426502942392289696727
-1.64975518232790019368394496268593
1.61613976321322239115829688671511
