mlp_weights
I:4
J:5
K:1
V:
1.15973676491199717553115533519303
0.65520332892600352536760510702152
1.11730898877654993839314556680620
-0.05563143781648046543031327360040
0.30841535388786522897675013155094
0.06752312252279547843958340536119
-1.75156221818900492692705483932514
-0.31518325127983981559509629732929
-1.07723953202767952497254100308055
0.79851207655779743443957841009251
0.83210944087029559135260114999255
-1.30147795979716174308293830108596
-1.52334952236038123629668916692026
1.29849819351353312768537762167398
1.19551687061654021704271144699305
-1.57823478203255529450643734890036
-1.29735942407435578260788133775350
-0.18868844547494975638635139603139
0.74373601548292911367354918183992
-0.48739083842417352254727802574052
2.22149291805263038313000834023114
-1.10875972550910284475378375645960
0.48130712699310995716928118781652
-1.02659664744786494061656867415877
1.38204232433883866804080753354356
W:
-0.70865812477076306485912482457934
-1.42462508289155187490848675224697
0.39327096625196639179122826135426
-1.32797802459007474595864550792612
1.04022383632320236657164969074074
0.03371815667621447243362808876554
