mlp_weights
I:4
J:5
K:1
V:
1.82353833134666776238930196996080
-0.24565929416252546557686287087563
-0.35712468421600906953727871950832
-0.29840797349995462628413633865421
-0.49982695594158571550380543158099
0.02102318156404489601918328389729
1.35152937849533549830027823190903
1.11918697356031393574937737867003
0.49077385419546631917242507370247
-0.79032261138433435032624174709781
0.30757091922816232054671559126291
-0.68426545208391420516136349760927
1.15632069912127954935954221582506
-0.22883681923626125742643466765003
-0.77480185691116942869882677769056
-0.71990569619770494735888632931164
-0.51098738088478901087086114785052
0.97745395483693053861884436628316
-2.45704874804572126478774407587480
0.63904735240975740762081613866030
0.70356673173090289452602519304492
-1.20130182490834824804437630518805
-0.64681927313866327544644718727795
4.21509473392462918894807444303297
0.41402018559159464716756815505505
W:
-1.14347486900633033002350202878006
1.21600428586636044592239613848506
-1.31321190530274378716057981364429
0.52372922747669581333695987268584
0.32814389158580870020642805684474
-1.21555863174294076500814298924524
