mlp_weights
I:4
J:5
K:1
V:
0.82905458823217381691961236356292
0.61350613453039481992590253867093
-0.24007764998241315490545844113512
-0.87699782055876929209858872127370
0.47022967112401686806677503227547
-0.85823499398946023752898781822296
-0.03287096940225998908946536403164
0.78185448131494972301425150362775
-0.87127134983024745462643068094621
-0.33888736575535471917675067743403
-0.75359131865926642923625422554323
-1.42851480600559876954491755896015
0.34405172135212169770568380045006
0.95369670045883381259699262955110
-1.04898060260725300985029662115267
-0.11149017112819754882213629798571
-1.61326114515095753176865400746465
-0.10657254656292546035611934485132
0.56862691354130545651202055523754
-0.11372941454813530193224124786866
0.92212988584920951851131576404441
-0.47780645109997638142473874722782
0.52757167026622187044893053098349
-0.06348292045365516722554843909165
-1.29207878845333024031560853472911
W:
1.42198165859607073002734978217632
-2.79897948310769040247691918921191
-0.32971891293189381499928458651993
1.17680969168069649022356770728948
0.85993567495286804547305337109719
0.55379868518328190241106767643942
