mlp_weights
I:4
J:5
K:1
V:
0.86856844376113295780328371620271
0.45776215887666260595523226584191
-0.92619348930159395294481328164693
0.64322761644851167428527105585090
-1.46782225851174641384488950279774
-1.67168837896479183235953769326443
-0.02908117485006700420058223244268
-1.97634286431272654382951259321999
0.64355770895306407819447258589207
0.93047925256569774532522387744393
0.69155287549086352782978792674839
0.12733609918649355097208797360508
0.52453007279927854611401016882155
0.65161463438497335687316081020981
0.54274738880101836002722848206758
-2.27690255666801188993986215791665
-0.76368099420281254641196255761315
0.97121383632973501409679784046602
0.89915451131238854909355495692580
0.47817454289578237291991058555141
-1.24164988767523754020771775685716
0.79938723042996784329261572565883
1.13254492434394382627260711160488
-0.52695741094891024314250671523041
0.86662143442627881384510146745015
W:
0.83575225118973850424453075902420
-0.59361469422402068918387385565438
0.96387895850345339798792565488839
-1.54079289773824568143822943966370
1.06694911190326657823845835082466
0.64287439528569279012515380600234
