mlp_weights
I:4
J:5
K:1
V:
1.03792490418227889570346178516047
1.85707932507521888965129619464278
1.66535060760378228472688988404116
-0.43669672655845753750369908630091
1.72454437018620043708949651772855
1.97794736217693500890391078428365
-1.40829033357569155526789472787641
-0.94223582353632751029692826705286
0.47675849804737563397694088962453
2.26725378190226178887201058387291
-0.54941033058195787308619628674933
0.72688856286260050687531020230381
0.59964627057260833087326545864926
1.52992009113949123388920270372182
-0.38860441802651868314910643675830
1.41355998878596400558649293088820
0.50544456168602092116515223096940
-0.19503010218869543113129338962608
-0.11992553207421885463901389812236
-0.69658935330352866888148355428712
-1.98749352769644160865425419615349
1.52483229202409753533231651090318
0.18800015075856360557970958780061
2.16383785064102074358061145176180
0.48757365534482183244691100298951
W:
-0.44480139832731169224899758773972
0.56193348706261381231286122783786
-0.44716088278758570062620947282994
-0.50148571557464594050657069601584
-1.15415099465975434789299924887018
-0.34785425136616043850779078638880
