mlp_weights
I:4
J:5
K:1
V:
0.15879511728425826921906605093682
0.35588965949773254671129052439937
-1.27796299394149182049318369536195
0.51670849104981508848055682392442
-1.07516934225809168701459839212475
0.86830388374842981669132768729469
0.36763786852490620837841106549604
0.12478155153409976885203747087871
-0.86657775172282625053554738769890
-1.75704340369634337548632174730301
-0.27401382468658957991536340159655
0.66169197211664698698996289749630
-1.60567286511627771439236767037073
0.19200085452689324982955554332875
-0.80379294928817257570585752546322
1.40327041663308782482033620908624
0.11145188210863837818820343272819
2.20464511406919694280759358662181
-0.95029895161224453570270043201162
0.79934812031121815767420457632397
0.13768666402117438196661680649413
0.64062769731816104901156450068811
-2.31800152616961785412286189966835
-0.10663489182025931434338872350054
1.05420719308658927815258721238934
W:
0.18466956896792402487150752676826
1.28166782597359651951762771204812
-1.32298815475064324154175210424000
-0.37526282022328999454785503075982
-0.87746578781116213452406782380422
0.71037007649953132215614459710196
