mlp_weights
I:4
J:5
K:1
V:
0.02092737836384853111759696275840
-1.30790766418928106062935512454715
0.09271839170324452927829383952485
1.84484109647845406776411891769385
1.56737650172840536910712216922548
-0.16555787035700117448833168509736
1.82878465554601699061265662749065
0.66375757548830516263649315078510
-1.11536335769168215570346092135878
0.20028328214405408114195950020076
-3.55667685880350381566472606209572
-0.27437892256731122309076909004943
-0.28886938710640974736776342979283
3.41054538614985514044519732124172
0.74040003988613678487240576941986
-0.90526707466380085254087362045539
-0.21770641254366057681934876200103
-0.94430526300803796502236764354166
-0.54306199993375559031960619904567
1.10095760059257097296381289197598
-1.63160718166000484607991438679164
-0.15334549585857204512251428241143
-0.48598523633654555631267157878028
-1.00655351693574113269846748153213
-0.91394726647345791992194108388503
W:
0.18614374294762131567537721821282
1.18211201569766166663555395643925
-1.72542437318078989427760916441912
-1.70937296991889953190479900513310
-0.58139272776379458118611864847480
0.18966156561920388678998961040634
