mlp_weights
I:4
J:5
K:1
V:
-0.30836292466491321828669924798305
-0.43818284359274245476356668405060
-1.41868676558036233004145287850406
0.60327739795699752978208607601118
-2.55294196319052435484309171442874
0.47980376194477308837704754296283
0.40851283244716540821173111908138
1.01185446179800297983319978811778
2.18298435206172714018180158745963
-1.03413755229948822744745484669693
1.45591969206752880339195144188125
0.36557977945146680198718058818486
0.55760072890696865677284677076386
0.28712341335919894236283766986162
-0.59598419643724120930983190191910
-2.37762015407276772194222758116666
-1.28941842692630315170276844582986
0.47198327274631529659743023330520
1.72173004066890777963294567598496
-0.13184742505002425283500144814752
-1.31391677592722211365128259785706
-1.20505707450687316040216501278337
0.25859581655296315361169945390429
-0.43894866203308141594519042882894
-1.62890981116182431698291566135595
W:
0.12460409823259496753244945921324
0.01376055184869559577798270311177
1.07808928905184364666069996019360
-0.66550092326263365904992497235071
-0.89481748252807180588064284165739
-1.15154497480123407804342150484445
