mlp_weights
I:4
J:5
K:1
V:
-0.74826249839913794303924987616483
0.37578869345202625673607599310344
0.54508664133148621022684210402076
0.67132278002042955478145813685842
-0.58492361602934894726502079720376
0.86489811125792170898307631432544
0.55369083884620839963730531962938
-2.48078874403816440619152672297787
1.76949042000018885723022776801372
1.65300462683065640945301311148796
1.06818998280284005453211193525931
-1.74598404377996985203935764729977
-0.37993550005896548071859797346406
0.02494836799867822252352311807044
-1.45896700050811678472939547646092
2.04062803231097555922701758390758
-0.04862723821093840881335523818052
-1.38605140301239360134388789447257
0.95943020504004750126370026919176
1.30345192219132943733939100638963
0.14166802155715110811406987068040
0.06374090118717168351736290787812
-0.02776670786113674682660246162413
0.71285407410450796206191625969950
-1.25129503701397704062969751248602
W:
-0.19251773830478630111784354994597
-0.52630418823690150453842306887964
0.17922888026212516199286994833528
1.62789328117725373701318858365994
-0.43797006958263118292506987927482
-0.70437612192605159044944684865186
