mlp_weights
I:4
J:5
K:1
V:
0.29523176427447372915935375203844
0.10526591091769663122157396628609
0.82590639437684754131652198338998
1.48872957971022756851198209915310
1.83261882180402935205165704246610
1.31466512731337670238929149491014
-1.33239056836157665486553014488891
1.67941678144470429856482951436192
0.32406768107378020049580413797230
0.56592266286045556089590036208392
-0.17227501653807070214341479186260
0.31754336830915247391615707783785
-1.92055962576032479560694810061250
1.24950912778952316628533480979968
1.20398458419462217605655496299732
0.28169414145758564504973264774890
0.76282525125613920291556269148714
-1.69033337171649034047504756017588
0.33447571370294915116261336152093
0.53651024642871503189667237165850
1.78314944529179708609945009811781
-1.01317299476098110488919701310806
0.29155190352664184239017686195439
0.24814152559234958772549362038262
0.08921014387200558448665077548867
W:
-1.83463299911155885979496815707535
-0.29044439485043693771615380683215
2.35432733764650370389404088200536
-1.01713577673892907604624724626774
0.05665198843881734391825233387863
0.61469413265412031766032896484830
