mlp_weights
I:4
J:5
K:1
V:
-1.82463922246425358508759018150158
0.40996072582340792322952438553330
1.86828991247298636935170179640409
-1.28680717377296849335266415437218
0.42454869930264871324965270105167
-1.79207865621444195625144857331179
-0.78732102630965306033772321825381
0.44877177473189633349903715497931
0.36964383528428079728200827958062
2.02038155085916537601065101625863
2.40621479541475258301375106384512
0.56883264239670094930545474198880
-1.16732012232457171840849241561955
0.24911315795126004468684755011054
1.05220354460719134337409741419833
0.68877296951004507441496116371127
-2.53679456263535474391801471938379
0.36563738098258979913879329615156
2.55797721437573866154480128898285
-1.21549213232387876004736426693853
1.64761408956968469219361850264249
0.86450496518074548824017711012857
1.46277221182392080933709621604066
-0.98233586272018391660765246342635
0.39049914091546877870086973416619
W:
0.27773504227713957659418042567268
-1.13245742049938935558373032108648
0.73204580492438897643125983449863
-1.79539678629216270522306331258733
0.80912381847404046819605127893738
2.13935170910809357991411161492579
