mlp_weights
I:4
J:5
K:1
V:
-1.21936699717132923659335119737079
1.04765222558889981030461058253422
-0.98897166549513415567673746409127
-0.42403077754423834644370572277694
0.29487926518642448847629111696733
-0.50046542779312541693315097290906
1.52530538371003432374095609702636
1.11829432410080986670664060511626
-0.59391208532106032347286372896633
-0.58423177766864942128677284927107
-0.00716325112458266605175438712649
-1.29935064059137395098275646887487
0.81664825059852808042393235155032
0.06915571010911442106916524608096
-0.61509785121831184184770791034680
-0.15227790018172349117975272747572
-0.37994607017290493722327937575756
-0.76060754275066744245492600384750
0.06318517745778870486894618352380
2.25404237857454514681876389659010
-1.17505900086829151440781515702838
-1.54372273862134523625400106539018
-0.53341405450778611729845124500571
0.24967208676497240626979134958674
0.61866228288997493489631551710772
W:
-1.14496788809380034557250382931670
-0.51131333114160426589478447567672
0.30611993085950672810469086471130
-0.29276417608676819082091924428823
-2.19051812481978114277580971247517
0.48544789059343795845080649087322
