mlp_weights
I:4
J:5
K:1
V:
1.39017095395517498168658221402438
0.99622143084247460897984183247900
-3.13110218013275121151650637330022
0.06350910127019135376080782862118
-0.14903880644105219066553047468915
-1.58193075498947988144493592699291
0.09902217380085923115196067101351
1.60967121288418324454028152104001
-0.16638232957121734667538248686469
0.99063886331404471530248656563344
2.12584399877780727550202755082864
0.44987166622571850282952254929114
0.78668267240917488791751566168386
1.54626235649158361162847086234251
-0.78714523836858329985943782958202
-0.22686849502680120349573655857967
-0.71438961061392325380126067102537
-1.85236392281843298412979947897838
-0.69199197162808512295839591388358
-0.63316324917260724536305360743427
-2.01678734944494131298142747255042
0.59675703496945264880935155815678
0.02627904138889442658966189014791
-0.50861532581037860456518728824449
1.10403950433521025331629061838612
W:
1.28694117217145964637836641486501
-1.97243241210324637968653860298218
0.27886407408229624271811530888954
0.04304851754108587891245463197265
-0.21012766087212869647871116285387
2.63858030319034853050652600359172
