mlp_weights
I:4
J:5
K:1
V:
-0.76439132011194277360743853932945
-0.30810415872018148686350969001069
3.34282495368145182723651487322059
-1.73264034174485548334132545278408
-0.06488578269595292324911639525453
1.63269772249411304620991813862929
0.67058400992403999207880360700074
0.35073003239045419388020263795624
-2.57349346444341087192242412129417
0.99675100385601422825487816226087
-0.19707304558660865279051677134703
-1.95936384427146181863577112380881
0.22859216990387759560476865772216
1.20599672651123390743066465802258
-1.10411346014800182402382233703975
0.32157478647155102180477115325630
0.86217602145558991377782831477816
1.08529771848875933315525799116585
1.10232218942228765712343374616466
1.31336891339722816596236043551471
0.85569715111422484099534813140053
1.54005119171653248599795915652066
-1.28054711338610460735765173012624
-1.11346795092851458264249231433496
1.65100393321544203217854374088347
W:
-2.03159168525479749689566233428195
-0.45380890546790897399631603548187
1.95183468081516675596276400028728
1.05299289474200064020692479971331
1.09776707153823105400647364149336
0.22301882501901909572339377518801
