mlp_weights
I:4
J:5
K:1
V:
-0.98442276542009443662806233987794
-1.25830519664206241792214768793201
1.19827704144735536218036031641532
0.44624085183135758780892388131178
0.45209956990104271934427515589050
2.26738135920081962382255369448103
-1.29189742061189472011051293520723
1.06923814642512904349302971240832
0.29189642925461084521643329026119
0.77434743328975763621002670333837
1.74276399252502600667469323525438
-0.30680569311180011515816090650333
-2.67141262690519321054694046324585
0.75931050489568596706391190309660
-0.47703911847852531469271752939676
-0.41749977318276149107489914058533
1.57608791797578406956858998455573
0.54029753350286724433715335180750
-0.56346326706019567165384387408267
-0.32404031147151041158949169584957
1.31503000818176807307224862597650
0.08602363629739752381997419661275
-1.63792949114653318964940353907878
-2.52521243852781029914922328316607
2.46681762614627153595847630640492
W:
-1.57502325637613305175932509882841
0.63007533391360592833763121234369
-0.79962902110691891355287452824996
0.30948802004313419322656386611925
-0.45864085579977897921821750060190
-0.14724604580231767658737851434125
