mlp_weights
I:4
J:5
K:1
V:
1.33608849954059971665287775977049
0.23861469268462551229781354322768
-0.27366531274626593184251532875351
-1.41305676400980173568200370937120
-0.81253879244916282775790250525461
1.95399034890433886957339382206555
-0.74050760602548493238828086759895
0.29682875654564416789682468333922
0.82921223927912079965096836531302
1.73245816550215425699832394457189
-0.15099304167841684498618803900172
2.52884470782381409748040823615156
-2.36052708468270910913133775466122
1.31322578399507539081980667106109
2.38787808814974811255638087459374
0.55343737709937801394488587902742
-1.52267410916916867691384140925948
0.90134870186114168788549250166398
-1.05294157679442190733709594496759
-0.12683302069592752858717688013712
0.02732745962702196745874871908200
1.09040811615407395862575867795385
1.22653667237161823067026489297859
-0.25927959493571933746736135617539
1.07115620332217531540663912892342
W:
1.94006074603142120160725880850805
-1.26215889879904175074898375896737
0.02377831706713844084344344764759
0.71227189841020233096458014188102
-0.33889457400714545487474538276729
2.22437077874540500843636436911765
