mlp_weights
I:4
J:5
K:1
V:
1.08984932275716972505108515179018
-0.84819532122737351098606950472458
-1.52818128730023072847643561544828
-1.19942392698846456156047679542098
0.30654489401228179890068759050337
-1.85805682517400594377932065981440
-0.90775690616643478492164831550326
0.77564644525942638697557640625746
-1.05650429507736509648907485825475
0.49957879517341330366519969174988
-0.81662352056439113656693962184363
-0.85098790223364617624213224189589
0.04806414584017790203596121045848
-0.88053319015095476984811284637544
-0.99301024307815022318379760690732
0.27609424912804947371824937363272
0.83345594107600839972604944705381
0.03352110024251607478529280115254
2.01293971915894021051940399047453
0.93238408576824305384889157721773
-2.02090302846026403926771308761090
1.52184646887928631819875135988696
0.38670532600186269256425930507248
1.42697427890196704147740547341527
0.48597318188840377128911995896487
W:
-0.98098438500706808262918912078021
-1.46644440013858234905796962266322
-0.86590625516884622836499829645618
-0.43307916025332227061284129376872
-1.40899535228240968542934297147440
0.74979518824387691999788785324199
