mlp_weights
I:4
J:5
K:1
V:
-1.28809453236594362302014360466274
0.88615045841114781222103147229063
0.13832626922453830631276616713876
-0.19163272273215997687501044310920
-0.54268879207268638786842984700343
-1.08130287048413031847360343817854
0.27717490660615085040774374647299
0.34876674043645983225303552899277
0.97395331319215994181348605707171
-0.27206998191244546880795951437904
-2.69221722734126744924765262112487
0.17276435113767740769930014721467
1.38167232410457541114112700597616
0.47018883405362010829975361048128
-0.54888494863670878043393486223067
0.89045913903154683133323032961925
0.81995723131200715094735187449260
3.48724174054037217018731098505668
-0.17176969137661948772155540154927
-0.35743178170188266706830404473294
-2.38487447488076353963037945504766
0.35798400598580115694602454823325
0.15022415054725818395198189136863
-2.42097247304948037793792536831461
-0.33369456932801766502194595886976
W:
-0.92691018762439802980424019551720
-0.93608041966898924979290086412220
-1.09227446427530883177325904398458
2.31236558821804827346113597741351
-0.04652256747297281447295347334148
0.11369128951871287913633068455965
