mlp_weights
I:4
J:5
K:1
V:
-1.66116483691077920781253851600923
-1.24994874227945795830407860194100
-0.83810401036065818036746577490703
-0.32138543033216221411763058313227
0.56169606552912498820262499066303
-0.03961028698602098163661366925226
0.85979033969641160961572268206510
1.20809602365390755807084133266471
0.83559830304185123139859570073895
-0.41703754415262239696460255800048
-0.47719758822231672645841626945185
-0.00693258322946430083355551232671
-0.23609207966506268183692895945569
-3.37764942241760390828630988835357
-0.08536013045622259376443707878934
1.84162696356179300671840337599861
-1.42611489042356032186376069148537
0.41732286169114291007886663464888
2.20292529425475436255510430783033
-1.88497136347811977685751116950996
1.53806996701105713754031967255287
-1.20277935793025991806359797919868
-0.20813475097289968474001398135442
1.22847247150013472172247475100448
0.38859058722381717432270420431450
W:
-1.49331706101095407213108501309762
1.20808576853436466791436032508500
-0.68385183016310069348264732980169
0.62553247424869784509837700170465
0.84651325180685710325434456535731
0.61655574380895705743910184537526
