mlp_weights
I:4
J:5
K:1
V:
0.58996345928079108045238854174386
0.21377208616778350935838659552246
-1.25505270574999583388375867798459
0.38830082723658249088671823301411
-0.91089760678889997169704884072416
0.11483183049996315006069380615372
0.63921573862531699816713626205456
0.82543585898961391311701163431280
-2.27831448360423705068456001754384
-0.78031381294639301504645345630706
-1.03445313206288513896424774429761
0.67583467367423133431714177277172
-0.74115319760810216553892360025202
-1.18273321821949606302837310067844
-0.32028465664966132564472900412511
0.01148029912353717985062928619300
0.19662422369699975033263683599216
-0.61264257175678427103093781624921
0.65673101422182600384047646002728
0.18831663472023060790228043970274
3.04790848232057598465871706139296
-0.29269355810657621264070371580601
-0.34054838680036086939750816782180
1.91239875372557865951250732905464
-0.21955282805961856551490996025677
W:
-0.51273745198814046908353247999912
0.16722543797850453195508180215256
-1.25779881632500134536201130686095
-0.61343858894220870681124324619304
1.49409246743774692944839443953242
-0.53547997184748497012662937777350
