mlp_weights
I:4
J:5
K:1
V:
0.39329020325223812415416091425868
0.18993640827546046101481636014796
1.50960416871127378612982283812016
-1.52780414805489628271573110396275
1.87123767577150590390999695955543
1.49993139761148075450591932167299
2.33070407951498204113249812508002
-0.90173241255215974554459990031319
1.96103865203396954264292162406491
0.43289336711830939119494132683030
1.10694961670982938706231379910605
0.36622002584548773995720694074407
-0.79533489876083407477125319928746
-0.88059797814176554719978184948559
0.26872127763015740686824983640690
-1.55122662839508618226602720824303
-1.94563867751092334223983471019892
0.96321261418481096683308351202868
-0.83271125690408043240609003987629
0.59563269968374343843464657766162
-2.67520449644157043422865172033198
-0.70382286526342763277597214255366
1.11729211791357530003665488038678
2.38975280885335017444504046579823
-0.00299041772293691388018288535022
W:
-0.04785746558836447006601844122997
0.28527288476801276884131652877841
2.83530605679061187274214717035647
-0.50018967824995741455751385728945
-2.02487726216121188826946308836341
0.03904820585446933112194756176905
