mlp_weights
I:4
J:5
K:1
V:
-0.42508328233645642502125383543898
-0.13425054716727519155128334205074
1.72697226304149298314882798877079
-1.02868944749699386953523116972065
-0.73625700333522403617791951546678
-1.31654746556072566043837923643878
1.09721377886679438695693988847779
1.14889228212072591617243233486079
-1.75778644135327599684615051955916
1.02244231543393393479846054106019
-0.23605601842677848001272877809242
-0.20051569677609965003384218107385
1.43347614946335877306182737811469
2.02148317189935067261785661685281
-0.23482385769286812093881167129439
-0.98204788158115996488106702599907
0.10819138070067521595341020201886
1.48856548334283744772221780294785
1.12416340127570624218833472696133
0.73465819971181567371587561865454
1.12443379273543264673662633867934
-0.25639998656042800595500352756062
2.01929621314075591342884763434995
0.95315820172773091378815024654614
-0.31266840337203583022329667073791
W:
-1.30807650341017334127968752000015
0.71635833552398386903092841748730
0.98063266815593985725740822090302
-1.76256796357492806492928139050491
0.56277389993150683800138267542934
-0.16432652333969782754152788584179
