mlp_weights
I:4
J:5
K:1
V:
0.55759013726481521100453164763167
-0.09530966920814014364804478418591
0.41087674624667175349301828646276
-0.31594163200356423226722313302162
0.16980123938758506785262625271571
-0.76139490852543989518608213984407
1.20037238413752800347822358162375
0.32693172143686449748756217559276
0.71733593529563932644776969027589
-0.22611802388834514876414516493242
0.25006148022891666604650140470767
-0.65492854409773859636345605395036
-0.09544572794369220181120994084267
0.45444500532794218639054406594369
-0.94853452915529912203851381491404
3.06557176737536041244425177865196
0.87110254626665006849606243122253
-1.73995617124585577606410424778005
-1.03580781508107433452892109926324
0.54054912038904490145796444267035
-0.85801663079494361330290530531784
0.75608370775657829376825702638598
-0.78738077697973940516362745256629
1.44488881909275845849549568811199
-0.53291761648660984640457627392607
W:
0.73869577180508361191613175833481
-0.44152164398389270871803091722541
1.26749220300451548304465632099891
1.77494603286120788965263272984885
0.35250756532980598301207919575972
-0.75722076311316444119370316911954
