mlp_weights
I:4
J:5
K:1
V:
-0.30134699911836965169342761328153
-1.67040748921620552103206591709750
1.29614731282848683058261940459488
2.03805508576634952788708687876351
0.74102161657234111302727797010448
2.87556347067912421167079628503416
1.15494998248954217068273919721832
-0.28298459750457005679180610968615
-1.88260216143361058804828189749969
-0.14088207997794011117065338112297
0.79995627300832328199220455644536
-1.01177983649423186562898990814574
-0.12511527749628875705312225363741
-1.52831520297482481574036228266777
-1.92282769959801957959655283048050
3.11594321092533821371262092725374
-0.27024591515437029753954334410082
1.03500390489569937813030264806002
-1.61745947162396963570074603921967
-0.12963601068972402385881537156820
-0.35769166129954110822097845812095
1.02973012775666750151515316247242
0.08068614236564811137419894748746
0.98499255672446950349296912463615
2.04207219193501465781537262955680
W:
0.67301226156591220650682316772873
0.48162867563809119708650996471988
-1.22036425051434305188990947499406
0.31068099303276902611870013970474
-1.07809823070174992665215540910140
-3.57632102735958978811936503916513
