mlp_weights
I:4
J:5
K:1
V:
2.55982230684875355919416506367270
0.84467655833409760468555305124028
0.61706057766512401041580915261875
0.91904004529178240368025853967993
-0.25695170807486367170469065968064
1.18162065627789725219543015555246
1.45785086711387901203806904959492
2.25831604338616731553202043869533
0.79626511854689885350211397962994
-0.10385587803069552814694276321461
-0.29980930731386684628958505527407
0.40398703140955510848542076018930
0.02819831114851628628414914601308
-0.94332574545079328487418024451472
1.17551556537611356922923278034432
-1.45688771815380380125759529619245
0.89621392079904715899374423315749
0.61998528721386980677721112442669
0.27074895015982231027962257030595
-0.01566829248382987233023655448960
-0.31211238602203644765253898185620
-1.81735489174219977392965574836126
-1.23617053690981237856760799331823
-0.34426444017180468648575697443448
0.90846827384517558900967060253606
W:
1.06158536659384949984996637795120
-0.31280140962945579552467734174570
0.99220861374520796793774479738204
-1.42128197901582797868513807770796
-0.65663149925674502149774980352959
0.68223959378497500694038535584696
