mlp_weights
I:4
J:5
K:1
V:
-1.02861701173732367209368021576665
-0.04123041085693912588538978525321
0.22923864984749667272900808256964
-0.06757242410791391984403730930353
-0.98229502476168106817056013824185
0.70550151463644417137999198530451
-0.04553882476496419473566135138753
-0.42879681151329401833649512809643
-1.08345865947605668466735551191960
-0.84429238995156463687408177065663
0.46895888735799207136523136796313
1.33050737717134959225973034335766
1.31925729686947845742395202250918
1.41226084841676691183920411276631
0.60710497343895508670641447679373
0.08901257044408200647112039405329
-0.04207874456453587763693491297090
-0.22977058836143521292072477990587
0.97234300797927242232532307752990
-2.50680747997899855405989910650533
0.06720096255810500962546427672351
-0.39869503503477737860194451968709
0.06149933126453545340073247871260
0.04601336225994129280891797861841
-0.88786621938139642651321992161684
W:
-4.03167222022458382468812487786636
-1.03499799928134361692855236469768
0.92000652386798753568086794984993
1.45277379041750132060428768454585
2.45755872251221774149598786607385
0.29856788764382957701570830977289
