mlp_weights
I:4
J:5
K:1
V:
1.50652544025608237099334019148955
-0.72021611413387953692932796911919
-2.88332328761820333440368813171517
-0.42113984320099168146001034074288
0.67556995323757740301573448959971
-2.01081174411103003052403437322937
0.40707018045419685048358360290877
-1.87118832365773157810906468512258
-0.80237268761715763165653925170773
-0.14440407975384006444841133998125
-2.66788163493154550920394285640214
0.14187799207033474635508696337638
0.56009504210855132200208572612610
0.79770834928779066341775205728482
-1.13512676533408418677595363988075
1.33807680061177691754892293829471
-0.85690932632564087434445809776662
0.27463612958183303280890186215402
1.09347673753632390614143332641106
-0.64958648352652981206034610295319
0.20450064137527990126841359597165
-1.03415868284832490608948774024611
0.94480609339979881866611322038807
0.40657390983530006245416643650969
-1.25112097939377187039156069658929
W:
0.61688005064679307665187479869928
-1.54803942301160346595167993655195
-1.87992056784093763965870493848342
0.16646288648074220040129489461833
-0.28154348998228212463956765532203
-0.91921259689970180595253168576164
