mlp_weights
I:4
J:5
K:1
V:
-1.26892616194806095997194006486097
-0.74526722465228500968947855653823
-1.18928864499011477384726731543196
0.20284406549766592631200978757988
-0.43860948806801502986019158925046
-1.22337326434941839892189818783663
-0.43922940925304565507047982464428
0.17514919793861938313028758784640
1.53561161098107024081116378511069
0.73346085245480385772509634989547
0.28511323789553810748031992261531
-0.70825542904398486321326799952658
-1.36566214486008430384345047059469
1.17854041226143069209797431540210
0.68754034866741331466499786984059
-1.30979949194708389370589429745451
-0.21194225481091336082961618103582
-0.14045939675417207226360005734023
0.96284623136813496380170818156330
0.97005042758028792171387522103032
-2.54978561515573920459587498044129
1.06359609193376480895665281423135
1.07455002903659568858074635500088
0.99615727345288540561796253314242
0.86080573155877715407768846489489
W:
-1.54658694428612752957974407763686
-1.78930934524958340503530962450895
-0.58588477769154545526930633059237
-0.35938495729558872504583177942550
-0.09256100109718662372060293819231
0.97446304591320809240784228677512
