mlp_weights
I:4
J:5
K:1
V:
-0.45376253201474964216188823229459
-0.20678272480299061952813133302698
0.78543050401671488103261253854726
-0.41758705429708897760576746804873
0.68941935283862665340137709790724
1.53460421522239731650927296868758
0.37201740149468237595087316549325
-0.73112167027448859979443795964471
-0.03303965244939360834663943933265
-0.09026739494437630018097706852132
1.03046214287459769742838489037240
-2.31182787798241484722439054166898
1.52777671638180212454471984528936
-0.87384184432420597410384743852774
-2.84709605215321026605579390889034
-0.00157376588172866704873342769133
0.23732978447665159515977961746103
0.40786113882528324259268970308767
2.78945076474064768135008307581302
-0.22597639249831744101548736125551
-1.31375586117119658169372087286320
1.86408949306282134550372120429529
-2.18249636029888050003933130938094
1.95926437321844937322623536601895
-0.72808336001925388902833446991281
W:
-1.40852694918367427057148688618327
3.23040591412161992579399338865187
-1.60429185035325105879167040257016
0.91485449557111686580412879266078
0.14701450836705404201509850281582
0.92378744841144277977207366348011
