mlp_weights
I:4
J:5
K:1
V:
0.15185764752742211824987350610172
1.18924115738319247093102148937760
-1.40848483962222603693703604221810
0.54105842261069991838695614205790
-0.15123027430416907668231374373136
-1.17465382701276377375165793637279
-0.01299390721996131203841429169188
1.23838462469756538375520449335454
0.78292615466080561770212398187141
0.76254915112044430181015286507318
0.61175743320465214569736644989462
2.73260375391165855063491108012386
1.11920659728313709457836466754088
0.83415447962836208883885547038517
1.97528492072357653164260682387976
0.72973738570535928715798945631832
3.29633796691393765598832032992505
1.74089457591531937552531417168211
-1.74165454248486639698967337608337
0.43110176208682116083537039230578
-0.30878185305120975367998426008853
-1.47132374120676545636854370968649
-1.24788707547785659990324802492978
0.27982798998405072898876255749201
2.35556596513315330554405591101386
W:
-0.04261581022625744730181196473495
-2.46539357849160722935266676358879
-0.54370773957107831897417327127187
1.05393213027284793348314906324958
0.54331597183924096317042540249531
0.08316376253373497506871103723824
