mlp_weights
I:4
J:5
K:1
V:
0.75947820166278123821257395320572
-0.83941705435104396748613453382859
0.77782418554714816139039612608030
0.19157857915118975400403655839909
-0.18396592170668446541981211339589
0.03310688285817534742827561444756
-0.28472046066183676060745710856281
1.91222421802615261121616185846506
-0.93269623114818056563990467111580
-0.08769203383440403454240907876738
-0.10255712327805240058342661768620
-0.32411722926075497985820561552828
1.36075531903185886761775691411458
-1.20728369625339126969265635125339
-0.36812249090289939079667647092720
1.00922815804714471887848503683927
-1.20776291759399256875440187286586
-3.20014153809857671006966484128498
-0.29245821874170413456894834780542
0.11831430118741721735364791356915
-0.16624899349735972053920818325423
-1.38165194372277655432412757363636
1.04096658667733699132895708316937
1.41201658369293392425447564164642
-0.04592879389107001886216607999813
W:
-0.07631711741279365024404057749052
0.38163075745483837630800394435937
-1.59243971365609193746593064133776
-0.47813659665710561696982949797530
-0.83967570814064496076412069669459
0.25088679055328355627096925672959
