mlp_weights
I:4
J:5
K:1
V:
-0.09354567507742653220681461334607
0.66867920505785904961015830849647
-0.88051438531163217504627027665265
1.03216306360431286925916083418997
0.47740188273183870037996712198947
-1.44867869877309729531589255202562
0.04024356693602460649517027491129
-1.10879955659436224557623518194305
0.28737164267721349020234811177943
1.73179602466587256870411692943890
-0.25886897645162537662244517377985
0.97246668430857940990108545520343
-1.46068036558698688409663191123400
-0.34693797593813718860289441181521
1.76582316767928682033073073398555
1.57550566149638981983116536866874
-0.65979171370564360099564282791107
0.28784085663347869221695418673335
-1.46383879696058416541859514836688
-0.33501819163503532283954200465814
0.66098755102732054123038096804521
-0.21938860777757118736275288028992
0.48406006921615063465225148320314
0.86719065429016051194111014410737
0.22620479227593578985811006987205
W:
-0.92986291188745928693037967605051
-0.50350339704478852542735012320918
1.34695203401025298539650520979194
0.41612623671404869174494933758979
-0.20436032743301876801744754175161
-0.31167825141981109204891708941432
