mlp_weights
I:4
J:5
K:1
V:
-0.91565698039018184051229809483630
-0.12421226930506386321173550868480
-1.72852327502702429740111256251112
-0.19407990224957649694204064871883
-0.31089516386890686527877392109076
-1.44790732953609713185016971692676
-0.50691092952781036107268164414563
-0.07678101399695133610912023414130
2.02399895463861545508166273066308
-2.00643023965300271171940948988777
0.88537593629330402222876728046685
-0.31499230255927124222381507934188
1.43027429107632864102583880594466
-0.30394103076954570585854753517197
-1.67779399382221439118723083083751
1.18388516589354297892100476019550
1.16057213673874470849511908454588
1.27464898348799215987980915087974
-0.36613481135822018019965184976172
2.06031117240924865896545270516071
0.50657259412681776566955704765860
0.64241215024554887413898995873751
-0.35677909393352313927039176633116
-0.83344753985476960345124552986817
1.44996707952737291513756190397544
W:
-0.46680965860656065125056102260714
-0.36482902758593060976721744737006
0.64996714545466227619385790603701
0.24705793198656020304149194544152
0.78323181074001757551172886451241
-0.84860941625541097543816704273922
