mlp_weights
I:4
J:5
K:1
V:
-1.29666034685155429073688537755515
-1.78007277372011007976482233061688
-1.30448146896099115288336633966537
0.76620884750952356068154358581523
-0.09690849969748586978379734091504
0.95878333506921264994815601312439
-1.22400331381589078105776025040541
0.37488710901265870356624532178103
0.17165666970123383272550654510269
-1.54182048222674894510930698743323
1.41076371831219882224672801385168
0.56041537118835138553407659856020
0.59028676667727331128787682246184
-0.02315318004852578992469602781057
-0.07048494996544281410155718958777
1.35853213580296072748865299217869
1.48716088676058877382502032560296
-1.89050596127984427141655032755807
1.43561191409219901515825768001378
0.65914974981844998147550995781785
0.28912691530288964214534530583478
0.29321502396745807716982312740583
-0.52350143716961849982283183635445
1.22337842321529821631997947406489
-0.71459734532082019864418498400482
W:
-0.40984648502246062706788620744192
0.48932355556214585101670877520519
-0.83226920370044887853566706326092
-1.33449432419398461568960101431003
1.58117752685854706662382795911981
-1.16452858596425112835959225776605
