mlp_weights
I:4
J:5
K:1
V:
1.26271415640033857208379686198896
-0.23738641883816080646596446968033
-0.82389703571234451651150720863370
-0.29615969374817319170745122391963
-0.01216135464996596915465687516189
-0.70626184588260154662009426829172
2.73521099527838806864110665628687
2.53253143907232791676165106764529
-0.50623333256888369824366691318573
-1.44870431726714188336302413517842
-1.08739229780290114213414653931977
-0.10353715155168405348540261456947
1.55187747071849901914220026810654
0.68344456141008946836734594398877
-1.83490238564601826354305558197666
0.43613703946804005529003234187257
0.13764443215504362783008218684699
-0.23359469218604222984225771142519
-0.11619564802842610728994543478620
0.72160416100046864684713909809943
1.13902145379320129947586792695802
1.77461567092403127432476139802020
2.18281478260747929809326706163120
0.28596146669399097328678749363462
-1.16236662289823522442588910053018
W:
0.93754157165929785655578143632738
-0.73129471809857859998516005362035
-0.94011407343237085587617229975876
0.44716619723716344303454661712749
0.84113480647596516881492334505310
-0.16349543986935982653463383940107
