mlp_weights
I:4
J:5
K:1
V:
1.06160576289023844687164910283173
1.43208942647196368902484664431540
-1.20148421201323851725817348778946
-1.57214832586796582347687945002690
-2.50309920466091906376959741464816
0.13193539241575097387126902503951
0.06376029400290987581012558393923
-1.86920317096440768978027335833758
-0.12446521972348136009234309540261
0.50969601409731191132834737800295
1.37681209733416265450500759470742
-2.15574529667553171918825682951137
2.11502602943821438330473938549403
-0.58360430806895680078127952583600
-0.08253621359829085846193663655868
-0.82779179157630367047460140383919
-0.26397971369939815522442927431257
-0.40750254530294227617304159139167
0.81100856466964355018234300587210
0.14883574720812178804330017101165
0.48997146172338218450548197324679
-0.34926667849741915850003692867176
0.23373277188084776168075507030153
0.17251362535559011668340190226445
0.65641231771137442674302064915537
W:
1.52935599365879570932236219960032
0.37048655275375919071478847399703
0.34948732775955271279144653817639
-2.28053948625360192181688034906983
1.89796784470821355839120769815054
-0.29396650646511202076283097994747
