mlp_weights
I:4
J:5
K:1
V:
-0.60618189405360733967853548165294
0.91051940191589575412933754705591
-2.35877940661151797030470333993435
1.84432550681283324855996852420503
-1.92817362141351100746078373049386
-0.23159927339153318914810597561882
1.45877049923091561822730000130832
1.30839396944162000835376602481119
0.44539183893723288676369520544540
0.49687288072042179454257393445005
-0.96158777623861491079537699988578
-0.08751693382726877246113872388378
-1.87532731628701609949416706513148
-0.23239165194332342401217772476230
-0.24558225721498755378391365411517
-1.16794560747052744709151284041582
-1.60911970094806955344779453298543
0.65504301902912398514189362686011
1.08310779132067280805529208009830
0.83651935331016336050424797576852
-2.08108333363454134357084512885194
-0.45697412621304300817115517929778
-1.24629930916455422540423114696750
0.24621537562703599277824650926050
0.07140763652805982852900257285000
W:
-0.40853455438110697350850841758074
-0.80186226938140414688405144261196
-0.42701816778821932718557263797265
-0.71692835676121446919495383554022
-0.77118739281332471247054627383477
0.46267316014207160446147781840409
