mlp_weights
I:4
J:5
K:1
V:
-2.82744466356354129388250839838292
0.24649469110674934735349950187810
1.07351866840238963085596424207324
-1.52580981535280724159520104876719
0.63234326331125956244250119198114
0.02453152484432525801127944475866
0.06847904436145613171760260229348
1.45817287147463581220563355600461
-0.03712606805026897466293078764465
0.50299122924405104129164101323113
-1.21763165198947476142166124191135
-1.95314081169226994028065291786334
-0.55717069397502771987973346767831
0.13304943137313285372869131606421
1.19130173868636801692844073841115
-2.35650949170539902866039483342320
-0.99786232041890743360568194475491
-0.39174545776004188191166122123832
0.68843850113580373761834607648780
1.09725639311724698643502051709220
-1.79000023592011747730623483221279
-0.17704176056823725526889745651715
-0.16753522497724510076366755129129
-0.77955066503726366811122261424316
0.01114929213400621919871635867594
W:
-1.05417697447755220885312610334950
-0.71421077843667302165187038553995
-0.17924649904697295688116298606474
-0.98408487779840614351201111276168
-0.23795089308454542287307731385226
-0.69129767087954074877842458590749
