mlp_weights
I:4
J:5
K:1
V:
1.49399972488210419641063708695583
0.04334984121752033514596291752241
0.26225647942978563831317728727299
-0.76614938318813807782703406701330
0.44727390807953903983928967136308
0.89321173743800863498165654164040
-0.59606624599420321430898184189573
0.58144623366125769425849512117566
0.42214355997884961402277781417069
-1.45940385533158445419132931419881
-0.00685729592931620668405656715549
-0.30769762200451300504511209510383
0.71388312379278351382794198798365
-0.58047302759182284326300305110635
0.63186374113054111223419795351219
-0.86414559816686109527950065967161
-0.16948419022503682929148283164977
0.23579939867468843739395367720135
1.03651930784740042845726293307962
-2.51648670390493078841132046363782
-0.27602514699744196136066420876887
-1.81377254078075611509746067895321
0.54465654083304149146727013430791
-0.25175368118150426299806099450507
1.00766338392203369522803768632002
W:
0.19320212566589545222228707643808
1.47870601007675706028976492234506
-2.38203782112577977514433769101743
2.31049230198217658838188981462736
0.32562972664345679607578176728566
-0.43052588667167612790365183172980
