mlp_weights
I:4
J:5
K:1
V:
0.18898243692979718733049310230854
-1.75659992259632180555684044520603
3.47729967860674404889209654356819
0.12448723022117481884496470456725
-0.64985256987926975913438809584477
0.97524918142145577970580916371546
1.46534750057189122607326225988800
-1.31569060948697758028913540329086
-0.20663827737652165628112754802714
-0.08534110030502042865130363225035
-0.15437946484056716545119058991986
1.66502360014079919814378172304714
2.76338576300362692705903100431897
-2.58057653631047845266266449471004
1.54629666392226838844692338170717
-1.65783723525543980059637760859914
0.21240051116050823187819673876220
0.26653922727713602602861442392168
-0.79923678433270350929262804129394
0.91405123190997483728637007516227
-0.50675784080381303109419377506129
0.15045109165675979445708776438551
2.63628500066275650581815170880873
1.60018704361450603279592996841529
-0.17868832361467471003813045626885
W:
0.06905390658554555471937419497408
0.86947411724932854859559938631719
-0.52979819850579190632089421342243
-0.90453215657758156975631891327794
0.73918401738370476117268026428064
0.03265925588476002033866407714413
