mlp_weights
I:4
J:5
K:1
V:
0.18640717076267981910930870981247
0.49057351322048592390245858041453
2.50280642970726807661208113131579
1.94017792670544797495324473857181
-1.77132083736744205815227815037360
-1.80456214099176182052985950576840
-2.22300025999891603945002316322643
-0.85590581571379886760553290514508
0.15581571991600282056644743988727
-1.26509783584864887728826943202876
1.29968228860829992932224286050769
-0.07315116728686570091166885276834
0.33970979936555767420003348888713
-0.83141445488464316149190835858462
0.16743683949628901386219581581827
0.77936446651537694130240652157227
1.19325337621827354261938580748392
-0.09645869212064554776286939841157
0.26827176695129451022836519769044
0.03093906752142616331524571648970
-0.74930153936157828375996814429527
0.80967320182812563267304994951701
0.28504554482633376322198159869004
0.23748185171243008095842697002809
0.74369380988988109670856374577852
W:
0.06103841491765401444657967999774
-1.03984050023060436984678744920529
2.06532038617999669227742742805276
-1.51970511506874350615703406219836
1.34071496489111385841397350304760
0.03052694954258339948838241184603
