mlp_weights
I:4
J:5
K:1
V:
-1.45561164317840163739958825317444
-1.72961264683703430655725696851732
-1.42219925293801652266267865343252
1.24607579252981115480736207246082
-0.11606673133768495576045864936532
0.27488557924129791709688674927747
1.73616092402334176725275938224513
-0.23925724244542781460332037113403
-0.44260385557082626561964389111381
-0.86361454647287139163580604872550
-0.25589592181056969311114812626329
-1.27127423223713797995060303946957
1.65343045908517538578053063247353
0.82406936231632410549963196899625
-0.14415547701100930866324745238671
1.93266020692223539079179772670614
-0.15109393322613953736244241099484
-1.01776747694570812718950492126169
-0.27724175930371219855885556171415
1.68805055641694257140272839023964
1.72456319408030944728693611978088
1.16957722712035727674617646698607
0.63611839092476485379989981083781
0.49806563735146403004705462080892
-0.45373027964284406987616193873691
W:
-1.04811212567612943580286355427234
-1.43749336279638484370480000507087
0.69659760870441034263933488546172
1.22173208454627091334998567617731
1.50019065294118880693474693543976
-0.80965203853215783613705980314990
