mlp_weights
I:4
J:5
K:1
V:
1.24221541377411637263605825864943
1.42386287921952781054812930960907
0.15179983289114684641418762112153
-2.72064187061417994684120458259713
-0.16067305856959257504001925553894
0.96381078334832204213000750314677
-0.68481473326729347395058766778675
-0.72610990312184620076862984205945
-0.96283614093343239392908117224579
-1.46277140083947365667427220614627
0.46543078630844902932039985898882
0.59592875064104666726905179530149
2.44974179065308250713428606104571
0.42080591776030262796126635294058
0.79204505835937211166708493692568
-0.56113296031790926843285660652327
-3.10264313905484456768135714810342
-0.05374291681263373976484842842183
0.40626436825733247548697590900701
-2.09321590960479264609261917939875
-1.56348358281532817670722579350695
-1.56963822219515325429028962389566
0.01839061827809121418830784477905
-0.39956662574073187332857060027891
2.30204656443506561203093951917253
W:
-0.69129174504091983610720717479126
-0.93663865913840504973109091224615
-0.81796851212817445198055565924733
-0.45049965393148450054638942674501
-1.17400628133139428577180751744891
0.41292925935224977784798738866812
