mlp_weights
I:4
J:5
K:1
V:
-0.18461774423436930203656913818122
-0.87981457822700503967894292145502
-0.66051529372763362335518877443974
0.23981407766793830238505336183152
-1.07681558828154555484957199951168
-1.29642482967091043910556891205488
-0.02107715858284522902899027485546
2.35267627095070652742947459046263
0.20176222540417568240833645631938
0.53568847442832201455331642137025
-0.09103312973861021895061185205122
-0.19954337400637767174771397549193
1.61358357586055545240810715768021
1.12025083762643928864122244704049
0.62152375537478332656604607109330
1.85005846199989609779379406973021
-0.07962802711222533025292591446487
-0.91760690801153199647188785093022
-1.43355692895143382870060122513678
1.19586716158548211907941549725365
0.25546698175053522694710750329250
0.14380310381490424287420637483592
0.99932388911121405872250988977612
1.00307184187835174427050333179068
-0.44816487752372935471356640846352
W:
-1.45246487007192892626505908992840
-1.91923711844720701336086676747072
0.71345781959678267192259681905853
0.02328400008247727415167105391447
0.65583639044413488683460400352487
-0.36986727340301411848244583779888
