mlp_weights
I:4
J:5
K:1
V:
1.19635074202514157803989292006008
0.19905657422205091933165022055618
1.89782146410606289421707515430171
2.97305605725161425922919988806825
-1.09333243595188323027400656428654
-0.91282379945188341086037553395727
-1.72326663246907774151850389898755
-0.04989186821822288314676185905228
-0.02940686630889403907485046829606
-0.44560850736075463540686314445338
-0.79810311859024196667888872980257
0.57167706316673383426518739724997
-1.85935643355236313034595241333591
0.09964477744610435172578633000740
0.02804279509281437654522051161621
-0.13729726670498199059267108168569
-1.32255267979513546627856612758478
1.00295055782906383790020754531724
0.51320041329314225464486298733391
-2.39070645826773509057261435373221
0.63069662647344848505071013278211
-0.73211305163103546078673389274627
-3.12842654387402463456169243727345
-0.23847741748603720757238022542879
-0.01639802714823093698903733184125
W:
0.83266093972492194463796977288439
-0.23829684986215901587591758925555
-0.31393716309079727766473411065817
-0.40572019548186361026509416660701
0.38903160176296447403387901431415
-0.12987960342781657008259799113148
