mlp_weights
I:4
J:5
K:1
V:
-0.62711407456136525340184562082868
-1.72178018224479467690457568096463
0.79193311554036438515424833894940
-1.93932523390546651675947487092344
2.04686962898159974244549630384427
1.09182239396176838930330177390715
0.63055662068457885016670161348884
1.32255765550798320973058253002819
-1.96538347509674182767014372075209
0.21703007000575463836256062677421
0.19012153937040943141312254738295
-1.03619934689522819049045665451558
0.00610076777583231505408534189883
0.36795533136948765928764260024764
0.23680623340443041069391938435729
1.07700840988327328773266344796866
0.36526539149921871674209228331165
0.53175187762532760693545696994988
-1.85409836684406426066118456219556
1.65875148148463646968764351186110
0.48842135594604807469210072667920
0.91088195012966510777374651297578
-1.16771420059767172539011426124489
-0.40345894027725481834067977615632
-1.17146359502688879317133796575945
W:
-1.52693194583442237721726542076794
0.67293804901909726190467608830659
1.29854647737607775681567545689177
2.09251442904598849992225950700231
0.29730390319164889945113827707246
-0.26130970188403279674815848920844
