mlp_weights
I:4
J:5
K:1
V:
4.27944339687229025059878040337935
0.44488943319787471741832973748387
0.50215632337605187185403110561310
-0.57168046713421749593919685139554
1.20011362094845130954468004347291
0.15108245456656096972203329187323
-0.86019461591466539474026831157971
-0.16100645241452027356388043699553
-1.15009604762197525928968389052898
-0.10110973932812128417424446524819
1.74299270668890282642848887917353
-0.00238351622049529088265273912839
-0.89032033606033822437098024238367
-0.40934305289507039171681412881298
0.76246066375817500571088203287218
-0.08996404789781280164628896045542
1.12330324008501136745508119929582
-0.99503599946581999802219797857106
-1.90857391050242863883568134042434
-0.34721043478952995364750222506700
-1.17000158467866621769815083098365
2.25438346518842935850557296362240
0.20940593471272891945567096172454
0.41796455871025273154373280704021
-0.16169942233955081345442295059911
W:
-0.35163895816216661494024720013840
0.37316339325712266639101244436461
3.48173759263795368212868197588250
1.92261451782949754907292572170263
-1.39936211300370372256907103292178
0.00236556400327546378914433944374
