mlp_weights
I:4
J:5
K:1
V:
-2.45810740271661787303969504137058
0.72668542260752577721660827592132
-0.25764986008448753640465156422579
-0.26352151918461791391123938410601
-0.78564235047371533404714227799559
1.06577384156829380046360711276066
-0.29784786336986124322123714591726
-0.80960525136866379192213116766652
-1.00670007028078045685504093853524
0.25591838373746822465903960619471
0.88079773701173247335560745341354
-1.51281012832037542459318046894623
-0.75118137542454133104286029265495
0.52463568172776964271264432682074
0.30285654252211524628535244119121
-0.93463735072287634775278775123297
-0.77187848582645046668915256304899
0.34754395000845605956385497847805
0.88886325857470793732062475100975
0.62739480785612755653346539475024
-2.65818848685869513204238501202781
-0.36907541238661117910524467333744
-0.08238903240858540255597830537226
0.53598400444410909670978071517311
0.18155535988624088572507275785028
W:
-1.59552481071076801555363999796100
0.52930487527333425212816564453533
0.72209962492776480491585289200884
-0.39658674732461995926513509402866
-1.86517464474276017938336735824123
0.15642036161516539860549812601676
