mlp_weights
I:4
J:5
K:1
V:
-1.93801096360677083119128383259522
0.28908713092137616751386985924910
0.46566563602468491467334388289601
-0.78032468123185283470633066826849
0.81702332570536961853235879971180
-1.05392049690185962695920807163930
1.43485411009034535823047917801887
-0.50271312847670157619717201669118
1.15330003000945091606865844369167
-1.14330295094487333074084745021537
-0.31316496648945391090279599666246
-0.13436606933785366635447644512169
0.77704240214199216119084212550661
-0.63028288206127369708298147088499
-0.10171241609788969628702659520059
1.96627988892681515586957630148390
-0.09839146765930521787435480973727
0.16753973304919134168500249870704
0.88952235643269905729368929314660
-0.05490989653369812012462247707845
-2.98992382286357649689989557373337
1.50985151305183928904796175629599
-1.65649765270668525296571260696510
-0.04075645834774336423445006971633
0.00305591021090631520529257159069
W:
0.84810478396434196834974272860563
1.91410268811406569788857723324327
-0.21302508418017437885616516268783
-0.89333042651961658275894251346472
-0.78154461158172550128142574976664
0.31514963257604566848613103502430
