mlp_weights
I:4
J:5
K:1
V:
-0.27258497600315334530307609384181
-0.67630951641027103882208848517621
3.14451471163660922769622629857622
2.99411614694405603387394876335748
1.64596689810133467446462418593001
0.67717822027302543297366810293170
1.03064364359057991649137875356246
-0.44582169537607380105370680212218
0.92689931839208450359279822805547
-0.32358818039540027111655717817484
2.35683158244271107051304170454387
-1.07305909612715377754454948444618
1.52765256018429673723346695624059
0.72374496878334193539217267243657
2.37403570508505890046535569126718
0.64613780956037158986760005063843
1.09493576441377538088772780611180
-0.85359003414243295182473048043903
-3.46902414755605503771107578359079
0.13683967264010224451631358988379
-1.67501898990262554356434065994108
-0.88291524811669086503229664231185
-0.14872560588804437098353616875102
0.59778152701055997653156737214886
1.25277931474500436870300745795248
W:
-0.34761559261386659747117278129735
1.05657596450948698674210390890948
1.75015854775612078597646359412465
-1.00747356830435785823851801978890
-1.07368881847672503759838491532719
-0.37028294115430199218153006768262
