mlp_weights
I:4
J:5
K:1
V:
0.00014047924738622152851519331307
0.49754423501802202967070343220257
-1.84824842198362571110692442744039
0.68590345998312984843181538963108
-2.27545265121699857857606730249245
-2.43734278061927289726895651256200
1.32169998951876133119753831124399
-1.47532335474585574175421243126038
0.08427251419530362719356730849540
0.96816276656116873056134863873012
0.77773777195598903233531018486246
-0.06878937387154912541653573043732
0.62528135406427365339254720311146
1.52772341813142209510090196999954
-0.56613829984887320545539068916696
-0.92186425175797359621299165155506
-2.30819417255873515770758785947692
2.52863652966345586747820561868139
0.07127234509731941725085846428556
-0.67138998869957955406562177813612
-0.93766674201552902001566280887346
-0.61562388875426510281840819516219
-1.20485327939811259767566298251040
1.33861986387192155589787034841720
-1.74927873913483677981162145442795
W:
-0.04090129858545116930956808687370
-3.27649873469788266433511125796940
0.34896086971512718655219487118302
-1.11713507307228576692637034284417
-1.09802842677768142110039661929477
0.37480529932106187995799473355873
