mlp_weights
I:4
J:5
K:1
V:
0.06654529860484686976107582268014
-0.63999304008365598406271601561457
1.41511291173634434770178813778330
-0.73721968199098131258040211832849
1.45014412583572527282171904516872
-0.51352076417387260143243565835292
-1.50686201271246655863933483487926
0.70212207140920701586850327657885
-2.13820271565562780580194157664664
1.02824245233800271037694074038882
-0.39833920988128046491993927702424
-0.42270391668309381660861845375621
-1.79528284122158132696256416238612
-1.22173963150759856688409854541533
0.52068580997137803301200165151386
0.39569148943835141807312538730912
-1.51800167127935181632381045346847
-3.28127205351228790064510576485191
-0.74115045274946389497472409857437
0.16247870580223722214441295363940
-0.31504825780174883220752235502005
-0.61937444903416594144118789699860
0.46963868575587502940393846984080
0.02999036851847408646776216301078
1.50881821372446789375487696815981
W:
0.47039692868814447779257648107887
-0.35861272262586685322105495288270
-0.00643998935118994531023872696096
0.94796901076458373047728400706546
-2.43271805858903178432228742167354
0.44932127210509675840910404076567
