mlp_weights
I:4
J:5
K:1
V:
0.14852798889318774566703496020637
1.70796189518071872548432565963594
2.62773277524236581470518103742506
0.84264781279281153469895571106463
0.14818115689618843733299513587554
1.44161040524728512046692685544258
-2.53050293311421103936709187109955
-0.13646675684013154228324538053130
-0.26018809619604826854910584188474
-0.72825344814338655030638847165392
-0.33003805727654667023784895718563
-0.10990993222557479680467906746344
0.86694519739704567484750441508368
0.60305516719298957184491882799193
-0.13717780587226965915981224952702
-1.14793762829896239807681013189722
0.89874180183157004186966787528945
-1.57332423974423707413450301828561
0.14861553767314722440673335768224
-0.88161091670399727160400971115450
1.51020565289607122672066452651052
1.06644204001272324688898152089678
1.30195229767434694778671655512881
-2.25473679406113403089761959563475
0.27367435762390257547593819253962
W:
-0.53908560803168514841132719084271
-0.54125464339838602612076101650018
-0.46189015661951970947995960159460
-0.85831169123147810218199538212502
0.83853030430421593433010230000946
-0.04796434726221373429089211981591
