mlp_weights
I:4
J:5
K:1
V:
2.11102161697638956994182990456466
1.02281478700433270390135476191062
-1.28726281003874443165102547936840
0.24453555788628694722675049888494
-0.25395544767040734157603765197564
0.93939212915840597517558308027219
0.70303003681510911615504255678388
-1.98667337309392344479874736862257
0.90775999040946664386808606650447
0.12040912821383668862562643653291
-0.67352345916806699577250583388377
1.32992457477311498692529312393162
2.07305967081725350809051633405033
0.89440445925473976984676482970826
-0.00791225576656376383688495934621
1.61800645795303310592316847760230
-1.25597814941029084501167290000012
0.83961835791543404372561099080485
-0.24076580066197697527208276824240
0.44402143799864179918301942961989
-0.88649829483284925402131193550304
1.30119364108756196962701778829796
1.18652430451169044189896339958068
0.50371886677577837332364651956595
1.53294490399567617799903018749319
W:
1.29041911285216159832600624213228
2.04305007659283477394751571409870
1.25380636086240038196137902559713
0.88834055165655256836032549472293
0.32826239983727140137048650103679
0.13727905944726387366117137389665
