mlp_weights
I:4
J:5
K:1
V:
1.52276441162218567626496223965660
-0.52765900964463641198420873479336
0.63904346580834547886240670777624
0.24435942941753047152886324511201
-0.72282277021106411396544899616856
-1.08105851897761850999302168929717
0.53214278831835959415741399425315
0.03482932476489965234467405252872
-0.81952892187764270204297645250335
-1.17889170112396945988564311846858
1.29758216124891290199627746915212
-0.34230761043403012955366193637019
-0.12787451323757187404694946053496
-0.28724933896402754518462074884155
-0.41518562068076214632839082696592
-0.57168324590103958282583107575192
-2.11938815302766636605724670516793
0.31694783003983123537139476866287
0.50433740927932213526929672298138
0.15420526616283825038777877125540
0.23196023911160079666871070003253
-0.52934514707841651137698590900982
-0.95939249224938538684881450535613
-0.20871820170044269593390140471456
-2.04751901280267345484276120259892
W:
0.45996892612376905074000887907459
-1.17267382987675494732116021623369
0.96783629382672109464635923359310
-1.67171858641013737489799950708402
0.66589075737726544090833158406895
0.91908079285441623973440528061474
