mlp_weights
I:4
J:5
K:1
V:
-2.51178138376821902255642271484248
0.15544201668067339494605505478830
0.10051776455009908683990715871914
0.56559406259179356712962771780440
0.48192972778182791016021724317397
-1.05382954660753069831002903811168
-0.48943591418320919750328812369844
0.70622680069885102049909164634300
-0.51411793160184793283207227432285
-1.79411190305661349952970340382308
-1.58847367910010617286786782642594
0.26680601567367179249856690148590
-0.70753545037570475528809765819460
-2.32296217288323969540897451224737
0.31780519528934003670173069622251
-0.69764905499231832930462360309321
-0.05919970402326257818970134394476
0.44555867029558543501721601387544
1.91294384417110885365786998590920
1.20963359082217225548561145842541
-0.56258632332135705134135150728980
-2.09857023367435724381380168779287
-0.61441900127183213253800886377576
0.61748936306147739205840707654716
1.06903453730247921527052312740125
W:
-0.99645734936147378757453907383024
-0.67579943870731185029399057384580
-1.57684242099286109350941842421889
0.72116504915266410602470159574295
-1.43801863957242437308536864293274
-0.01813307101681679855964546277391
