mlp_weights
I:4
J:5
K:1
V:
-0.49693697359409433333965466772497
-0.92864362588243298812784587425995
0.49946477734276889526299214594474
-1.44579416912411540252492159197573
-0.02331338015731543311659379469347
-0.88342809818636003349467955558794
-0.43955257669620412253053132189962
0.70464269052275019245001885792590
1.45128798451539120506481594929937
-0.20967221038706812530350021006598
-1.13395824550271173691839976527262
-0.42685034644860808672461871537962
0.76785615370041304661441472489969
0.04324251976042271100597602639937
-1.55497612457440959055077200900996
-0.75791837586055255115979889524169
0.86497673322400814299726334866136
1.40690232761096711833204153663246
-1.74950803857597758650399555335753
0.22661881384892085256055338504666
0.45066200911635734271953879215289
1.01272926896842530020137473911745
-1.15957295182911535036396344366949
-0.18594668055049667909628396955668
0.63201709349348000888113574546878
W:
0.00798108753027670751734046206138
-0.14269369060386219438818500293564
0.46828599761351374919371437499649
-2.10244293191679165744290003203787
0.17049307351676945554430631091236
-0.10750051444535951850056676448730
