mlp_weights
I:4
J:5
K:1
V:
-0.08403904757358446331316770283593
-0.02559893639354576810873709291627
-0.45744886915269933336247731858748
1.65819742481891174712416159309214
-0.09674315750593878715513085353450
-0.19289467591881645502915887391282
0.52943650973143907556561771343695
-1.10940979531040051497825515980367
-0.17064126396292417231492777318635
0.36100999142407586006697783886921
-0.19306519577116876273947809750098
0.34180559089221507207412287243642
0.53497682272908597678195974367554
1.85394806409519885548320417001378
-1.30050663969083513116231642925413
-0.41299255397560530322920158141642
0.93526600863372166827502951491624
-1.46070987260921114625489281024784
-0.63071868099685979291990634010290
0.36805875242451835394064119100221
0.16730167296205991633861742684530
0.01737482098429563026620314758475
-1.17645190197404669874003957374953
-1.89853978117805488601277374982601
-2.80346595717806756908885290613398
W:
-2.17458616651091896088132671138737
1.34555882446886831971255560347345
0.47034164336823830465661444577563
-0.15906144253681209210782299123821
0.09450295151713805630322440265445
2.70976784732879494299595535267144
