mlp_weights
I:4
J:5
K:1
V:
-1.69894690152990102127716909308219
0.58795326805400982550509070279077
2.44028062426717351485194740234874
-0.94415739781235819005900111733354
-0.56688346675036904720457187067950
-1.38103640769606705873684404650703
-1.29434861835924408524078899063170
-0.37042438252822873501202138868393
-1.32629331062345001690516710368684
-0.76065309507706313496555594610982
-1.36941623656564459565743163693696
2.07288140821374389233255897124764
-2.18581751151681480394017853541300
1.04884053566636747945040042395703
0.09984738022796081635679144028472
1.44707411985923917185914433503058
1.45978149211871222057368413516087
-0.53133271541617244082544857519679
-0.68690521356686551346371061299578
0.40793313713825979371918606375402
1.49008126339856206143963390786666
0.44464035684034930451247191740549
1.90078689402863809654320448316867
0.80022626195950352645525072148303
-0.43207361900102381202515289260191
W:
-2.23456864315639114337841419910546
-0.13319017172838085172337230233097
-2.43840014462678889017865913046990
2.79596470750280801098597294185311
0.69246921836835917396513195853913
0.65079505154899819352465328847757
