mlp_weights
I:4
J:5
K:1
V:
-0.18289021440827160636111159419670
0.58863191432468231489849586068885
-1.61116799664804011271712624875363
-0.21218099610990204251237400967511
1.72089641560061989977725716016721
-1.27845997995312266048983929067617
-0.42067167474991717934784674071125
-0.00959802756157680792004072145573
-0.02174898470058660160386665438637
0.11467451490756117027380867057218
0.43493825917233569500197631896299
0.43282364144462859290030110059888
-0.19526430635635480537182218085945
-2.35419342276831544680248953227419
-0.19273561847210401998253814781492
0.03354293166731990571971522285821
-2.33458954886999237032796372659504
-0.55457383104807023155302658778965
-0.52355556412590609216550774362986
0.89323850372544422171472433547024
-0.03683365918839591468536553975355
0.13805458596076328192658877469512
0.55808113101443512782395828253357
0.93224497108858728200431187360664
-0.27952946929581390378416472231038
W:
1.13978191835202968817952751123812
-1.63104558530234622359955665160669
0.83717245080558633230083387388731
0.45931809440485488194028107500344
-0.07759134591162750171911000052205
-0.64496529460720108950511075818213
