mlp_weights
I:4
J:5
K:1
V:
-0.90674816235570698808032830129378
-0.38793340899780492936343989640591
1.91949630129111792342655462562107
0.15191771401585205114592724839895
1.01674524429125923141725706955185
0.80925385548405903701763008939452
-0.29899497432027410948052192907198
0.27101205063357403091117703297641
-0.48276136329553659409796750878741
-1.75278608853903428155263100052252
2.45435711919543120274056491325609
0.62113224208472628262711623392534
0.45669867081055265378708440948685
-0.38728906793720208057152376568411
0.74471815984873335203531041770475
-0.78598923103397444478446232096758
2.77225467639557932031380005355459
0.26051227921286107536147369501123
1.08143610946440871245499693031888
1.22579024663761870783673657570034
-0.90693068716623437275359265186125
1.68972087666540948802662569505628
0.54447624124955285029869855861762
-0.83930726620995510511846759982291
0.17181118468456563208590637259476
W:
1.05619108795806493361624234239571
1.65455740787805605229721095383866
1.94561677148265510517433085624361
-0.23090823489053730055431401524402
0.72391128417681727125199131478439
-0.11841481333839137812802277949231
