mlp_weights
I:4
J:5
K:1
V:
0.60860175269978233902889996898011
-0.43818013323630577993128554226132
-0.91876430872297243368507224658970
0.65731714274971941858183299700613
0.33500415859490523251551508110424
1.95153205815264918498996848938987
0.84866289294040775370575602210010
-0.58740983753326792005111656180816
-0.84399500649223102577423105685739
1.05019479083626943172191658959491
0.95630454040198298315544889192097
2.20926271452909173120815466972999
1.45486926603591504303381043428089
1.83263324592516818611898088420276
-0.48918061811523100290699517245230
1.54200671071156936164925355114974
0.43909676872372033207270192178839
0.04088288826252230862001724176480
-1.71614377418941876918268008012092
-0.38472053682263918084061060653767
-0.77383802405892021525346535781864
-0.68426564046720284029134973025066
1.63815493361371844471818803867791
-0.87940707684676611144425351085374
0.59447275618388528695135164525709
W:
1.54603572820626444794811504834797
0.47831933296009765399503521621227
0.83123972161492942767324620945146
1.96701750883430359628789574344410
0.33853267700575651044658798127784
-0.84572244135823615440727962777601
