mlp_weights
I:4
J:5
K:1
V:
1.62085871357154553962232057529036
-0.71963232075795802167306192131946
1.11889995648243689707612702477491
-1.16081759033325515595436172588961
0.39426739748369765692359578679316
0.98048626619891532385508980951272
-0.39561145116468815485788468322426
0.45328862965978550247925227267842
-2.18181973722583988362089257861953
-2.30486728598771506426601263228804
-2.39454187335113743984038592316210
-0.38023826714587272146417262774776
0.99258536275872932819197558274027
0.39482552502481138567702600994380
-0.03666330118519295355739018305030
1.93900308904186879921383024338866
1.90632209602171998064079616597155
-1.73517190711368884947773949534167
-1.42177160767140131625296817219350
0.59044859735601162853413370612543
-0.02884396911540357266723333395930
-3.10253436995712927881641007843427
0.07910375711264094888974796049297
-1.98257587841748783574757908354513
-0.91489978416604655908628274119110
W:
-0.28246851131560174463785983789421
-0.35500312432715019905771214325796
-1.99576801983619556146720697142882
0.58126918915261671649830077512888
0.82632278822644589233448186860187
0.64931855274056049509567856148351
