mlp_weights
I:4
J:5
K:1
V:
-1.56735286284647035159878214471973
0.44146320011014972273244438838447
-0.94645106190590022610109599554562
-2.33089250282439808259482560970355
0.19167324464982565812576353891927
1.72443086381447430177615842694649
-0.22939873583081321628540649726347
0.59693789505089278613070291612530
0.06545825084178247266208927612752
1.12321406749194196983410165557871
-1.11556875592096793603502646874404
0.64070838857433209945213548053289
-1.55407920593528148245354714163113
0.54437656755251473406076456740266
-1.34156459022654583890243884525262
-0.77496291121929949952118477085605
-0.77750383306658521487264579263865
0.45992837881624110130118765482621
0.44175730438241900266405082220444
0.52807345148920181721052813372808
-0.17772259561564746066508746480395
0.55066276192181762283439638849813
0.22888013945353063993692899202870
0.53457049471094852943764408337302
-0.94683555175425493377616703583044
W:
-1.01861915394667801315620181412669
0.08349130107518280830003476467027
-0.16128961759255477925734112432110
-0.55519737701080329461689188974560
-0.53167681122602494792062088890816
-0.70878241039069289630702996873879
