mlp_weights
I:4
J:5
K:1
V:
-0.98387785492477142224032604644890
0.05573331920299093300563697539474
-0.77258446840688621559678495032131
1.77856879467942752270914752443787
-0.52181422889601791759162097150693
-2.57761245236409664016719034407288
0.89661625842778480688366471440531
-0.55806266100670365304381448368076
-0.11013591977175626879237313460180
2.75695941645720221657711590523832
-0.80889067321719654302114577149041
1.05441823323764061193230645585572
1.29390760111515534802606453013141
1.66346341745861048266874604451004
-1.31545102161327731593587486713659
0.24306717052324633421278576861368
0.72734606511098665038161925622262
-0.76612788976165657750527770986082
0.42493021539532443986431076154986
1.38558365880371492373512865015073
0.39804638434711209216132488108997
-0.63386133894084828455106617184356
-0.05715409579459562738890099353739
0.89968423480764514454932623266359
-1.56031505225515854107243285397999
W:
-0.71210068054705999429643270559609
-1.26513254073273162525481438933639
0.41694619843715430285158163314918
1.40040923316608800774929477483965
0.85579574845472783373168113030260
1.21133985525180731812611156783532
