mlp_weights
I:4
J:5
K:1
V:
0.61131476909636495165045744215604
-0.21500737465659158775821424569585
1.33699463796913642354979856463615
0.51358356852070174980440242507029
0.25273712548049315218534616178658
-1.50327826930690244822130807733629
-0.34308486102401847261944567435421
-0.38571083929103594512000086069747
-1.49183771389688457631450546614360
0.73559427620908013345513154490618
-0.70208603094805532851552243300830
-1.75590007880172804810570141853532
1.08490123466966181808857072610408
1.01745334691659650161454919725657
0.47484371070214154153532604141219
1.35042680875357890002419480879325
-1.01372716617646152492682176671224
1.09260724501024641952540150668938
0.92789156659167282281686084388639
1.88590189152307807773922831984237
1.25230422218684367408059188164771
0.44808619471483585039450758813473
0.54532978103760543220346335147042
0.17226908110358582493226720089297
-0.90588684786849626995319795241812
W:
-0.75563126559734372644783206851571
-1.88521119045410046055621933192015
-3.11116784820997338556480826810002
0.81375014631331255010593395127216
0.57018514736902137229890286107548
-1.83579297540408048483584479981801
