mlp_weights
I:4
J:5
K:1
V:
-0.28629238967582959496382954966975
0.02446252650055032173970204212310
1.08775233265453730169269874750171
1.34012556673791749517477001063526
-0.12345520879761137655883374009136
0.07157843300054278490307524407399
0.30314291902232437525555042157066
-1.90963034799578945666098661604337
1.53184311244302340249134886107640
0.38473699343218159540924716566224
-0.34436477763690526154860549468140
0.43043408939005178837078346987255
0.01463873905715411261052594227294
0.45092860054963113114467887498904
0.17310619245668795729287126050622
-1.16600371512950484742532353266142
-0.44092399163862899813537410409481
-0.02467862419810051832769204338547
-2.83589136814384845663994383357931
-0.11237758547547822829404395861275
1.95044162957418443227197712985799
0.68553556083430566836511843575863
-1.04899380552499077445816055842442
1.91552621900786501640823189518414
-0.53572241722906732697140341770137
W:
-0.82324780555457166553168235623161
1.00928846400233096503029628365766
-1.43565792508179157493941602297127
-0.98386380370177095588957172367373
0.61736102757449340394657610886497
-0.93227590530530102252981805577292
