mlp_weights
I:4
J:5
K:1
V:
-0.02759122258785221687427124948044
0.70569389897495327090837236028165
0.76880977626009938674656041257549
-0.42116575758407504004310339951189
0.20921926254656630916883841564413
1.05365206366210473198918862181017
1.06320700259008638077773412078386
0.63443814089193817373768524703337
0.19880052682409837805366237262206
-1.26172415628977785395647970290156
0.70198890419314163846564724735799
0.77968766256644728152025436429540
1.81097648696684232483278265135596
0.53395241921430691700578563541058
0.60653405631129331254669523332268
-2.58476264656587284562760942208115
0.75330083995942898056341618939769
0.31992807963990843589385804079939
-0.52659372876517673844887212908361
-1.06157169656672856206114374799654
0.25609842973441526714495353189704
-0.10186435792394865629262312722858
1.20457266417960617843618820188567
-0.19251955832306874571990817912592
-1.59283140223160879500596820435021
W:
0.79930283528148582394834420483676
1.83383263711501931503278228774434
0.86650004530032986860277333107661
1.56299431856270421015153715416091
-1.21965541403171373602276617020834
-0.21312419497162635173559408485744
