mlp_weights
I:4
J:5
K:1
V:
0.60566708559128190625386878309655
1.28169579481248385732783390267286
-0.27028921233238933918840984915732
3.05931983103016547076435927010607
-0.85618750698406043131427622938645
-0.56196236943860489176927330845501
1.44262874558324716289803291147109
0.65933315747525644834325930787600
-0.79724800510102811212931328554987
0.09587083453434275259752439524163
0.40830377631882602829094253138464
-1.96496207286864010832516669324832
-0.34276095538599266054902159339690
0.84834174393015771009629588661483
-0.74423426069665121751484093692852
1.95124227954344409141640426241793
-0.52519350446228474371679340038099
-0.58456252607159875367415224900469
-1.20059033349672628077087210840546
0.68001940761798684853545182704693
-2.30552000854075611613325236248784
-0.80002238979578654820556948834565
-0.42931425223833791227079359487107
1.43200232011967565348697917215759
-0.10614708725418869894596696212830
W:
-0.57205815237456469901644595665857
1.09490693295777186122563762182835
0.34084603123825513160127798073518
0.23421385830865826260804851699504
-0.73854479485151824924571428709896
0.60584471135894168991598007778521
