mlp_weights
I:4
J:5
K:1
V:
1.53776396105336243813610508368583
-0.01358430720798584068198522345483
1.35595900873512764661654728115536
-0.72711128222784693342362061230233
1.83355099917052655200677691027522
-0.03113956294071049124561056942184
-2.27806714202262083901473488367628
0.04815672573477330908886528959556
-0.85886827539681509513513901765691
0.44907176125517989095925486253691
-1.61303514463467889683556677482557
-0.21130117167355402796324881364853
0.62128219615778623730051322127110
-1.49166795694320541976196636824170
1.25011957003145024458490297547542
0.26782664285879198562412284445600
0.97927618233751434484446463102358
1.38533302130921565087362523627235
-0.53923288330998153661255400947994
1.40391932090238991115427324984921
-1.54385665846234165776706959150033
-0.37719838302471275781613258004654
-0.97117976556445151370411394964322
1.03682467773753006490267125627724
0.87974170371586513095252257699030
W:
0.50614500718008259561031536577502
0.59064676618900802118616866209777
-2.31191043983244393089648838213179
-0.06986978270597626883287034615932
-1.00119667079345253668520854262169
0.44425011417195653384837328303547
