mlp_weights
I:4
J:5
K:1
V:
-1.92713900771596025052190270798746
0.59435021676427268744191678706557
1.60095795638105986569144079112448
0.41644114905895618372611011182016
-0.01504138540357112530099215064183
-1.20234928013664266188698093174025
0.67591675633818459889567975551472
-1.47913391558966589300894156622235
-0.45687421488467899743923794630973
1.41491655690078266260911732388195
-1.23569385547129506619512540055439
0.14428751124434974206778292682429
1.39616697447862603276291793008568
-0.48913782965384361434146853753191
-0.17506429782688504026566533866571
-0.73089107385625884383273387356894
0.19500300113129659385080572064908
0.09203051677073914582649649673840
1.45098077184698759367620368720964
0.65275300483609988155819792154944
-1.05610111814793494744435520260595
-1.21238311971189882676469551370246
0.19810657062215986101705311739352
0.00679015672094110921130916125321
-0.33704585848931706282272102725983
W:
-2.94988559843541597871308113099076
0.96029449098626540326506528799655
-1.16917603764657673792726200190373
-1.17023727264463395236759879480815
-0.34414842674315443415977711083542
-0.51093835879811322353560854026000
