mlp_weights
I:4
J:5
K:1
V:
1.36908648509500796563997937482782
-0.49921151116310008566401279495039
-0.77185078736221335304890089901164
-0.81346902454329217402317908636178
0.48165565656164616159529145988927
1.29838455384290507588218588352902
-2.30150340398986807954884170612786
-2.57235175316275022083800649852492
-1.26780465773547623697936614917126
-0.80790092311339090080934965953929
-0.72779779797325794277185195824131
-1.17438158354805710636981075367657
-1.70009757110092585286054145399248
1.72583850069239397306830596789951
0.45787189480370216188021004199982
-0.46906084038254658441502442656201
0.02874981143819518164539417171000
0.91388877419274416880057287926320
0.34683793668704920865053509260179
0.53788270533445614596246286964742
0.70780212736007686036288077957579
-1.96358226509858191377588809700683
1.87357687531542183023702818900347
-0.49762265313416037537663783041353
3.37514655274787855887552723288536
W:
1.00211788287926140128547558560967
0.25074981654215877657776445630589
0.62070184047915599734324132441543
1.19257812458357848051093696994940
3.05190567344255780923845122742932
2.14790261481168798241014883387834
