mlp_weights
I:4
J:5
K:1
V:
1.80265762790068939658283397875493
-0.27603620793837546631976920252782
0.88200855763943364351575837645214
0.73577236514281108004098541641724
-1.00527449332933183079319405806018
1.43158682097410938638404331868514
-0.35320811774977151076271297824860
1.91643745346647254024219364509918
-0.67788254552945259590046589437407
-1.79009289807069293942731746938080
0.67227609084075257150914239900885
-0.29281095462259854045328211213928
0.63640144090905603757590824898216
0.70851466229656512307855109611410
0.67513297388311255264881083348882
-1.11565470886607109868293719046051
0.43887751216147008470613855024567
-0.39041206092598262911153028653644
-0.23163890975752304823842564474035
-0.54916104854100045162823562350241
-0.28783421252934404677148449991364
0.55717094347261919562441789821605
1.61536763806935801390807228017366
0.37719412382151562557197621572413
1.07874474080766513672813289304031
W:
0.94783454665723321230785813895636
0.92708264082926084004299127627746
-0.05967861380338376764420615927520
-0.19073214652833975213397366132995
0.39776318058776960473466033363366
0.84519572321401237324778321635677
