mlp_weights
I:4
J:5
K:1
V:
0.65488040951076509355033294923487
-0.28304305048819677903537694874103
0.24147568055919393925634608422115
0.08033060289722805669132554839962
0.10216957047447858264455078369792
-0.41612416297622545346968081503292
0.39344438338297971213819437252823
1.46995683458610826299661766825011
-0.57122299928465969376389921308146
0.50493480968795834140649958499125
-1.40341011610068866488632011169102
-0.16201845208768442252456054575305
-0.68912976688181826201429203138105
2.44183529561427370424553373595700
-0.43319495146473685487364946311573
-0.77105611258361539395167483235127
-1.25330428527663695348337569157593
0.07546545846362044673849567288926
0.74470961429857274183063964301255
0.25488413006934329541053330103750
-0.72937671790483371569990822536056
0.45070443297596252119063819918665
-1.74850977433773180358400622935733
-0.18109350894466419434891690798395
0.52304337202364081793604100312223
W:
0.25340133480395399256934751974768
-0.28768475781027286197755188368319
0.61237648808807221278982524381718
-0.76672170237240211410068013719865
0.66324143264596380209496828683768
0.39228039492970984136732681690773
