mlp_weights
I:4
J:5
K:1
V:
0.72370555952248627473721853675670
-0.60369295530897759682886771770427
0.58954354441331568992268330475781
-1.86174506917534365868505119578913
-1.44420344965799474223899778735358
1.33280009886973771493501317308983
0.03305296154080462206481527687174
-0.46267547179872831053515369603701
-1.23291652826442854617994271393400
0.01636168491187872664482938489527
1.63646823890887960217810359608848
0.57176145460406291309851667392650
-0.06736282384025912839398131382040
0.11945239998598777830807193822693
0.07842427985009318980313963720619
1.03144351533343181515078867960256
0.77405130230645968758551589417038
-0.81870121705656029309494670087588
-2.14162565904937496341631231189240
1.31132807588687350097700345941121
0.09335586624909501807234590842199
-0.13686879261605841562321472792974
0.40092087260732417464126342565578
0.40577067484724149704078399736318
-0.06539957715012281735944554839080
W:
1.29087908029752718164218094898388
-0.55633790953336637041815038173809
1.59612027471593198590937845438020
1.33892527350139500796899483248126
0.08216632245653043842281704201014
0.60079468203094854583667938641156
