mlp_weights
I:4
J:5
K:1
V:
0.09086263828671752029730868116530
-0.96794626244396442249495748910704
-1.24231149401528506714953437040094
-0.10055389666977038176653991286003
0.48836423173771170702650579187321
2.20700412027359416100580347119831
-0.88538561611871413603580549533945
0.39117580613661218080778780858964
0.10018927261362489677942733123928
0.16728983157986943020034686924191
-0.17785594575045554632808375572495
-0.10450376738652861208223043831822
-0.35088031039127604016059081004641
-1.11342625734985167795798588485923
-1.39236752059430579642196335043991
-2.46438934439720469526946544647217
-0.41363691122580958925425420602551
0.13470596304999218895126489314862
2.10097373093190942228147832793184
-0.28767042196748077165224799500720
-1.30519625382018245041138015949400
0.45408736347089234675067359603418
-0.28399549896967302142769540296285
0.30156217900226006678465751065232
-1.22914268260902947993429279449629
W:
1.51655085127683597612247012875741
0.51741122980572851197678119206103
-2.57385302638084079163149908708874
-2.28390885837309243200365926895756
0.96443360927126253745456097021815
-1.11667772573939561020495148113696
