mlp_weights
I:4
J:5
K:1
V:
-2.88798785198220819836478767683730
0.97857886390153536737557260494214
-1.17197428633147793242130774160614
-0.44132883807814815568804078793619
0.20384791706440913428011185715150
0.16309575543347060166965434291342
-1.90970716993230915647927758982405
2.07415257922418749814141847309656
0.88078112638368699638391490225331
0.28287368244666771799344928695064
-1.64717299013205975555251825426240
-0.77951666394735852350095228757709
0.06418307363687329736290365644891
-0.96223946748725885935726864772732
0.23728435272636383412958593908115
0.20156104449202835726673299632239
1.65682668417261469429035969369579
-0.70425227241411447742791551718256
-0.54235331598400848829300002762466
1.63906614490587521082431976537919
-0.86442812014426784195109121355927
-0.23622756257084090436570988913445
-1.91954951145603480711088195675984
0.41763992302615021712242082685407
1.52137377703418774643751021358185
W:
-0.82605539946984596344492501884815
-0.64819570625956135501155586098321
-3.01465692020782061177897048764862
0.03484599883207731285672537069331
-1.69861484200947154832306296157185
0.78069300199002489293320650176611
