mlp_weights
I:4
J:5
K:1
V:
0.21416783589005244925473903094826
0.92969744500471895864990301561193
-0.23945199607207975911471464769420
-0.68043586661090837974796841081115
-1.23916786741268647453750872955425
0.80911957714947679853878526046174
1.32441410623397159973535508470377
-0.08258436126159926504719521744846
-0.82954206037740019219484111090424
-0.93902207595475628565395709301811
0.84593286519770050091437951778062
2.21375086903413231809167882602196
-2.75619950031319715932909275579732
1.47669301183794532406068356067408
1.24252242743406382530224618676584
-0.80273419320616956618152926239418
0.11159310533529695486087973677058
1.02084392272003343649089401878882
0.59896857414727877610971518151928
-0.70131486765356720880504326487426
3.65157173484919272965498748817481
0.56575181486184977774911430969951
0.31334793603289273766776545926405
-1.76389272868973123742364350619027
0.85442009288963649549231149649131
W:
-0.60475273423088660162960650268360
0.64879143062014776877077792960336
-0.18372415122622334782143127540621
-0.68454489764810522167692852235632
2.34244388008453086058580083772540
-0.98956233139195937109633405270870
