mlp_weights
I:4
J:5
K:1
V:
-0.54204788356448430075573696740321
0.67804623913126005341212021448882
0.93733724538668439230093554215273
0.96564331226434729771312959201168
0.86320584961058111073128884527250
0.22520055075359607377194492983108
2.87664056940426204889149630616885
-0.78155862249394791874124166497495
-0.94251346867509677718288685355219
1.58496477610427044524499251565430
-2.84520552441085916584029291698243
-1.04716267275353436261298156750854
0.75488452560720209483235976222204
1.43264124478940302331864131701877
-1.19237388278483913417460371420020
-0.50565215242016881003195294397301
0.18212054933750609908571505002328
0.17529006838275548729733088748617
0.51893822906714914822146056394558
-0.19250664984054821626813236434828
2.06796795639698105517823023546953
0.37726527494777317706109442951856
0.28647985346021614949663103288913
-0.01268832842062461718768417995307
-1.68358865971347548828873641468817
W:
-0.25213670072421096035597543050244
1.18452686488185965352215589518892
0.92225559770780707324888680886943
-2.98615656197195322718584975518752
1.78996931663520930655408847087529
0.58742299888216897851833664390142
