mlp_weights
I:4
J:5
K:1
V:
-0.00192572801751481059717718835600
1.14918971710748207826213729276787
0.72312624465828856390459122849279
-0.06816323231210351385467305362909
-0.73634600098773517196093507664045
0.82820834183414737683648354504840
1.14747625058426527822064144856995
3.37951878072007083630978740984574
1.52218915434847001932894272613339
1.14715770619141399500051647919463
2.06179110066331494621749698126223
0.11808529560492211918365512701712
-0.27198774663651348326709467073670
-1.89125214441897893102861871739151
-1.15104811219891267626280750846490
-1.34293957427104260204941965639591
-1.02022737282470243869170190009754
0.51694816919386699094474124649423
-0.74427687763533245668412519080448
0.93598769204529275178572333970806
0.71443962986646403212631639689789
0.98534045746016063471728330114274
-1.10240027029246689949104620609432
0.14369599650012016001099368622818
1.59828923942650669154375009384239
W:
-1.15506556668828230804990653268760
2.18343994964295129435072340129409
2.09133592106243648700569792708848
0.52627292014383386664633235341171
0.31201629801979369194242508456227
-0.52546850213158524667278470587917
