mlp_weights
I:4
J:5
K:1
V:
-2.78852910923674413012918193999212
0.15298835268539745513294292322826
-0.21809331615074431520717723742564
0.53716397127791459809031948680058
-0.55977085129122206019758323236601
1.46798394344183957826999176177196
-2.18401046076420302100018488999922
-1.33378381180187854937457814230584
0.87402697534092255171600527319242
-1.03958891642470652172391964995768
-1.18314709478537638531747688830364
-1.60676929156734105141879354050616
0.01175955706746262263706626072235
1.00703272303919200147959145397181
0.37980353621058798863074912333104
0.45171589444415916059227811274468
-2.14124316450242124787450848089065
4.86935291778192436140670906752348
-0.98457808612877317777645203022985
0.33352426809316154665552289770858
2.77294510206717914613250286492985
-1.00920253691065209267208047094755
-1.76318080462143056408308439131361
0.58820776447615052973105775890872
-0.77083036246000169455783179728314
W:
-0.93832885811475552628735385951586
0.34252016746350977260959780323901
-0.95096056322010757977380990269012
-0.69171872230995257169183787482325
0.50792728452669211325343212592998
0.34252894027962887957272641870077
