mlp_weights
I:4
J:5
K:1
V:
-2.49709122414341644358160010597203
-1.03832195724543252524085801269393
1.19300369789116422758468161191558
1.20286527369861206970824696327327
-1.53863545310184557379784564545844
0.16817252481367866989714343617379
-0.81342269519490084661583750857972
0.00110570090007242050056390780810
-1.01023657077342887689042072452139
-0.33015102234813387127587702707388
-0.00424819569740138291980002804848
1.20183045384894970908362665795721
0.41443295520832057476923182548489
2.20580210129381804051718063419685
-0.22607254182286198873619298410631
0.65878918945146047736471928146784
1.45796892034600844567648891825229
-1.96948233619125212534584079548949
-1.49259355408896920991423939995002
-0.00664449137046265944639422684759
0.69721299303212536102591911912896
-0.19528784703554538659808770262316
-2.07131969519565783954817561607342
1.07070317620115429413374386058422
0.06998289517909125900807509879087
W:
-1.45832035903586465508396941004321
0.86949445895848620491364044937654
0.52255280247516044944688928808318
0.79157901297489530190176765245269
0.92274516568722919629408352193423
0.96357979845389885031892163169687
