mlp_weights
I:4
J:5
K:1
V:
0.09694872904009654845935983757954
-0.89841385805619922155784706774284
-1.32328851290056936917949315102305
-0.58769804931558988769779716676567
-3.20620561192108688430835172766820
2.49665404625430120688633905956522
1.55568242534304612689766145194881
0.92775388238351719216723267891211
0.21963406428602932907168110432394
2.75267896411686097124515981704462
-1.10316658258580457818709419370862
1.85451605172944766763976076617837
-0.57920801865263193963784260631655
1.38587842961192375668133536237292
-0.97509354331877573507370016159257
0.72176497890619928377020642074058
2.54984187627389857766502245794982
-0.40361862305210505219577044044854
1.24101633884014406206119929265697
-1.28118631781057246143973316065967
1.75877769210603118743563300085953
-0.52434916638635598040707463951549
-0.20623718403327079284892420218966
-2.12735548566732379782706630066969
-0.40492262695088127033571367974218
W:
0.22182870948706578939635392089258
0.30755746202421413437733122009377
1.07132171258066732910663176880917
1.25531578240671426449637237965362
0.61132846397807194538387420834624
-0.06493623584915358959435138785921
