mlp_weights
I:4
J:5
K:1
V:
-1.74135605039145691108615210396238
3.50376205685355879282383284589741
-1.59461890403785155889693214703584
-0.21052017243540649404920372944616
-0.60548874030897170683829244808294
-0.97615322867461928879606603004504
1.45093621772754044485509439255111
1.07801277653421934132893511559814
-0.71046651965813512052960732034990
1.74452807719113955897682899376377
1.52100482957705929187852689210558
0.88757027950136024863070360879647
0.30868729382313442322072205570294
-1.60783229831776797169595738523640
-2.56823163175105362299177613749634
0.34694025058394051264087920571910
-1.52218143741711031680097221396863
0.81158487683205216001169901574031
-0.51611053659292682738168878131546
-0.94136350590820394579338881158037
1.15846085738427495570590508577880
-0.40374511517943773020178355181997
-0.96985424024341870818943789345212
-2.27313213920339496354472430539317
-1.41566687849985806124664122762624
W:
3.62423702834676708661731936444994
0.32824599671142684620406271278625
1.77960581889657110110647408873774
0.90315194279375088370898083667271
0.15062363305772780153191092722409
-2.35898981379191452489862967922818
