mlp_weights
I:4
J:5
K:1
V:
-0.58993412790793464672844947926933
0.53953940631777763670129388628993
-1.26187976745926122568164373660693
-0.30787336085178729216949022884364
-0.95035415847619253426614704949316
0.61941096301630904630286522660754
0.15207469012095856109034741621144
0.88596523455151954262731806011288
0.18547210248391371445464415046445
-0.71980222762630730048982741209329
-0.08369424382046744548269145980157
0.28144541036596032457239857649256
1.21449817611039723175281324074604
-0.80261997909944537976656420141808
0.54425972424206592314988029102096
0.99146923509213324976485637307633
-1.84725119128711390281694093573606
1.39351759206568215354593576194020
0.16074271115186783420725191717793
0.06589315176298236875762626141295
2.27936445423294653522816588520072
0.45142957392931704063698816753458
0.33210642924463307235072306866641
1.29732107492499526557594435871579
0.39645911059769656237250501362723
W:
-0.91625010335805889827298642558162
1.39892737392493771153567649889737
0.42768491082990661711349389406678
0.59861275918599887724269592581550
0.94615897679851290735797419984010
-0.61979171883721040359205289860256
