mlp_weights
I:4
J:5
K:1
V:
1.02327230405763547338438002043404
-1.68599021082905564661302832973888
-0.55653419339709220281520174467005
1.02090551954556119085282261949033
0.15274407229632200322377855172817
-0.86266831994356318880079470545752
0.56663870628988555200322707605665
-0.31021489906251897838984632471693
-1.83447206480199054290380900056334
0.44253247024364927852957407594658
-1.18440892871065428515464645897737
-2.52198833490439877635935772559606
-0.20241624545394590328761807995761
0.35104128156438008101503100988339
-1.03757270337876628119033739494625
-2.00781467606870389630557838245295
-0.21278070969538934176235045470094
0.08747065397993439295198925265140
-0.27600619109591861821684233291307
0.46646529127780639312206290014728
-0.92186569899099801705943946217303
0.26110322274606589942891332611907
1.25743253473717553347910325101111
-1.28340138434736283912229737325106
-0.47509046042700098233524386159843
W:
-0.21847122737921337298772073154396
0.06322967526618931966009284906249
-1.51539781792083583233932131406618
-3.35433205345889140502890768402722
0.07596868966035957848603743514104
0.23818976351434889560110264028481
