mlp_weights
I:4
J:5
K:1
V:
0.79634213555740307466379590550787
0.10686920717003059455585400883137
1.96042581135585658458353464084212
-0.69792447854644823479475235217251
-0.39510608189155826952543293373310
0.38356830784979162318748535653867
-1.19193041712903813333923608297482
-0.92334883464482553350194393715356
-0.54824209727815587100963057309855
-0.35078823237781231458853881122195
-2.75178879699401290892524230002891
-1.62439586461968654695908753637923
-2.42397996286304007185208320152014
-0.48269191618567575119413959328085
-1.02220380429891899431993351754500
0.24220022183619366318296783902042
0.53464526679425639077436471779947
-0.86126024502413134342759803985246
0.52766577345409892974004151255940
1.28237459749322657565073768637376
0.40097471287299807363169179552642
0.22154760609771900758957485777501
0.18276288581912505937232538144599
-0.48684011154586309677583244592824
1.90928128380799599916883835248882
W:
0.48924461757455534050009759994282
-1.04026161032428099417757039191201
-1.58139215871181537664824645617045
-1.09688280755889544515468969620997
-0.47697361212600419833052001195028
-0.53997545680970659986996906809509
