mlp_weights
I:4
J:5
K:1
V:
-1.66647727536263334791044599114684
-0.90205347915376354883676413010107
0.87442514716988750667070462441188
0.95179937730944808027544468131964
-1.29663556598453055812569800764322
0.01105882677387731716223129296850
0.25575136755830835122438315920590
0.93104309125748674347278210916556
-0.69834445663565047901499838189920
0.36071688782018901386905440631381
1.55123241535407774271959624456940
-1.31542508230273713643043720367132
0.01958349997622163551902474409872
0.42710173747691504431145403941628
-0.38465552493908344855455538890965
-0.99955518097099516072745473138639
-0.09246711968787768576305552414851
-4.10771362131444384147016535280272
0.57410683757036873320345193860703
2.40166728786465855094434118655045
0.19320524209397652026787284285092
0.91881708776388382187150227764505
1.23059203370835534840921354771126
1.35034612353734750911371520487592
-1.52430222938704829083178537985077
W:
-1.24305939551192112801913935982157
0.32765884092172725683411727004568
1.96861652490332117437787928793114
-0.09630422547256314858010739499150
0.23125658434196000312610408400360
0.27243135401584117616380353865679
