mlp_weights
I:4
J:5
K:1
V:
1.66092303521701123436571378988447
-0.12017133401422690208715238213699
0.45036960990198543486329185725481
-0.44618999863946479100818010010698
-1.14147857514385253629995986557333
-0.02405053031673472924145684714858
-1.19534570008006779673337405256461
0.53427545696676215225551231924328
-0.04683607191064531605206866515800
1.85126709353158047655085738369962
-0.64722343758494949028658993483987
-0.36838604508659145153615099843591
-0.50634254646505516550547554288642
-1.58854434513439146670066293154377
-0.38400772942184391300912693623104
0.58911900388822480145734061807161
0.49886417008824190943983012402896
0.39172017094900024591908049842459
-1.51298078889423481818710115476279
0.47567532748445068291331949694722
-0.77249019244397487682363134808838
-1.18499109523169465774117270484567
0.51062438469258664142103043559473
0.15260235730105689566649118660280
-1.46577628085049016526397736015497
W:
1.09156617431426927744553267984884
0.43405597890145086736879420641344
0.51007497121694456154727959074080
0.27997812989252190973843426036183
-0.55935599916547396048827067716047
0.30384047563468280506171481647471
