mlp_weights
I:4
J:5
K:1
V:
1.40025969037912023651415438507684
0.71889248234170821660882211290300
0.23321387289330683389998455368186
0.37113443858179495649096679699142
2.23247945791436919193984067533165
1.54275176350413323334009874088224
1.43348471940607491426078468066407
0.58951450938637184329138563043671
0.33749743892657385613276233016222
-1.57496148072143760110463972523576
-1.83856704305858542625173868145794
-0.00084415819221772547820137333474
-1.45786644064872739079419261543080
-0.09797392883507827221478692081291
-0.39891701183941735697757735579216
-0.62862088605596078139114979421720
1.05362687414962330478829244384542
0.87530568344650894196945500880247
-0.44054396463902184555294638812484
-0.32425316022552597150507835976896
0.72485156959407004428896925674053
-0.57383289559130123969055148336338
-0.55744015614873698716280614462448
-0.13949859280440435327363957185298
0.47142737169978410349813202628866
W:
-0.36257819105573924067797975112626
0.51768660049611003870495551382191
-1.47600280506023895377154531161068
1.16099653380947942515888371417532
0.99487635002100405223757206840673
0.51619826633094079149088884150842
