mlp_weights
I:4
J:5
K:1
V:
-1.25992921524681000811085596069461
-1.57785129906804399979591835290194
1.35650165190316740471132561651757
0.61111462873824162755909128463827
1.12508590308326450468712209840305
0.27019355623317009573725044901948
0.44888542677667842006883347494295
0.87518423267432976508928277326049
-1.89330273466562282180802867515013
0.79869489096871726374615718668792
0.51139219677637526295654879504582
-3.18345803622630585394404079124797
-0.45781415801206137849987953813979
-3.14962959621571370050219229597133
0.72828124556022744151562164915958
0.08144697596638947323377522025112
-0.74963354311854946132598342956044
-0.22334256647346481527982575698843
2.18409310833361924863993408507667
0.58205717834644599140148102378589
0.22207345138703241116395759036095
3.57756791196919499142836684768554
0.94601843305448196641549429841689
0.66362819823768937066432727078791
0.34536861293508624992654176821816
W:
-1.00568170429530923115635232534260
0.56519058376901332163555480292416
0.42726033565238080713655222098168
-0.35481418876322762256947385139938
-0.34533878389723698942859186900023
1.29477879151366903620612447411986
