mlp_weights
I:4
J:5
K:1
V:
0.28490107799254771325792034986080
0.32462863589605228664680680594756
-0.51023298092018920524282066253363
0.55238615120248202305930362854269
-0.77539367561996763722476089242264
-0.68957229631763150567991260686540
-0.19652100810502279304436967777292
0.91445673014795592070669272288796
-1.28892091800200914164520327176433
-0.33271056355041089824808864250372
-0.31055186604695400598430410354922
0.95772581719624538809654268334270
-0.38340398718571033764845878977212
-1.02529901017661240203437955642585
-0.71018795548456636890222171132336
-1.30538227647788152019359131372767
-0.38472347119210864585525655456877
0.25690587094995298578226083918707
-0.72092614160947365853360224718926
0.57267044266023769960582967541995
0.42824212934408734110292016339372
2.39904120480134297466179305047262
-1.18702759340843022606293288845336
1.04906645661408037817352578713326
2.24136843899315163497476532938890
W:
0.86642348055982698618038284621434
-0.92065056914949927602265233872458
-0.23047423852507348263074504757242
-0.34609611208171409124645379051799
-0.36331590955415093979752327868482
0.44947773025006587666041468764888
