mlp_weights
I:4
J:5
K:1
V:
-0.08969026112361844216280815089704
0.44249288852819579354047618835466
-1.08606517773544442029276524408488
0.92489052631090407086134064229554
1.01573352225457980146927638998022
-0.84770718950998757978965159054496
-0.90300405536182770660502683313098
-2.27313864133726895033760229125619
0.55439711069165542589587403199403
0.69675759042797091868948200499290
1.03822004555144742354855225130450
0.34172398369105161375358648001566
-1.30571252893218336943448321108008
-2.95162909002116835566198460583109
1.50514524726690579470300690445583
1.37266262188957233192354578932282
0.31877535906507070695425909434562
-0.99355100368295068413715398492059
-0.07113818943306401965109841967205
-0.62704787570775077920615103721502
0.52478650545844796049266278714640
0.69574472778818075013873567513656
-0.41626411836578275371678614646953
0.69519831379403185245280383242061
-0.50248373847354654841979026969057
W:
-0.28927666634004128853874249216460
-0.18569915013027682437751764155109
-0.90424459417011582296197502728319
1.78100637637736891605300115770660
0.45684354844431551700978388907970
1.04840648282217374642755203240085
