mlp_weights
I:4
J:5
K:1
V:
1.02795194112180210410656400199514
3.39019774454187805545757328218315
0.45610802797249072604302000399912
0.06295291536611850868876416598141
0.90755517572677602000652541391901
0.42618691316718154693532483179297
0.21994573752548224332414861237339
-1.67819803145452883796906462521292
-0.42015223337352636256980531470617
1.99057607212932285989381853141822
-0.51412077049074123014094084282988
-1.03724751656287206280637747113360
0.09529466905030899159800839015588
0.04622159849446139112671971815871
1.67661671435094783433328302635346
-1.74670622516062423734695130406180
-0.05806095949770517794519264498376
-1.30964372146420449105619354668306
0.52299554958447291852507987641729
0.55857444310056703073996686725877
-0.43517286957791506685211402327695
2.68186515841912198609975348517764
-0.46516405956988254866146803578886
-1.93702993299502734814154791820329
1.00940682990200780722034323844127
W:
1.78892318802071947914100746857002
3.02452639683626589572895682067610
1.85933113859115262123111733671976
0.49853168359306437862343841516122
1.79288179651488310817342153313803
-1.77721244425994484572584042325616
