mlp_weights
I:4
J:5
K:1
V:
-0.41091532274191905349525200108474
-0.02950304879363158105931574937131
0.04834039079108148895258523225493
-1.29075706559221581315455296135042
-0.72904569276294461932508284007781
-0.96195663651526186477269675378921
0.00747399514315579688306101502349
0.18363301996796954629331821706728
1.40850005973200453901483797380934
1.33431977957048886196389503311366
0.07364064905293123131091448385632
0.89494236774784874377530741185183
-0.40588904262962555158367194962921
-0.90690530813576142321608131169342
1.86624620099669957795640584663488
-2.08983495299167909564630463137291
-0.62502189418259468389749144989764
-1.12994988798749029790258191496832
-0.14789652215463264250949748657149
0.13954323657915312928423645644216
0.95378246261283983198353553234483
-0.46114199945800982138877088800655
0.10079420829507998447205352476885
-0.37358604030294628728370298631489
1.37852771343208280185876901668962
W:
0.29171342786717269213170311559225
-0.89278505308378064420082864671713
-0.69945202383999993678287410148187
-2.77919311253154743823756689380389
-0.08936136586235456091831252933844
-0.18341222387107608549072779169364
