mlp_weights
I:4
J:5
K:1
V:
0.26736217809654022614651580624923
-1.53541857034079165522655330278212
-1.21115895119832184256836171698524
-1.37032737441741603312550523696700
-0.07405728236695091615260366779694
1.81308001958957087929036333662225
1.27897767417977337167656060046284
-1.10241985101074191355507991829654
0.97649078501270270002976303658215
0.23340094408413741833285826032807
-0.81736095925570817488647890058928
-0.26080538735744784872849777457304
-1.69994455926208787310827119654277
1.16701615608075259800102685403544
-1.77483378204458919213948320248164
-1.20243791875794547863165462331381
-0.71994925020286204553343623047112
-1.18650087758921163327840986312367
-0.30299116743587711786389604640135
0.53449414954146745593277501029661
0.87665875325247100136039080098271
-0.32418013484440744154113644981408
-0.12608807929959303661959779674362
-1.06576487130656660795580137346406
-2.15887957017294063177814678056166
W:
0.41990448148064085653885513238492
0.79704073396789010264029684549314
0.16563766118608910793419397577964
-2.18199498412416037496086573810317
0.86201840604334445394840713561280
0.92227947023176559682156039343681
