mlp_weights
I:4
J:5
K:1
V:
2.23606934196957363170099597482476
-0.65605845888723701708755697836750
-1.01603025479279485132622085075127
-0.93342100947393547016872616950423
1.62202576431007061685818371188361
0.29550712700231035467979268105410
-0.13764459741889001342940446193097
0.06417105774204256984916128203622
-0.36965324061920240561462946971005
1.11786564332541349386929141473956
-1.69257265286072056120758588804165
0.26182377347594237848582565675315
-1.19109940825526128271860670793103
0.11073283903979078135471070254425
-1.26892303450538901365973742940696
0.68172001728610653881190728498041
0.19320662503281563204815540757409
0.47132017536057735362930998235242
0.88482585272159286482462903222768
-0.54313642948387030884305204381235
-0.99385713390864660610191094747279
-1.63779296626137593761995958629996
0.68272848739081759550373362799291
-0.76922157758442044617197552724974
-0.23442700468383131928717943992524
W:
1.16496485882991596128022138145752
-0.48119356995624662509669633436715
-1.42462800755511009853648829448503
0.99060587821084600257393049105303
-0.65494050207073728486761865497101
0.31662354179382212748805613955483
