mlp_weights
I:4
J:5
K:1
V:
1.44631082132404875650877329462674
-0.36247304852730677371397405295284
-1.68289288753928611974686191388173
1.37339253477372524869792869139928
0.46804814209865347462979912052106
1.38860185078594655649908418126870
0.01514093730743379731529252296696
1.03872430686592243098687049496220
2.01493419286545671909038901503664
-0.44844340511548441696731970296241
-0.23429702742763747203014190745307
-1.88176587727659438975535977078835
-0.52562259963712654187162343077944
-0.84424598929443539496730863902485
-0.45767791856698475383424806750554
0.08501214897184318497469490694129
1.53020050882368452427328975318233
-1.11030309889273604007087214995408
-0.32967576147570648581464070048241
-1.03857835668352760372101784014376
-0.83163786725823418688463561920798
0.77606732823399326992586111373384
-0.99546071543151437577279239121708
1.04956882671748497060093541222159
0.74148975962359542357660302513978
W:
1.00592727926536151805692043126328
1.11817790211454393123347017535707
-0.96344246941608746581664490804542
0.51302454268373176571316207628115
-0.22666506140173109384861049875326
0.12020740104899799161053408624866
