mlp_weights
I:4
J:5
K:1
V:
2.35738285584072304601477299001999
0.70516624121592275109549063927261
-0.85036643788671273380685988740879
-1.68247499432974989552747047127923
-0.51961687991667204755685816053301
-1.46238709489805507324433619942283
0.13308332922143381593649280603131
0.17012717487411099792637969585485
-1.15162461848286712395861286495347
-1.32596770110724282432101972517557
0.14041435031493221252674175048014
1.94964267139468505618538074486423
-0.78107156987028547590057314664591
-0.15967883478550801146234050520434
-0.14843349484482998290602040469821
-0.42654373703096337688833727952442
0.13994983840941424557691163954587
-0.48304571429412512806322865799302
-0.20639813936989781506525787335704
-0.58771462269349739049317804528982
0.00122804943620122286596085814381
0.21056422891205300862438321018999
0.64545687426647790907452417741297
0.62245534797039747676450360813760
-0.16335592845583044030455255324341
W:
0.26387938616532247149137901942595
-1.87640594762292822750282539345790
-0.18082704591969578356014380915440
-0.04551839498914131421081208372925
0.40103658104213252277858714478498
-1.52656461257932618558186277368804
