mlp_weights
I:4
J:5
K:1
V:
-0.87411576529879164709768701868597
0.68637602946974907158761425307603
0.27584215090076757981307764566736
-0.22719235244076468882568065055239
0.76784278929752403097808155507664
-0.07705826778333946247556696107495
-0.97107672109418263772795398836024
-0.34703259094591021316489332093624
-1.14664233196351683652380870626075
-1.67091743228447797697810983663658
0.91117777268964428305508818084490
0.58454131659742047943950638000388
0.90623132193425537384001700047520
-0.47839543157559749619878175508347
-0.99293385138094347741599676737678
-0.48169450429708704497500093566487
-1.34171103032056082682288433716167
-0.79742285247062638653403610078385
0.36927136208690003460475281826803
1.98081353914543223382338510418776
-0.53920696905492471184828673358425
0.66321551734097194952255449607037
0.77920236191364367073219909798354
-1.12304015751258123856359816272743
-0.21008108532207198093644251457590
W:
-0.14626408338809937514923831258784
-0.81830552982134552308934871689416
1.04454046070043804483873373101233
-0.98210611126436708762099669911549
-2.23421553684525653338255324342754
0.52324472195945137542594238766469
