mlp_weights
I:4
J:5
K:1
V:
2.57715769806265004859824330196716
-0.69836425085745235108447559468914
-1.34472990749244170061160730256233
0.89308825602643016061676917161094
0.61103693851019480476338685548399
-1.12644758923166588004960431135260
1.63943397673021284965955146617489
-0.81014822742636161123641613812651
0.02877097911333086066587583218279
-1.25424224681577700657442164811073
0.47011770548305409356260042841313
-0.75696093814424791901274147676304
-0.40203858648130419428667892134399
0.71845123429689716765267348819179
-2.67726221587533785850610001944005
-0.25168363440988616996918381119031
0.47041832294021485028068241263099
0.22824900344463666668204382403928
-1.90442922358914290548170811234741
1.40948106812157902822946198284626
1.23240661631425640898385154287098
0.43104598749333516982673586426245
-0.58440011856270523971090824488783
-0.01774337563403428907893299992793
-0.44787274460494846950453506906342
W:
1.54717616698299487154599773930386
0.15247157572185723872770779507846
1.36503876422977254989632456272375
0.63066724696988218923365820955951
0.41224253990150361293132164064446
1.30399826742671232082670940144453
