mlp_weights
I:4
J:5
K:1
V:
2.60623875080554645577990413585212
0.84284940192435375827528787340270
-1.30066104461089104837867580499733
-1.81034312571548916537267359672114
0.40005360806058759548520242788072
-0.04976422083501817750228468639762
-0.79650426863519230291643680175184
0.21201112254284187885744472623628
-1.51435519968908005594698806817178
-0.14746487787369091937428322580672
0.49434985778096690589578088292910
-1.01586392935462255238121542788576
-1.37619085257612283612616010941565
-0.53519855704676544405629101675004
-0.00280693967262850285759867574598
-0.89370576461439843463097076892154
0.19308664507078474037449211664352
0.55161660997035510956010284644435
2.98013177771389736747664755966980
-0.59805314584695912216716351395007
-1.63905095269193301632526527100708
-0.24208897072671914374453194795933
0.89807444184788731700308517247322
0.64659684077333245966201502596959
0.76298583049215429330303095412091
W:
1.88762453923680761924686066777213
1.27449073981246918663146061589941
-0.19078474331489375659387519590382
-1.62070077728178585374507747474127
-0.02865859501919011675941106886967
-1.23206042865789711093782443640521
