mlp_weights
I:4
J:5
K:1
V:
-0.16572442193659189801913100836828
-1.20906330384946381073518750781659
1.27106609668170955629307172785047
0.59024408664763394760655046411557
-0.21679804481714748387588542755111
2.30016376210670037139038868190255
0.84623171848301059760899534012424
-2.56566291563153558996646097511984
-1.10663787195437546273524276330136
-1.14924574562194603544185156351887
0.85488944004525913022973782062763
0.14466793698722554828428599194012
-2.16493872120736652320260873239022
-0.55876928297607797446744370972738
0.70285433929402796326968427820248
1.09707170052085078992831768118776
0.37895594708859065002926058696175
-0.27407918547716769719357898793533
0.58011866378305199098974753724178
2.18827465964348943927575419365894
-0.45782223435726604465756395256903
0.07485370186740478160025702436542
0.31075090884016243197862650049501
-0.57891837520419897611390069869231
0.63667200948630431334152035560692
W:
-1.15719065181880842452244451123988
1.04496608666852863755991620564600
1.33898436307634405295630131149665
0.96376822773008330447197522516944
-2.30136455301368902937042548728641
1.58310875958575913990955541521544
