mlp_weights
I:4
J:5
K:1
V:
0.74441348746572810757271554393810
-1.17910950384127621859420287364628
-1.70613417735846861766901838564081
0.24612527794990746166092776547885
-0.11186939465391065873234310856787
0.95512177078760307491478442898369
1.83948764217269533638443590461975
0.67888841526833265671569961341447
0.22905168878643492047508800624200
0.75065120858000966563849942758679
-1.48393843179972950707679046900012
0.51060728571189417657194553612499
-0.00708037700697153327134003575338
1.13937100360178411584399782441324
0.77959050449388866965705346956383
0.17865029776925481219684854750085
1.28975746013060943440109440416563
-1.68697849290076384853875879343832
0.93765316617766392148780596471624
0.00563997022570233985661047881877
0.80396624838029573378861414312269
-1.41458572088001455213657209242228
0.12729584537884694461773449347675
0.49885830434128253241254924432724
-0.41883921660520662122451085451758
W:
-0.50245778144167441148226771474583
-0.43512083670826073866777505827486
-1.85496280070249097704504492867272
0.33778747486787763509852311472059
0.30032628374055619913107761931315
1.24554030297661966208977446513018
