mlp_weights
I:4
J:5
K:1
V:
-0.16004864383149111639603745516069
-0.33032295213683016132932834807434
0.07765306495135443354271842508751
1.99972979046350518572694454633165
0.87130290652574549081776922321296
0.53842495665079481703685360116651
-1.54335678680929544448474644013913
-0.86064122074099447257111705766874
-2.26729515414138749207495493465103
-1.46929453970442835952781024388969
-0.98688337187300800845690673668287
0.71323146507888957046361610991880
0.48560459921527815430053465206583
1.04480668571840484837309759313939
0.35098204143646793973232433927478
-1.09740843456052794557820107002044
-0.10757007317895517228834023626405
-0.21537670636824385317353858226852
-1.02815216984467916461198910837993
0.73538634977922689994755955922301
1.48210296128596907827557060954859
0.06422467824100290545441538370142
-0.84543876506663562242493981102598
-0.80498034360022696631631333730184
1.85782709499544873565923808200750
W:
-1.46134651945263582817347014497500
-0.25991259381815567941487188363681
-0.36343747204083931556795050710207
-0.07201806287397749528622625803109
0.71729953790881040287530368004809
0.77384059195777188389087086761720
