mlp_weights
I:4
J:5
K:1
V:
-0.12751847639258498401382269094029
-0.25701718629279823868927223884384
0.01996688874766892191070510875761
-1.49803454179755424213738024263876
-0.93702359576775395844094873609720
0.80861202124221143172633219364798
0.47030747031982894634793979093956
1.75562991407102053642574901459739
-0.12420145081254183039298766288994
-0.25237681533007250145317357237218
0.74624171203651135098056101924158
-1.49633579977968045326974788622465
-0.08398056851126392552409072322916
0.29295980204169114191614653464057
0.52561140964511143813808757840889
1.29023298138913200538979708653642
1.03922730992853651343921228544787
-0.08716649469601660260575926031379
0.89303564415124458975014931638725
0.33110080564026878047201307708747
1.25624454482670566690671876131091
-2.46876955103793260803968223626725
1.70831238873745250295144160190830
0.21479081918496129022244645057071
-0.20399587707286120918936944690358
W:
0.09789927198829589949369278656377
1.05399803269619174450610898929881
1.05253487325230699056533012480941
1.50046128467530426320308833965100
-0.33510578935667667543896186543861
-0.61753700599360139555926707544131
