mlp_weights
I:4
J:5
K:1
V:
-1.07023834869089995436297613196075
-1.07905849352369198612677791970782
1.36884894480117269566221693821717
-0.47094055249969690724043402951793
-3.06527368230519359215691110875923
1.90456169048241186203540564747527
0.86629510062672077097545297874603
0.51073918987986632878062209783820
0.21785223274884990551925056934124
0.23383995863923917601923108122719
0.31407514634032157596621459560993
-1.29879883133531670580396166769788
0.87778414796453385626762155879987
-0.31160145753957591008287408840260
-0.84824196033066590061366696318146
-1.02512172442871674071795951022068
0.82035604232544434566420932242181
-0.31090765829782851525919795676600
-1.20780716176248437143669889337616
1.10744110479066137919801349198679
-0.25407363481535061300320421651122
0.08711280284693131981121894114040
-1.72843401201015378632064312114380
-0.56947286888580006536386690640938
-1.29597487221455009986925688281190
W:
-1.14620659486897813472694451775169
0.84940162965994936428160144714639
1.03910464286264758726474610739388
-1.01813396656745047685888039268320
0.65883258588703053071355952852173
1.30091304990723721779488641914213
