mlp_weights
I:4
J:5
K:1
V:
-0.63125265237147287766816816656501
-0.75196989310549222640389643856906
-0.59811652578248997169652056982159
1.14069869269296897407173219107790
0.85544643260544339646855860337382
-0.93074298481898654067379084153799
0.03853511704358410228099529604151
-0.67536127606654450250545096423593
-0.01023332362478707180386550135154
1.67081018816699189422081417433219
-0.62019976028021628344788496178808
0.11705228781375466573511090473403
2.25389027915439044136292068287730
1.24137837881292734110161291027907
-1.54178041666697440703615029633511
-1.63505112838532773444910617399728
-0.71878599277741883621928309366922
-0.46429666864266705417207958817016
0.29424460914355438090339589507494
-0.29566888827750081869538689716137
-1.04732528647283951173108107468579
-0.24155471393057362239353835775546
-0.81300164647326289557582867928431
-0.27823808811054884237989881512476
0.99455132424182857153738268607412
W:
0.33190592044477784661182795389323
-0.77320423686996764267576054407982
-0.77835608625021279749489622190595
0.57589344773146544653741329966579
-2.57544051415717589748055615928024
0.27017918863799406103964884096058
