mlp_weights
I:4
J:5
K:1
V:
-2.01316443725155380661817616783082
1.16232119324533322846093597036088
-2.36663548680858681905192497652024
-0.58247828368699761103499668024597
2.08431719049715136193867692782078
0.79279055278004717521866950846743
-0.50833652577908994274480392050464
1.33532329235354541019376028998522
-0.60990890534021824365140673762653
0.21355158138926383371014594558801
1.61888414963417215375329760718159
0.04576309816196734436832826986574
2.05427548658578018603293457999825
-0.95029799898334110785924622177845
-0.27075615583201617653230641735718
-1.21662393120752065911460704228375
-0.13702624333831986414011794295220
0.57923029865518393943801811474259
-1.36972032961980705323412621510215
-2.16765866021231756732845497026574
-1.03457865779506308356872068543453
1.07942475325594688939645493519492
-0.66812330709121914296133581956383
-0.34880514552016017582047879841411
-0.55607614984150832704301592457341
W:
0.05344700662544105140838723855268
-0.17494916704296650800110057843995
2.88433228894806381603643785638269
-0.30394678843522443534297394762689
0.65597421398179800444694365069154
0.77154113732486573340452196134720
