mlp_weights
I:4
J:5
K:1
V:
-0.49935271567927014269017149672436
1.35012837284294429096576095616911
-0.90262021957904847724307728640269
-0.38555320459593356297034461022122
2.50011365173069766143498782184906
-3.14970068175806217070089587650727
-0.72147714865156387098465984308859
-0.34144663717579060158158199556055
0.79010024112058008238790307586896
1.40093610649526278955079305887921
-1.26105794157096351426616820390336
-0.07669195888799981708494613030780
-0.36265364672625660658056290230888
0.14603757307925219199873367870168
0.25003014107195520310256142693106
-0.12199343796735434564126876466617
0.33267484401611469024828693363816
-1.26688146711842830605121434928151
-1.34172390907877936427894383086823
0.24746510787637335249122827462998
-1.36061980864123732715142978122458
1.14503265487127325883420780883171
-1.07390371560345809776038095151307
-1.33487626157469518872744629334193
1.80187016195592608625020147883333
W:
-0.79170812476514207389755028998479
-0.81312945288601179427701026725117
-0.60498267879668632396317207167158
0.51942639795067435670716804452240
-1.08321223359002827280050951230805
1.63103989741960453407898512523388
