mlp_weights
I:4
J:5
K:1
V:
2.40163892178657922826801041082945
-0.36821798214632206480700915562920
0.42114098104197050798092050172272
-0.88555544605269864710805904906010
0.75261459866783464445205709125730
1.87251806015181121445323242369341
-0.28585503783393961807490768478601
-1.06697224077900876260116547200596
2.00005739046541997083750175079331
-1.17725406788382036538109787215944
-0.29990902804642927126366203083307
2.06331436289887149015953582420480
1.81299336836330882150036813982297
-0.62215107394992785749820995988557
0.44462874156898340993748774963024
0.55133955162626335777531494386494
0.60275390131465356180484604919911
1.60429432484153511317970242089359
-1.72467081317323489564330429857364
-0.69049991304678048908982646025834
-0.38272471490028192597776524053188
0.44644855172805814058634155117034
-0.71171172300788876352584111373289
1.84924941436959344720492026681313
-0.54269153721493379460838468730799
W:
0.75788287644554330757529214679380
1.20500786770761392219242225110065
-0.73545699768309602539773095486453
1.13812996720112380444334121420979
-0.92858724224066391261800390566350
1.08871532605601117893456830643117
