mlp_weights
I:4
J:5
K:1
V:
1.16131168577607057912359778129030
0.17176950894744699716021330004878
-0.14043730777158042188901276858815
0.41476997643725127540292874073202
1.35970923509020824582194109098054
-2.10598533076369820449258440930862
-0.21134798032821988655882705643307
0.82985086460188739465593243949115
1.90095609232526152609921155089978
-0.31004312432759190132358639857557
2.43334143236081423822270153323188
-1.14878186781767732682624227891210
2.42500914002169665195651759859174
-0.15952901447911033150361959087604
2.18930815293818614719612014596350
-0.90825527527920124626348297169898
-0.39360581593811372336233489477308
0.49883417043491845577207755013660
3.07403486629035871402493285131641
1.24476705579279656177504875813611
1.79207703988694055929897785972571
-0.60092265816299206271366983855842
-0.32493818866268564526933460001601
0.22019715059868003037557571133220
-1.57802804928081963353747596556786
W:
0.25942492002518952043388367201260
-1.75399599697285446531225261423970
1.32033643829598990038221018039621
-0.72790619280848611882817067453288
0.74353657687715546398266042160685
-0.11584506689029414050473576480726
