mlp_weights
I:4
J:5
K:1
V:
2.09287250216544684633390716044232
-0.04365284747264425169177570751344
0.21110162617759514747106663890008
-0.27879155070358729862078916994506
-1.10129330433428385127569981705165
0.35095093123898046805209105514223
-0.77571931563105345208697372072493
-0.23934342272285200059478427192516
-0.12656321689408245312336021015653
1.47723157947133265643913091480499
-2.22743082047886398200375879241619
-0.43112664624306418215127223447780
0.85954890157316088394878761391737
-1.03874585152740284144101678975858
0.36070074842305538398434805458237
0.34652233606305765656330208912550
-0.67336375906388312717609778701444
-0.01769732779508596809403542238215
1.52227354175518603263128625258105
0.02054134581680697180239292265469
0.51418073918766415975056816023425
1.45404656904326978761332611611579
-0.41627159884545528178989570733393
-0.20891051615320807566256178233743
-2.19899559098346086827291401277762
W:
1.69262585591623171410446957452223
0.53211474124828517240359815332340
-0.83265767087153375047847703172010
-1.14478231310176759016883352160221
1.04138870392069260439882327773375
1.10750248740185619489295731909806
