mlp_weights
I:4
J:5
K:1
V:
-0.58396436634462967063541327661369
0.47060130761269280963432493081200
-0.11068574852164797528430995043891
0.42586741767053865048708871654526
0.76975256777198231006309470103588
2.13298851953591483976424569846131
1.03082027317629987273051028751070
0.12503312866724838881005155144521
1.18935751702486358638566343870480
0.28534760607522136055536066123750
0.28403875527061539507656107161893
-0.91011706093992683630489182178280
0.48314151304310437584632609286928
0.20552338771957001650747542953468
0.31715644674173015804541364559554
-1.47340752491951110236811928189127
0.04772190113712995729322585702903
0.61056747545699874279989671777003
-0.63474214744016899114598118103459
-0.27516080341998228053768116296851
1.22112490125127215456757312495029
-0.06473273011544602995037678283552
-1.26274708450289385730513913586037
2.24741594027535462885225570062175
2.13884023266201372948103198723402
W:
-0.66989697104157941431878953153500
-0.75331480444115606065480506003951
-1.82129415922325099685963323281612
0.81024624084204699414613060071133
0.10038664850889748858531191899601
-2.20261975710773993952784621797036
