mlp_weights
I:4
J:5
K:1
V:
-0.88580374114548743325059376729769
-1.88631349715636020825115792831639
-1.32020979480455125099069846328348
0.50017927679422335973669078157400
-0.31719223444599847772096268272435
0.29569984583652020315724939791835
-1.19922449801574360073175284924218
1.33679812897927408066323096136330
0.75810723528004642091104869905394
0.69169862159237682774914901528973
-0.45364055006797765479120698728366
-0.40995369619526533799813705627457
0.30057889988182334706223741704889
-0.07334763818283779324147531042399
0.37489102849120209404176762291172
-1.54808430322720491645327456353698
0.84512865643618939603953776895651
-0.03459629004548803871132989229409
0.65862186402235756155221224616980
0.30152978494397203457211276145244
1.96949880157278722769831347250147
-0.42977781732627273747482377075357
-1.68572988376922783260170035646297
-1.91025450724392920065497492032591
-1.67034063715934433247412016498856
W:
-1.78732967599639325229077257972676
0.67688724688682855301635754585732
-1.40211966882211336304919768735999
0.78839837656186950720638151324238
-0.61865078157040065409688622821704
-0.46673063290243510525812098421738
