mlp_weights
I:4
J:5
K:1
V:
1.41391495957249335724270622449694
0.68172453494166240783869170627440
0.89905759533866425048387327478849
0.69593539982013463696119970336440
-0.85648294290532067662979898159392
1.25458539947184810614544403506443
-0.35248957604074881988509559960221
0.16963605691663424801518544882128
1.03632447737774802121180073299911
-0.24734864783195123494330402991181
0.44214601991964097571496949967695
-1.50890308489338509367883034428814
-0.23635245450377934117724976204045
-1.75017517284770751651024056627648
0.13115313769586189884819305007113
0.51096769190713042796403442480369
-1.13102160903174575601326523610624
-1.08467168350155018785585525620263
0.02640027270126289737905977972332
-0.74865911086891767656226193139446
0.53852500183204488060084713652031
1.44693425872701753043259031983325
-1.22090154627482472271537972119404
-1.08531409772748066444592041079886
0.51364961792295515952133655446232
W:
0.80562443910496883692218261785456
0.33394772033795416810164624621393
1.46836172683079291267915778007591
0.26051059845257179548028148019512
-0.99555432040786784320118840696523
2.33563302241522396940354155958630
