mlp_weights
I:4
J:5
K:1
V:
0.47348723187121810607180805163807
-0.44255469563522426001966891817574
-0.68882855824767397212582409338211
-0.16040746967912605791539704114257
1.53189675972152627991818008013070
-0.37178325571692749651475651262444
1.91129166028834496238175688631600
0.31467342436229844837569658011489
1.81293863114479614218055303354049
0.26980293495066176578944805442006
-1.28198387197862517794533232518006
1.27374810335358801260952077427646
1.21031219593713679216762102441862
-2.54402984904777396124586630321573
-0.04183719470647136173813152026923
-2.00146088834576163506540069647599
0.88281959642132645793566325664870
0.47135800093292556933732839752338
0.49469652710165501474648408475332
0.19353706590493510719674929987377
-0.64730011496607531285008008126169
1.80854304169862323270479009806877
0.15324072231985283454314128448459
0.79373406478641306271981648023939
0.38253807209575485526187321738689
W:
1.04570041245513500882680091308430
0.93610234607640019355301319592400
-0.24097614619020024662177092977799
-1.93863645701460729497966894996352
0.48028031520532254994293452909915
-0.51176084265197185896312248587492
