mlp_weights
I:4
J:5
K:1
V:
-0.86892065294584197587823837238830
-1.29588080079748624307001136912731
0.13453641947143923918162045083591
0.44599968603535466993292857296183
0.06851119644250652784833732766856
1.72260759982008626600702427822398
-0.08918635646148308226965895073590
-0.09702954008287616172179212981064
-0.06983177620775524174767667773267
0.34881630144973896356930254114559
0.15444341726824695193442948948359
1.80699417640260517892158986796858
-0.46275066902236949850646396953380
-1.48269104367743986827576918585692
1.43271430858877479863622284028679
0.16589939628556116257840358230169
-0.50702724481514316323682578513399
-3.11156105743228161841784640273545
1.28799132858809373125552610872546
1.78380752499690964363310285989428
0.78684900612012720344523586391006
-0.18331080534839511164690861733106
-1.12032896937558756889075084473006
-0.53794233450303441390616399075952
0.79562245503078554698106472642394
W:
0.00936325865782536292947213496518
0.07739977220964423809679288979169
0.20326607924290995832450335001340
-2.21118080881327339071162896289025
0.72071940219496921642416964459699
1.30985108176598785689748183358461
