mlp_weights
I:4
J:5
K:1
V:
-1.20807344826184803743274187581846
1.25479256107297887368190458801109
0.66952683987020722433669561723946
-1.25841836027384901264269956300268
1.24068809682603831134883876075037
-0.49412493953133640456343300684239
-0.99791946199398762207266599943978
0.92206461647839743633880971174221
1.68418777278097353544694669835735
-1.62473931722050934922663145698607
0.51331107552714405617422244176851
-0.37658634172891625180312757947831
1.10820131683175215897563248290680
-0.23980925848549422552125065521977
-0.31022232068078492428497838773183
0.54695363062759594363626547419699
0.57102761503351195937483453235473
1.18464421422907228986787231406197
-0.06652571208844650085811878170716
1.48175716423884651362641307059675
-1.04334074405514964922758736065589
1.41451335340486084035660496738274
0.77662855105556283241696746699745
-1.27957241214732042600132899679011
1.02536960397456922144954205577960
W:
1.57409104907884955792951586772688
0.37118397199869956892825939576142
-2.24220521416363149924677600210998
1.88647089569760728622327405901160
-0.41379821152553464269630012495327
-0.71133636727405602506735249335179
