mlp_weights
I:4
J:5
K:1
V:
-2.32079381942646190140067119500600
2.13757187156571104580393694050144
-1.02279063609961351488664149655961
1.23394014198507773194535275251837
0.84932303473122261472383343061665
0.54872936909392622251147031420260
-0.76410682975978050368581762086251
2.01423176674939519159579504048452
-1.39824533983037713191777129395632
0.13612642322381901527350578362530
2.65922665254940282508755444723647
-0.34653139095468638020136609156907
-0.19448939265092168859894172783243
1.56752689701892644613678839959903
2.46212053325069391007673402782530
0.86234082903289022148385356558720
-0.29285908940669569400228056110791
-0.24294857747822221072375725725578
1.93550084014712409086200750607532
1.01154243712361768814389506587759
-0.58560101415323051465833259499050
-0.01489405415731437365423062146874
0.89495803940494944583861069986597
0.35403554580103641091781696559337
0.23264786546760546359635668522969
W:
0.32079154735727799518940628331620
-0.84589103563191170298551924133790
1.76574663448861146619606188323814
1.10644078093321596156783925835043
-1.00624782533462076017372055503074
-0.04940304909719154397018670010766
