mlp_weights
I:4
J:5
K:1
V:
1.89304586498826910023751679545967
-0.38957949188128748740922446813784
-0.47741494142965640312681330215128
-0.24912517177985782357296784539358
0.66129887748120175228194739247556
-0.66077323570030011001819048033212
1.91851106824572181785981683788123
-0.67446169781855247471469283482293
-0.50767146979272714801822985464241
-2.89898316208347583966542515554465
0.40773669781852528437582350306911
-0.86269871928533592431165288871853
2.04615542398911198773703290498815
-0.44032562425574872655431590828812
1.10893790655237856057624412642326
0.30202176407566250215808167922660
-0.28085371637156819613068137186929
-1.21453713285465969562437749118544
-0.45202342488854202473547161389433
0.12578958139818785522123789633042
-1.22305106315283196316556768579176
-1.83886712997844425920845878863474
-1.41786512781016993400839965033811
0.66027836987934374057829245430185
0.70060859988656065677758988385904
W:
1.65361897121545164957012730155839
0.18250004852013340661542883935908
-0.07847889281515742221362330610646
0.25004942379529720986042207186983
-1.17052002270591448684911028976785
-0.15612430639178523361643158295919
