mlp_weights
I:4
J:5
K:1
V:
-0.51401478772474806788750356645323
0.67761392830800981634808977105422
-1.56305686968583557039380593778333
-0.00341367771610295855921890506579
2.25344007449024275047122500836849
1.63376640875205869640751643601106
0.07792605565484989060820453232736
0.97024250450153104452510888222605
0.60625632059510292659609831389389
0.20180386307294265191281112947763
1.38204951910793960578871519828681
0.08232409330497483801458713514876
1.43604461484015155647853134723846
0.67735308838923757868144548410783
-2.53911479602528711296827168553136
0.41474601787630827054442761436803
-0.52814398570742804306377138345852
-0.65433965354366652178441654541530
0.55189901773041649679640840986394
0.88770722829148251964426208360237
-0.96926458713785523801931276466348
-0.79876909190680156491737307078438
1.07003467971733989827498589875177
0.78236408389857059475502865097951
-1.56424546875337466822486476303311
W:
-0.64015864842275893575873624286032
0.12494484934158668620884924393977
0.98284419239293863146400553887361
0.25516091370087501388752571074292
-1.77926464724345234635904944298090
0.36683577383461796195263104891637
