mlp_weights
I:4
J:5
K:1
V:
-1.06669414633706050032913026370807
1.50251104646387800833906567277154
0.68467366529941697805838884960394
2.06476051828176521141244847967755
0.95623980267785557707327370735584
0.28657752835540339919617736086366
-0.84161124884252624944735998724354
-1.26102164905029923147594672627747
0.61760475382435553459714583368623
1.32616331162517053776639386342140
1.98885054704253683155457110842690
1.24735390006251578576268457254628
0.75058005619841261513158769957954
-1.20237806007845948741419306315947
1.35853492840332590319007977086585
-1.85336442429985881474863163020927
-0.27447351041316486730536894356192
-0.23592615706151362497955403796368
-0.90741063160824886324462568154559
0.87158713776846974408130108713522
0.84169860249666639262500211771112
-0.68046708155570223564012621864094
-0.67221083058115271846588711923687
-1.64909679541364662114233397005592
-0.30453922058925286808772625590791
W:
-2.05396866191417926117424030962866
-0.07789464753665165108742485244875
2.59325579583600696054190848371945
-1.30354459741948169870795481983805
0.90589376334107807320350502777728
-0.01617952198030178645460352981900
