mlp_weights
I:4
J:5
K:1
V:
-1.20407711890069601956554379285080
-1.25844878062290765896591437922325
2.23697411815240121413239648973104
0.92476177255801272902857590452186
-0.06265799930467108591614078250132
-0.59376984244705321991375512880040
-0.43992398856609032931075375927321
0.36314597857291430749171468050918
-0.33556914130276016550169515539892
0.21682597996050029243164658510068
-1.12501997646086970839007790345931
-2.16130036523713986440498047159053
-1.72463412256798687138825698639266
-0.55854338185062413213444187931600
0.68637729105106359828170070613851
-3.30086680474545923758000753878150
-0.57352595740549061620328075150610
-1.17406621935247867938301169488113
0.53093363478898591978349941200577
0.29150569231599166020174607183435
-2.60519221917012888667386505403556
-1.24747774630257013406264832156012
0.09112758887189635614856086931468
-0.11917030784012858091180930841801
0.67624060605958991043706873824704
W:
0.12119735909191313438793002887905
-2.12568460477224041582644531445112
0.58166920255547960305619881182793
-1.04583250215869849597538632224314
-1.83435440743198951984993527730694
2.23883348313331564938266637909692
