mlp_weights
I:4
J:5
K:1
V:
0.92002001468424121632949663762702
0.31466412727081494171699205253390
-0.13455662611314900267700522817904
1.98118907081777484435747282986995
0.74105946808857714458440568705555
0.32023026228839568396722370380303
-1.40550409543944909707136048382381
-1.18614253557146653861309459898621
1.67461448068030671620931570942048
-1.66157680972696475407701655058190
-0.40124033432220163053472106184927
-0.86348307544095737053879702216364
-0.22190832039044444679021239608119
-0.48223993651306551466717564835562
-2.45198204341099490477517974795774
2.30793464354576860486645273340400
-0.44912235057267096971500563995505
-1.19261126817673934752406239567790
0.67003101100570583437132654580637
1.13836762810582103888634719623951
0.33608055997179431262367188537610
-1.03648854309655069627638113161083
-0.58475224189853269862737761286553
1.07382649753951953108810357662151
-0.80969588243647616643272613146110
W:
-1.02592189516821941097646231355611
-0.40157091248400966776443965500221
-0.74482530787703793428988774394384
-0.18721587555812319036974145092245
-1.02691225637718264174225168972043
2.10798418879811633175336282874923
