mlp_weights
I:4
J:5
K:1
V:
0.08000207760701125159208402237709
-2.02567131660661825520719503401779
0.32963320342770868753845547871606
2.07153035350892267274502955842763
-0.12883045664508463445940833480563
1.03760969098731137272295654838672
0.10938181480975167625402377780119
-0.34756146010700650350599971716292
-0.21021306190130689683925879762683
0.66860314513767249433584538564901
-0.45026511803181257231898371173884
-0.26769404079555353392905203691043
0.69913177352543498521697529213270
1.60525304014330827406809021340450
2.34713684406001066307112523645628
1.31105804944946613410650115838507
-0.00415122258980660241434179624775
0.14719080730138089929681655121385
2.84359388743116703324176341993734
0.24928215479886906003059721115278
0.85651708273004989457888314063894
-2.59238102105999246305145788937807
0.11667878561308876739222029073062
0.09302780920492975669233715052542
1.16810643802782920808169819792965
W:
0.35631408168653205814635498427378
0.36435829638595795820776856999146
-0.62035127923263733151770793483593
1.44000843222442354019108279317152
-0.59930491924027051720003100854228
0.13179603431271147417902511733701
