mlp_weights
I:4
J:5
K:1
V:
0.92310801251777330200809501548065
-0.20748204573559297925200439749460
1.03348611544818913543508642760571
0.77333472341957620876939927256899
-0.72861983479865810586773022805573
1.92918792493711377389331573795062
1.08399313474169889381926168425707
-0.13257327320936251879857081803493
0.71952607104381172131724042628775
0.52057894694338002761213601843338
1.68760625078282977540311549091712
0.93648749942879261354278241924476
0.73386451780167227809670293936506
0.43811300918074502774857137410436
0.81164605923932153785926857381128
-0.84530499838254924416247604312957
-0.06265459378783674870838638071291
1.24131165463939652227054466493428
-1.22091066149480420577333461551461
0.22978811462141554566862566844065
-1.02008964102978305632518640777562
-2.46033588568215977332442889746744
-0.05826478687135021317100580517945
2.61004775626658114262568233243655
0.95862744496502205748811320518143
W:
1.29483562250231076795614626462338
1.18672653649965909039565303828567
-0.53787545734814612430341185245197
-2.29172811608825455209625943098217
0.20996855419530505160174982393073
-0.29815211416994291671045402836171
