mlp_weights
I:4
J:5
K:1
V:
0.14066764443283794050465473901568
-0.99747158561236726193044432875467
-1.06261595046416257304144892259501
-0.64051200274572761550473387615057
-0.74848320090224995659866635833168
1.85502293648494642752666550222784
1.41428856133363667346714009909192
0.32802858631528220012540941752377
1.19964703737624978074904902314302
2.17711654031730672542721549689304
-1.23896408312513761629247710516211
-1.50521195330174406556977828586241
-0.38001071383793977309650813367625
-0.23998587507921881334382874229050
-0.20834888628110087571698727515468
-0.85476235990699001021653202769812
-2.49332144993115090159108149236999
-0.62069459294890105827136039806646
1.04209456235695929748885646404233
0.73965144880908184621404188874294
0.23312206417498207433602885885193
-2.08625648690474285729123948840424
0.09253539243115557755281486151944
-0.49641707359501618945785139658256
1.09487930686423862169931453536265
W:
0.81063927299190452480104340793332
1.49046536978082078128693410690175
-0.33689398124851144267211111582583
-0.09813761681507932044254971515329
-1.07339192617715295519076335040154
0.80472761883859600384738541833940
