mlp_weights
I:4
J:5
K:1
V:
1.35323472881634132569672601675848
0.66846802321161757909351308626356
0.33230508905518030271508678197279
-1.29983983948238401850971968087833
0.64769392563207794921709137270227
-0.26002135081534416549686739017488
0.15824835966008757304201992610615
2.72618297737605885799894167575985
0.86616114588636272664246007479960
0.40116979896661864035678490836290
-0.17239238121645714119090087024233
-0.15610591280835134364579630528169
0.30060143950477341556748456241621
-2.94158612273620834187681793991942
-0.05394031091522591414566534240294
1.40066041477215352806240389327286
-0.29093660152571093613360631024989
0.82873670028034995826970998678007
-0.95784005723542675614368135939003
1.35408135502101312219735973485513
-1.37694117864056519984217175078811
0.75953198377063924073837597461534
-1.35973007721575900319521679193713
-0.27879873056620180227227479008434
-1.50307864923209977270346371369669
W:
0.96211607940209253886365559083060
-0.78605391930612356077290314715356
0.43294486582565833154845336139260
-0.30231144618809785429291991931677
-0.61615936398984594291050598258153
0.08042598308135068263524658505048
