mlp_weights
I:4
J:5
K:1
V:
-0.10707025744479448103874119624379
-1.72434379175453811328111441980582
0.70470920372004974829849288653350
-0.88443407264378981480490438116249
-0.34829500639758637081655479050823
-0.41214329699622037628259363373218
-1.34710478957800128263500027969712
-0.74650325465305200633991944414447
-0.09480410480475828793878179112653
0.67395270993152422978056392821600
0.89340423253690470772880871663801
0.76512995547338491508781999073108
1.57839089654476527613269354333170
-1.08795828785759995938065003429074
-0.34723875915171337203091184164805
-0.27276159113612180595609402189439
0.87798067452878991723252966039581
-0.36126042515004130883937705220887
-0.71047827046033862341545273011434
2.55368131914246276892299647442997
1.65872704893475342302622266288381
0.11098537995022758617658098501124
1.18658584179707515815493934496772
0.66107696299381935034489288227633
-0.50114576985144154708251562624355
W:
-0.99592593380571536876288973871851
0.05202333365694524619504690576832
-2.89015360393658804483152380271349
0.80964995963742780737959492398659
0.95107848556044682908350296202116
0.02461649524497296764868892182676
