mlp_weights
I:4
J:5
K:1
V:
2.15735059088076308597692332114093
-0.12269756603881919188037130652447
-0.06965338911385610121129730032408
-0.70970076965530060064679673814680
-0.90058078636995997356962107005529
1.55624554164567863168144867813680
0.62711704829038616981762288560276
-0.75450160552135736580225966463331
0.09474367832959523783031841048796
-1.17024310307068435399457939638523
-1.53061679813767104185728840093361
-1.06022730973470835635907860705629
1.53030351649384055434666151995771
1.03645169780096346734410417411709
0.03171125451300216280259292034316
-0.07556857330543084727558778013190
0.50197395625112806172296586737502
0.71194371283442003939256892408594
-0.79970727993352053175613036728464
-0.40384234963751497460293649055529
-0.28062230358645551264729078866367
-0.51916208745439074156990955088986
-2.03038276456042909856591904826928
-0.42640683421892383586637720327417
2.54191036892958432957811965025030
W:
1.24534309943969145884068439045222
1.07037180145963928268315612513106
-1.32840580219866710720566516101826
-1.15845101464481237130144108959939
0.56111800201806738552789965979173
0.09819119380112158179674253233316
