mlp_weights
I:4
J:5
K:1
V:
3.01913616423182329384644617675804
-0.52751953344039004267784775947803
-0.64381195688666847942727144982200
-1.02068994260320855538282103225356
0.44446467279448464982039013193571
0.57649260390520551400328486124636
-1.14990178579441826300922002701554
-1.12771867362736211148899201361928
-1.11734040851882654443727460602531
0.71704779035371069006998823169852
0.45617484209131303751760810882843
-0.98592038231616663246370535489405
1.05939651503314258285115556645906
0.30614058866719634499631297330779
0.69396666744505697277389799637604
-0.35714837742058852532167634308280
0.13734624926185418081203692963754
0.58390631886553323592892184024095
4.23735299863465275649332397733815
0.13614629136532691022765106936276
-0.05340374789053363435709087525538
-2.71202177569096036791052029002458
-0.09360839312275853751899035160022
0.80216544890315333304897649213672
-0.85614406033286738484378020075383
W:
1.73681898433691483951690770481946
-0.22974669047499329810335666479659
-0.21867813647463457682462717457383
-0.71516368770052396452996390507906
-0.42245260575422638460452162689762
1.21129101640502678804978131665848
