mlp_weights
I:4
J:5
K:1
V:
0.60330693953527969597416813485324
0.53222973157816166889233500114642
0.42504533062310606572609117392858
-1.08999945096109684961049879348138
-0.34185732012423875048057198000606
2.06023541138286914176092068373691
0.91913955496556098978544468991458
0.41088667733198114273562850939925
0.51645856589127070446210154841538
-0.50163001842826360210381153592607
1.55579226533004044696895107335877
-0.47923541889571019680715835420415
1.58112094075866216336123670771485
-0.73055223507499145174648447209620
1.27010013496280027567308934521861
-0.90388529030069764136356980088749
0.28921862830122785359421300199756
0.35981946953630633556642237635970
-0.36774431204328827949012747922097
0.29206721212961350708781083085341
-1.95984694187588970315516689879587
1.39439241891660792305174254579470
1.21018572726970830011339330667397
0.27949236293399248864943729131483
1.23207526272696821223462393390946
W:
0.00580686562583679344307086012122
0.79054840283330907180214808249730
0.93813739663639550414586665283423
0.70260674289383862056723728528596
-0.77545623467659829941567295463756
-0.40201754140141066073965703253634
