mlp_weights
I:4
J:5
K:1
V:
1.65880764909376265947571482683998
-1.21216788300185918103579751914367
-1.21359474412372758678202444571070
0.79230155639183630356114917958621
-1.52573061224506867361583317688201
-0.82168655274017809997388894771575
1.91714375472743014938714622985572
2.12939288830727768697670398978516
0.52363414108120054368811224776437
0.99887088139883772885951884745737
-1.59929495822358136436491804488469
0.11719699438421862791592786834372
0.91301278467728852472617973035085
0.36460390845099049927924284020264
1.83985018856284487931418425432639
-2.05495970566230301557197890360840
-0.91638261666348053147146401897771
-0.34489697574279876146619017163175
-0.52562870315041465563155043128063
-0.97684966685928886764855860747048
2.10913563056862951583525500609539
-0.21617342814989903843070351285860
-0.16756679121505474450160022570344
0.67024654759486979038740628311643
-0.43923014767848428396845861243492
W:
1.19005897181497166670283149869647
2.08163649673484396629419279634021
-1.66510502988321174022701143258018
-0.27257034995098861074325213849079
1.76333464552242258349679104867391
0.31240056255383930050584240234457
