mlp_weights
I:4
J:5
K:1
V:
0.73217970155976097590411200144445
-0.11227449673158163001573939254740
-0.16632385581093803161856214956060
-1.70239351589430265576652345771436
-0.51663458314934096460291357288952
0.53973385898265247018201762330136
-1.51003790340112065138100660988130
2.12810866984183988392942410428077
-0.83511384117247589031762800004799
-0.23792915494395594500076640542829
0.96277848106004770833976635913132
-0.11322733516622406069185302612823
-1.75815634877687521075984022900229
1.49897704696106992550141967512900
0.23290133803523838107452093026950
-0.55604036367710485411208765071933
-1.11813861700258665443641348247183
-1.41603042649052746071447472786531
-2.10378295108878310415434498281684
0.07782876937668500860745268710161
0.53321195302312474062489400239429
0.37851673122588852526959612987412
-0.38979131626446711367250941293605
-1.17445390523859694020814004034037
1.36126766667824683487708625762025
W:
1.81380773172192366615718128741719
1.39894350975161851913242117007030
1.19247782670385094050402585708071
-0.92129728698758683869129981758306
-0.11570038859788303597930791966064
0.74302070132168718252785311051412
