mlp_weights
I:4
J:5
K:1
V:
1.11994256109527490217203649081057
0.45657248088503399330306820047554
0.05654369868033147505936852894592
0.17010934039053560162813028000528
-0.40487392614030265347579984336335
2.01695252186891238466159848030657
1.47128191659914575595280439301860
-0.71145328365396864889191874681273
-0.42632051848211710565195176059206
-1.93479583891362882930309297080385
0.01899428569693215745894931956173
1.36199326813467980201721729827113
0.26396634925612866284794222337950
1.94443112264809214728700226260116
0.05519636413341368064156000627918
-0.03704085285214285538923917329157
0.30244684705373742206191423065320
-0.94246904928317631888745609103353
1.24542110806568051550868858612375
0.49974893158558086891929406192503
1.13760748727704052996045902546030
0.95920925200783868636023044018657
0.76113901497659552930485915567260
0.34027784565525898141657989981468
1.62691997751761641133327884745086
W:
3.26951927939291175917446707899217
-0.51399717771710173863652926229406
-0.52449564345497790007755156693747
0.54192672382799433883349138341146
0.22225127518060766584895304731617
0.28019606110375844254534172250715
