mlp_weights
I:4
J:5
K:1
V:
-2.10502625937296761193806560186204
-0.20812989012909494102032681439596
0.46173944777261050065320091562171
0.87763280421169365119737904024078
-1.54116784215121693790706558502279
2.40609210064745404622499336255714
-0.58314564403612012544186882223585
1.88010453105395636264063341513975
-0.77739062210866505253648028883617
-2.33355395194860593122143654909451
0.27397047955983289124759494370664
1.11146854560088437224862900620792
0.47843329504339637825438558138558
2.58486628590806466476692548894789
2.33857807056189059835560328792781
-0.01632318911580142584138997108312
-0.75800277024685058790964831132442
-0.39308459698285275196738552949682
-0.05695778785980847025438578157264
-0.21458966923155339823203746618674
2.27738524946693976502842815534677
0.31983184033498102127879292311263
0.10719765848381751505158376858162
-0.83761945181836239271433441899717
-0.50065836626330773029280862829182
W:
-0.61009883560677513614223244076129
1.30984177053777184340788153349422
0.85860778879813903774476102626068
-0.48073067876427960642971015658986
-0.18556834344888198384815325425734
-0.21486126476581796085341125035484
