mlp_weights
I:4
J:5
K:1
V:
3.77591690732916829276177850260865
0.25777890282707927038785555851064
-0.79087260303251727400208892504452
-1.48278883534509775543597243085969
-0.40367375229568874805963218932447
1.38890437559355661711890661536017
0.07185473388716298592804321287986
0.58099477972496060829143971204758
1.45015814684307287052433821372688
-0.82520279375090910267687149826088
1.28515820075611086892308776441496
-0.79657868494876882259347894432722
-2.05154932543748103057623666245490
0.78397054308858293847350751093472
1.15778842249507651906981209322112
-0.53067678667096196409858066544984
1.80082926124532205491846070799511
1.84216031499722099340488057350740
-1.16495342638798904388863775238860
-0.84768244553076066427621526599978
0.40253314252783989335426895195269
1.52702067294003351882736296829535
1.34053044371665297518347870209254
-1.73080979500957754524392839812208
1.10420590943980778675381770881359
W:
0.33228020588441325999795594725583
1.41302747445725618291589853470214
-0.28056236212182900091605119996530
1.18254070669963873285723821027204
1.03654404593121474142947135987924
-3.57075081553905171460883138934150
