mlp_weights
I:4
J:5
K:1
V:
0.43667104619539276466610999705154
0.05566226532821111350202158973843
1.55920256350718400284449671744369
-0.19372891632204647383019846529351
-0.39155185503844724959066070368863
-0.89336846671167380318223649737774
-0.84086476554838640584677023070981
-0.50930327343113512839067880122457
1.64830773615647419028107378835557
-0.24034123219515876601626302999648
-2.32975551672880110132268782763276
-1.36154436793600930322156727925176
-2.50071224550186066437618137570098
-1.49769119192751021252263399219373
-0.47223565508589349093426790204830
2.26376812928469917096663266420364
0.71348505014831620218984653547523
-0.56691947576742440784158816313720
-0.84369685650193249060180278320331
-0.76383734107279466218898278384586
0.33119561210589770761103523000202
-1.60968209414080298813587432960048
1.88400999305616845269639725302113
1.36331519247695998053870880539762
1.45204579523430488130486537556862
W:
1.25792547328685899721278929064283
-1.45757367120473690924598031415371
-0.73510124407599386486822368169669
1.07886918020527899919613901147386
1.49161822782510888885099120670930
-0.83715706592054539569858206959907
