mlp_weights
I:4
J:5
K:1
V:
-2.78359092529123941517354978714138
0.73837462847499935048034558349173
1.82095345770848715538647866196698
-0.07576969690482765473760196073272
2.59637563861507736362455034395680
-1.19151930035575626121158165915404
-2.49494004001611813237104797735810
-0.35312047610373642481107481216895
0.65554418169597561405481656038319
-1.24931355300269020247583284799475
0.34028368277377551986973003295134
0.72170079611709236910854770030710
0.24303184154793172622177621633455
-0.03832670043128289655287588288957
1.82454385069361113558272791124182
0.77404229368195809346531177652651
-1.28670579146826291605520964367315
-0.04742235282731876999662290472770
-2.82535576817039846275747549952939
-1.59582191769795489477701266878285
-1.26717829251532343448616302339360
0.72815110273690941689039846096421
0.03261623132022595239476459028083
0.23457010949160744806007983243035
-0.74284860913396211223869158857269
W:
-0.70465654463817672947811843187083
-0.48182867224720871135446031985339
2.27950440251584574014032114064321
0.55738953584015382691774220802472
-0.74284961008895700196319467067951
-2.08346595459685079987366407294758
