mlp_weights
I:4
J:5
K:1
V:
0.59810110715399178449303008164861
2.57033003843453489167814041138627
2.58519428358448122295953908178490
-0.04384510300155183143422377156639
0.79719360981280051881014969694661
-0.77057740739131697083053040842060
0.51220591937120252268300646392163
2.69342487788682394267425479483791
-0.55990605669441195768598618087708
-0.78426616854144914903201879496919
-0.42059883077014265095883160938683
-0.02888324343579445896423862905067
-0.70824854087057054208287354413187
-1.22886676940437022942376188439084
0.09569126124367258179326256595232
-0.21174272395859297657416675519926
-0.01102140036376359627512400152227
0.44617282438284955325968894612743
0.16201331301323018685422994167311
0.50923592864140099223391189298127
-0.29679292754527880626724822832330
-0.57670507455501440752243524912046
1.88140901465299603678715811838629
0.68338614533341768275676031407784
0.78441152173108830147896242124261
W:
0.00856801519246419562847449924448
-1.11287644244298067341958358156262
-0.62585973322288779296940219865064
-1.13404622590940573623186082841130
-1.35155880502434366796649101161165
1.34155196723421110682750168052735
