mlp_weights
I:4
J:5
K:1
V:
-1.27353764607558073151949429302476
-1.25277999062431022458952156739542
0.26427738420835028554378709486627
0.13462823520499567209185443061870
0.78889080625835383830946057059919
-1.52753763261004849027813179418445
0.17479689896835276519126978200802
-0.53845784856704581589070812697173
0.22497562341648918993186612169666
0.75809361844330847013395668909652
2.72628358070886855912817736680154
1.59427026923597847662961157766404
-1.44537173976899668836892942636041
1.20235814173013233485676209966186
1.89008308180130435438570657424862
0.81932542394934526619465486874105
-1.86802698603708017266455954086268
0.45486458865144863139562403375749
-0.02548219013385172315722115854442
0.02953162019189133416507964113862
-0.11508058416955424529959373103338
-0.52610190725226169128347919468069
-0.35829878925460456606799652945483
0.21684503275019478829577224132663
-0.06883462540646809180167053909827
W:
-1.81029287701490626538713968329830
-1.36758134856116275734905229910510
2.70724303740637584070327648078091
-0.57016719630094825355115517595550
0.66283393929338152439356690592831
-1.15910773219175533554903267940972
