mlp_weights
I:4
J:5
K:1
V:
-1.34700961197646962297369555017212
0.46298678714025348623906097600411
0.50098290136869816358000662148697
1.20857859398899591951703769154847
-0.84928767641130520349435073512723
-2.38472300381168134109088896366302
-0.51646737422813215889760840582312
-0.00086592175145691618887155982520
-0.59249586481166627294214777066372
-1.26190723256194714529954126192024
0.56992902327582206645217866025632
0.76221986331752078491774682333926
0.79139055382675915772949792881263
1.67756674501615021810607686347794
0.63972066302340158117090140876826
1.69858251433297291477231283352012
2.61527071204498406942207111569587
1.61904101386338017398713873262750
0.48109610655490758768237924414279
0.16457420709216580290146225706849
-0.20025830531871294248880133181956
-1.06527577308611109963010221690638
1.85536619029543659031844526907662
-0.09590766205931153254304888378101
0.67101684242767301036280969128711
W:
-0.25446794977082087818587297078921
-2.52300273769085992014993280463386
-0.54364800920610356627094006398693
0.22127427264659257910572875971411
0.55397886777042559813821753778029
-0.50975782390999602178283112152712
