mlp_weights
I:4
J:5
K:1
V:
0.38631437710226079751407723961165
-2.20163335284053696128125920949969
1.33783771598893141963060315902112
0.90632231788122596949364151441841
-0.30471568465629605970690363392350
-1.06154781416856369702372830943204
-0.73636001897226299739429578039562
-0.66030698508798646439998947244021
-0.95973203067915446862201633848599
0.53928650307429437660289295308758
1.14988824577947101879260571877239
0.65381544367891486491117802870576
0.97999185594102578011899140619789
0.17167481365054906849998417328607
-0.36774636652202014053258949388692
1.19500767958294940029873032472096
-0.25299044436061635110490897204727
-0.34000193140099743693838263425278
-1.69641004620707414041191896103555
0.15892449572426325943297342746519
-0.31244389019026391762778871452610
-2.01877178406954582712273804645520
-0.15670807592959010157152022202354
-1.20111526159736481389472828595899
2.98715791580811673711082221416291
W:
0.66188016987852460459862413699739
-2.16492172059280818530169199220836
0.08981753961995923851713286012455
0.96380319946565229383139694618876
0.85651287573742274084054315608228
0.13653483022282883463383029720717
