mlp_weights
I:4
J:5
K:1
V:
-1.07322426429973027950381947448477
1.27256565406584787325527940993197
-0.54959755229674489562796679820167
-0.11868961869180053025907284336427
0.25515701366069964972638217659551
-1.33970856436486807083952044195030
0.69895751501437208830225245037582
0.47255809248614272233268707168463
0.64004318338397703236353208922083
0.23537849933972432303619370941306
-1.41770634688919239252413717622403
0.12269901124007280557304255808049
0.40280265541880233559624002737110
1.28563235776604201099360125226667
-0.63445293056958573796322298221639
1.61863781638799686390939314151183
1.00600249254351847838506728294306
2.58308653760499629115088282560464
0.96778445744423924335109177263803
1.68255272281798662348251127696130
-0.55398287821011060749754051357741
1.36568333690794019297243266919395
-1.17670677594621708728084286121884
1.49347668131202238051002950669499
0.50055709644992962825682525362936
W:
-0.42511337952203265277972832336673
-0.12342241854181185134464726615988
-1.13920583470962366590129022370093
-0.31253667976074850365364454773953
0.89100741640737635140823158508283
0.24965529044491882593170828386064
