mlp_weights
I:4
J:5
K:1
V:
-2.40278443927930984713725592882838
-0.41371869999902266545888096516137
1.23304409263695968768104194168700
1.76398035713437018046079174382612
-1.18661065329454884498261435510358
-0.30270989375087803407993192195136
1.70786537403187343997501557169016
-0.09174135903274438508248067591921
-0.20414325640341612899675283188117
0.19830933232800762588965426402865
-0.12990546071711633890899406651442
-1.83203123766490483248503551294561
-0.22268313117953394963954849572474
0.75110973414444215379148772626650
1.84790129444051443030616610485595
-1.37652832234011479606294869881822
-2.03524092384863752869250674848445
1.96292440237151000204107731406111
-1.17166116303020717559491004067240
0.03173968373273913790022504599619
0.99610758858836112583645672202692
0.33474215010746682930076190132240
1.17648522172883907010998427722370
-0.79794998776168735155067679443164
-0.64996355678374462261359667536453
W:
-0.32789690678314020733097322590766
-0.76955529507395403765457331246580
-0.93851640059516538983075406576972
-0.19767712907263329524809591930534
0.96561803471035201340555431670509
1.11617880564843896529225730773760
