mlp_weights
I:4
J:5
K:1
V:
-0.43578643269863215348181029185071
-1.03177232573635335732831208588323
-0.52252790301209006695870584735530
-0.81343368784773062429849233012646
-1.05075193965451862965210239053704
-2.20186361461098467628971775411628
-0.95420398228042169197493649335229
1.35618785540239183973199033061974
0.60692015732777992997881710834918
0.14947639241914353891438338450826
1.20050963549701972254979409626685
0.55724134287004223331507546390640
-1.22301437959276926292773168825079
0.27718466987960649339228780263511
0.12379093602321766809382097562775
-1.52411361976899173420463284855941
-0.25866285080550854846848096713074
-0.45015924249478006524682882627530
-0.06756646985057145060604710806729
0.13296282901553604927080698416830
1.07864062747100808437039631826337
-1.07618615588350996503663736802991
-0.61717483239791415261521478896611
0.86029154816164177255188860726776
-0.33423565368526420016337397100870
W:
-0.49623505737780193580732657210319
-0.62019032309378974154867592005758
-1.22620342792291214806255084113218
0.67098118164750908398730189219350
-0.13179093844523659395662207316491
1.62642836480077668248611644230550
