mlp_weights
I:4
J:5
K:1
V:
2.51241430230400730749806825770065
-2.21337335344825492100540031970013
-0.22789836128571294704414640364121
0.20202000078390680570805670868140
0.16403613583598322667178592837445
0.12151735751829643994437191167890
1.24277314897838286888998027279740
0.85048102877637998808779684623005
-1.12451772645143477369344964245101
-0.77815196236446260158459153899457
-2.49135823273343604000729101244360
0.25258709617893015941803014356992
-0.40539890872932410337270425770839
0.30825640552294858443005409753823
-0.55232644942913999841493932763115
-0.85341227977618938638215695391409
-0.14952481250790536360106841584638
1.66127404459765015687366940255743
-0.21087306935086633230547192852100
-1.18734274310767684568190816207789
-0.21783865994047885150664001230325
-0.80397341926217968932633084477857
0.28050833131320584978851684354595
-0.05637346136157789233678272466932
-0.27791103120718096963770449292497
W:
0.33208412993718883221561100071995
0.89106383752816320509282377315685
-0.93842972125007573236388225268456
-0.98419507158407104618902394577162
1.09094485357060433372566876641940
-0.27518589018822964264998631733761
