mlp_weights
I:4
J:5
K:1
V:
-0.62829693591489399473459798173280
0.93008106810342083825560166587820
-0.97184939801106262624585951925837
0.92958522063499937626573910165462
-0.87608686353795184320603084415779
-0.42876862839446616693095393202384
-0.95376065836113199658541361714015
0.45898454683033207412989895601640
1.18207210947795560151973859319696
-2.24293777716427200630278093740344
1.62722018733586937244695036497433
0.98949102553681445026967367084580
1.41404985112857173312761460692855
3.21784504913472968468113322160207
0.78565600849908689973233322234591
0.08149816604123788499336455970479
-0.49991588163030720171065013346379
1.15342155504704813040461885975674
-0.66485655556213685279942637862405
0.26601953540158496114287345335470
-0.28104326558785791556616118214151
0.17565108288194214436472861962102
1.09849548712368871861144725698978
0.64512366988924851884945610436262
2.00273863983108846298364369431511
W:
0.54346750692675316329882662103046
-2.65694376922779706973187785479240
1.36561864981821168285591738822404
-0.50013991883795538839763139549177
0.25042228789613063533181502862135
-0.08717090815641878598363234686985
