mlp_weights
I:4
J:5
K:1
V:
0.46589811531970476421449234294414
0.22454864837692545265213084348943
1.71790488136873364943824071815470
-2.12724174433232748882005580526311
-0.95788752903155072182528328994522
0.99516903483425001031292822517571
-1.09399648622363732108908607187914
-0.24187010503333891686672529885982
-0.15288750286867511252175688696298
-0.07415612000017623994807536291773
0.47411216599859373754810576429009
-0.64357842610985160902714596886653
0.75038782111515867079276631557150
-0.38539133332259689623811027558986
0.88656542992600628760868630706682
1.18215337044523849385768698994070
0.12785940439138204771651885494066
0.33698660329772489596678042289568
0.35680562924314251915802742587402
-0.05569445161432295954284654726507
-1.73797009650175304784625041065738
-1.36386439943814852249204250256298
-0.43402412197012929517825341463322
-1.77624858673695729116559505200712
1.36990857819874434220253078819951
W:
0.53282788489739685289237058896106
0.38541188783800484074504311138298
1.01041569949009613083035219460726
0.27510966454316221341258597021806
-1.03420800919725719424491217068862
0.41806502541149714868851106075454
