mlp_weights
I:4
J:5
K:1
V:
0.77665942877379379183366836514324
-2.15729830911089326406226973631419
-2.13686811242096208474094964913093
0.08916505776162439445009511018725
0.09567003828117996711011272736869
1.79314778537447061523835145635530
0.76811221471890767098500418796903
-0.85889144089203051102288100082660
0.19457349002415011418598567161098
-0.87552365494025918835063748701941
-0.02086279321604495029518488991016
0.03612516164965173109946405816117
2.13054634224919414720034183119424
-0.67613285927858823853853209584486
-0.20167046499133545189863525592955
0.11436688282370692515410581791002
1.21439809861758640785467378009344
2.36750085833173917748695203044917
-2.16168232531621473668792532407679
-0.09026984376930696774010698391066
-0.56353640048338593526722206661361
-1.15284193527887257602060344652273
-1.31084590804398537500219390494749
-0.74379016457907420889483773862594
0.38122145578145993916052702843444
W:
1.68939394383114915854093851521611
2.08904270852062667884752045210917
1.37657752379784392715578178467695
0.53425329906014640268807625034242
-1.59182321744700283616680280829314
1.94619852801872617042988622415578
