mlp_weights
I:4
J:5
K:1
V:
-0.67289778536800870512024630443193
0.28384973751083397708327993314015
2.23834023124267833537714977865107
-1.13314810054907200154161728278268
0.47111805373179843625663920647639
-1.94850299003113547335885868960759
0.35084114718365544405287437257357
1.96679846677141711985825622832635
1.24341828674376642105414703110000
-0.47772456359832138339527318748878
-1.16208230947069779404046130366623
0.06424628719010810895539975717838
3.01177011479128609039435104932636
0.49926121094037134717780190840131
-2.01107577256050396030673255154397
0.06687776976977707898974756517418
2.53754819625169902863603965670336
-0.66975792695480884653136399720097
1.39479031513034401612571855366696
-0.15091363887096601037463017291884
-0.18278088390766256132735634309938
-1.32298843308813030006376720848493
0.74228049629342018889133214543108
0.76341081737490834591142174758716
-1.45195367969211752701141904253745
W:
-0.30060662421257550169784167337639
-1.13528144891503735003368547040736
-1.31124849510860541634826859080931
0.31537837815448738210122314740147
-0.14141794508295676968678833418380
-0.00198673445732988054532319743828
