mlp_weights
I:4
J:5
K:1
V:
1.20282468614818704999436249636346
-0.38965065727169301279531055115513
-1.16000401592755886248653496295447
0.84624068616417491561776387243299
0.99763552120319876070908549081651
0.79000795774785903535786246720818
1.75476590655587316724961510772118
-0.20600457576529859760050555905764
0.59215220313206484714640964739374
0.96380788189696431356168204729329
0.89467518300761050831226839363808
-1.67407964127976560675392647681292
0.54597564311587865049091305991169
2.26911656450382093197504218551330
-0.26495695889970388714473870095389
-1.62945117091753832738731944118626
0.63793138517833924971967007877538
-0.24548843264004080455542577965389
0.26268977908391877296168104294338
-2.29243519858951216860987187828869
0.59310651452580909204215231511625
-0.27337724232135712787439274507051
1.48260291514974351656519502284937
2.31739816613277405110693507594988
0.02871657081189092630690851137842
W:
1.00861155533253432636797697341535
2.12930648681580780845479239360429
1.20631084061897908554783498402685
0.54253968719299927592203403037274
0.57352364675255074200066474077175
0.89869653448181563426544471440138
