mlp_weights
I:4
J:5
K:1
V:
0.40034783863918355084621225614683
0.28710659664999416129660403385060
0.80874373959747236639827860926744
0.22995682301150571769099428820482
-0.59070769140989431988941760209855
1.31092388849716345866625033522723
0.36428754510766270247046350050368
-0.36739840678446661348388602164050
0.22381009922584338411866156093311
0.34390037690374275491933531156974
-0.15687959356782013586872892574320
0.37247005351731810041115977583104
-0.52781499747975646474884570125141
1.15762794904824484198968548298581
-0.74943930533828950757424536277540
0.09840828419425928785813084687106
-0.25337174751656155180512541846838
-0.63328694013773512150322630986921
-1.14543597081530967862761372089153
1.55756297051618486371182825678261
1.80998927435061029989071812451584
0.33237870598205748740028298016114
-1.64994878906023667575198032864137
-2.09291871841258414477238147810567
-0.60480616450386015525708671702887
W:
-1.86036717419916408644553484919015
2.03286295975150999026936915470287
-2.71363463223654299838472070405260
-1.46164003724465207945115707843797
1.66568601387945869340967419702793
0.00334486794585158592196805216190
