mlp_weights
I:4
J:5
K:1
V:
0.85510232990126333607605602082913
-0.88742016946904367369342025995138
-2.03359672538829894250511642894708
-0.80887173077719931590934265841497
-0.84128040716203567050968104013009
1.05779410974436682835175815853290
0.05042546582252483561292777380913
-0.67107023612402760814887869855738
1.31378308378466646111348836711841
-0.19113587829245484717155534326594
1.48118049206655566507606636150740
0.32976187225246561540714651528106
-0.06290217221155480764593903586501
1.53097998262703427485575957689434
0.29769799189898549229837954044342
-2.63910755951488651405156815599184
-0.85587395149619049927736114113941
1.11912299941801030023214025277412
-2.20093732374163453258120171085466
-1.44804592126816245034603980457177
-0.78564578375359239714725845260546
0.16712947462071758852886205204413
-0.09767256865668244580902523921395
0.21683172822012128366786498645524
-0.63909805994756996305738994124113
W:
2.82345478803757776731231388112064
2.94871390708296798877086075663101
0.36364428301618256789140559703810
-1.47517902016140678433941957337083
1.41675007639915362389615438587498
2.12133926611637679826571911689825
