mlp_weights
I:4
J:5
K:1
V:
1.25548586064889922120357823587256
0.16401205068779980966731102398626
0.07074783604176422546760960585743
0.35450688699259791381024342626915
0.06843449516087771189454258546903
-2.00941619236133073300720752740745
-0.52866297835755982070793379534734
0.53178625291433689881159807555377
-0.47923333751136160119088458486658
0.56048069608280237652309097029502
-1.59651137623551142574740424606716
0.40487619880364117408433344280638
0.89191451413962030692061944137095
3.90625225213466453766386621282436
-1.83033724657809448999046253447887
0.91340575451834338238654709130060
0.98725007111904372614219482784392
0.65848731256725667737583762573195
-2.06584702929915442481956233677920
1.13158782348463016198536479350878
0.35910543843840814215440104817390
-0.46689878256567851622094167396426
-1.13978487812920969979302299179835
-1.62332472943800998343988339911448
-0.48580938371890025617716446504346
W:
2.47588684284241233868328890821431
-1.58920587981699679147595816175453
0.54480402813718964427636137770605
-0.38897380252971236469505811328418
-1.57273057057692322580066957016243
0.03832017548597992095960051983639
