mlp_weights
I:4
J:5
K:1
V:
-1.32613647173554527469718777865637
0.30698310337567963346216970421665
1.80115296663788737596689770725789
-1.06474871878690513504750470019644
-1.24042029080079663216906737943646
0.51790647290590163809298474006937
-1.25964766913254000435529178503202
-0.23180557367116186306965630592458
1.13520829974437842402323894930305
1.07176110629149246022961960989051
0.04426119414350120073731176262299
0.36540243294299912246714256980340
-1.12097904598912267992716351727722
-0.05891615581416652369650677201207
-1.88872595997060854777771510271123
1.39501402467295587683793200994842
-0.83800765284820699640988550527254
0.47487054086772628735957368917298
-0.82011008292308906764134235345409
-1.83185274656059560172138844791334
1.74673703773036592679090972524136
-0.10804446902169742572574762107251
-1.25616009744879919551863167725969
2.16214774811970578127784392563626
0.62813499642601811068232109391829
W:
-0.95223793026858316590477215868304
0.76586792805229653158249902844545
-0.16676167727207591440219403011724
-0.01433061622302560407515858997840
0.98618162460449176887067324059899
-0.62028090767005417127677446842426
