mlp_weights
I:4
J:5
K:1
V:
0.24964581030266702610376228221867
0.02957087266341042880446465801469
0.52152671121050597768942225229694
-0.88551309600546301847856511813006
-0.09438739987993610691674462032097
1.07442887231653028123901094659232
-1.10649329832257925509964024968212
0.61601177438142917797136988156126
-0.17048790606194194618971948784747
0.63134499613693628727872919625952
0.68182258001522511037251206289511
0.81387401202102915842573338522925
-1.26853050736140771093118928547483
-1.55699446777335825942145675071515
-0.38272106790846682766726871705032
1.38281087140048541961334649386117
0.80613839596630465500481932394905
-1.04416989280647221072229058336234
0.17394599854640896419155637886433
-0.52914922442094769472475945804035
-0.77041008370716601572070203474141
-0.03115018491166282599280634713068
-0.87594094958809864959192736932891
0.57846963245061233660493371644407
-0.08707942303434687558727489431476
W:
1.76283069580149764910004250850761
-0.23365249517444319771186655998463
0.18085880018129971147367029971065
1.22336506420004864637007813144010
-0.60567348649729468856861558379023
-1.10447664139036239028257568861591
