mlp_weights
I:4
J:5
K:1
V:
-1.02550128957938602169974728894886
-0.75487452678013911011589698318858
-1.34102328627994005216805817326531
1.45562096336492441395193964126520
-0.42864409060169506027193619956961
-1.19981003494068638737246601522202
-1.78462310448231464832247183949221
-1.71317152541186334957501458120532
-0.40036514774976345032442281990370
-0.49345878341835142100180178204027
0.98636618598016645442783101316309
0.44484560995665373139829057436145
1.01732445327530096612633769836975
-1.69467020078846486441648266918492
0.80895647014167959554242770536803
1.47895560274696835634244962420780
2.25638183070086162373968363681342
-0.40582650705032807803007699476439
-0.26696415105442494741794234869303
0.28301611097936685279563562289695
1.54703235581817466481879819184542
-0.69323981706636017552369821714819
1.37052233064944339879787094105268
0.38061295438986708639106382179307
-0.19935610734506009622535316339054
W:
-1.42131041310120598275545944488840
-0.26655757148322667404727326356806
-0.42881389450312662470210511855839
1.06561178896542552152482130622957
1.67107265339716715146778369671665
0.67709860272379951418031396315200
