mlp_weights
I:4
J:5
K:1
V:
0.30659711965038194403376792251947
-0.28429436114742706598335075796058
1.01761245271010358770524817373371
-0.78157611989307629318801673434791
-0.87215436859723982632175420803833
0.57198994024879745712297562931781
-2.39058091231753433447693169000559
3.72432692090545813812241249252111
-0.08970059258176908689730311152744
0.81706157857469130512129140697652
1.21280721875820263200296267314116
1.66967979374449893015253110206686
1.19438426935545560780838059145026
-0.36217837215128062533509023523948
1.42506080741416885082628596137511
1.96604516874655632641122338100104
-0.90593175744022480522232854127651
-0.28093510441301067226405052679183
0.62018917833170561504374518335680
-1.02238842791330997172849492926616
0.22642559708090254089185577868193
0.43969680168592034652519373594259
-0.65682751854714549466507378383540
-1.61836508434881132245664048241451
1.21089944589170017685830771370092
W:
0.40652793192021474677488868110231
-0.41118585343670849274744227841438
2.37363560278128771230399252090137
1.21927185213767219629232840816258
-0.19155666205470267549060281453421
0.86532763413279134567801520461217
