mlp_weights
I:4
J:5
K:1
V:
-0.61751999734897333738103952782694
-1.02453062898345703679581220058026
-0.46915569098327480901389208156615
0.65014321691092868960026862623636
0.23709815582812249212807387266366
-1.25470031027586959027075863559730
0.34666861619468841704261308223067
-0.48325431433841381512195312097901
1.13907551079306346153430240519810
0.08789044894670977603468031702505
-2.79638768959584949058694292034488
-1.56072452755965263015980326599674
1.40333571843872317863599619158776
-0.10194082965798428874748537964479
-1.05034744705626925664887494349387
1.65161270830094797368303716211813
-0.41512352277610831130516544362763
0.88781804775010975117055522787268
0.17467674335565996912578157207463
-0.50290228045623275310305189123028
-0.51853750975883650120579204667592
-0.35683373549614522124429072391649
0.83944608369975670658647004529485
-1.37357975592885694915423755446682
-0.94976698026124650731105703016510
W:
-0.70887562233039658199373889146955
-0.80141186099030703449130896842689
-3.05002201459072752598444822069723
2.62120193243862953380585167906247
2.35625675563349501473453528888058
-0.97707365213588259766908095116378
