mlp_weights
I:4
J:5
K:1
V:
0.40128023039349014489118872006657
0.31473899012894496207692895950458
-1.50972592294814234037403366528451
-1.58926508475506023110312980861636
0.05879772739097721689915942988591
0.63417885406096041744916647076025
0.38568729004491236755924887802394
0.86331545452131053242084135490586
-0.93836994204272650144105227809632
0.61701848411521054149631027030409
1.18522705756859503267719446739648
1.31974679467583522196605372300837
-0.23423652707355882562900717402954
-0.60279371027061390275747498890269
-1.97602199551631674268037386354990
-1.92648763066715256186967053508852
0.60573983560732469477727590856375
-0.30602010420018777026029965782072
1.21837791263887718073988253308926
-1.07078679908372587092912908701692
-1.12319761333764001065560478309635
-0.00067595632973556363243261557727
-0.75644415493230132696567125094589
0.55300622338680860412551965055172
-0.07807433536593401390835111897104
W:
1.39186716876313343327353777567623
1.84541105077096267983449706662213
-0.25078394973312195803671897920140
-1.78690707921206692887494682508986
-0.68590965235404355304638102097670
-1.61988413011987564260607541655190
