mlp_weights
I:4
J:5
K:1
V:
-0.74476886845160361616535737994127
-0.53370266307623948076610531643382
-0.03786108253217497499054644549688
0.41168689415683357157860200459254
-0.53550992217495141378691414502100
-1.58979073183837371630033885594457
0.61742056465800077003081014481722
0.10191981403086569635263458621921
-1.19977222668370542280058543838095
0.71602097793172081452439670101739
-0.83354025877412729617077502553002
-0.93707651996282970152662983309710
0.76569526139441712597744071899797
-0.30145481476216406946377901476808
-0.46888707359377457262183952479973
-0.31482621417959466558755821097293
-0.81504062358902829021900515726884
0.04735809927509850025817428331720
0.24239580188937068228050009111030
0.25691757658727110147367511672201
-0.69489806646499829856367114189197
-0.11831628739948465978137903675815
-1.61416298796353130384773066907655
-2.00404885831961809827816978213377
1.19144363000129915874936159525532
W:
0.34685004675968944543029692795244
-1.93607101940363723890925484738545
0.82577710518146441032172333507333
-2.27427280403889264803751757426653
0.35586018114534639922297287739639
-0.01422123272215175537880327283347
