mlp_weights
I:4
J:5
K:1
V:
-2.16356303860429211027849305537529
0.41090961125373748341615964818629
-0.04742890126557651464533904572818
0.15510904765622920975509657637303
0.45693739727579207876573264002218
-1.86515813683418651969248003297253
-1.02956873198111464873250042728614
-0.15750807142535699911789492944081
-0.10569960402463299264930185472622
0.61437712686983991794420489895856
0.22269417818427500455058520856255
-0.31907391773114507360631364463188
1.03190776535349648668216104852036
0.92280556549009251643411744225887
1.38037157908683671969640727184014
-0.94085197196429715127408144326182
-1.33082612334780026053238088934449
-1.21331710449097252002559343964094
1.22247476926194909019329770671902
0.27827589248169037894342636718648
0.98714820777142353591671053436585
-1.06204243974968481900589267752366
1.57035318182749317195145977166248
-1.96372669081995421258568512712372
-0.97880125981465970763650830122060
W:
-3.02252445149032045179637862020172
-0.16495258349477934234350584574713
0.07142929638624317956185905131861
-2.83863222551184701814008803921752
-0.10915312237076832402316028947098
0.40341610831667162884173194470350
