mlp_weights
I:4
J:5
K:1
V:
-2.01476006891501402407129717175849
-0.13800592359874502834671261553012
0.27712301503444286554511677422852
-2.44969542392647765538526982709300
2.00851027210293686664499546168372
0.34498387588536438830288943790947
0.53453721679713106507136899381294
-0.53314835767945656375133012261358
0.41419731310578011829193201265298
0.50286243257837903719575933791930
1.42601444937645860377983808575664
0.44636470199799904712278930674074
-0.01443493676937061820364505138059
-0.19421078289774523772948100486246
0.27963194180547551459525834616215
0.04908935305383943514812017383520
-0.54301577274031842534895986318588
-3.20588968707603383379023398447316
0.70556552454793708406555197143462
-0.91899218638514978962916757154744
0.49870527207595038987619773251936
-0.38221779160563723598542651416210
-0.98497573562369489241774545007502
0.79446709309557228539944162548636
-0.60164214341040844757912964269053
W:
-0.77246134092979479301988021688885
-1.18808874339186698598780367319705
1.49288222398256875678157484799158
-1.38199327255270376646478780457983
-0.35999459862865329506931288960914
-0.72427095984330747135970796080073
