mlp_weights
I:4
J:5
K:1
V:
-0.55186065387676364046853905165335
0.10298460340798534784489959292841
1.10997727325354667016199528006837
0.38917493980213868631778950657463
-1.71916478706351227856430341489613
-1.62200407356375286838101601460949
-0.64268171404609009123021223786054
-1.45474114719146552232587055186741
0.91554858002552108597882352114539
0.68272064929728837334721447405173
-1.80930390571419730250113389047328
-0.20202113569860696840052582956559
-0.48215274399610702493745861829666
-1.70650444236259613006723157013766
1.63825287168009081639752366754692
2.26899411696015373962609373847954
-0.32564774733238588400041635395610
-2.76674449729144678045145155920181
-0.08953085481398291578525316936066
1.67599187897218770970653167751152
0.57475573035972893354283996814047
0.78157316390153885876657113840338
-1.41820951877529655149601239827462
1.11609071359808509349420546641340
-0.30799291017329222253096077110968
W:
-1.02687574371340506473870846093632
-1.17060065964152415496357662050286
-0.50458674125260027931716422244790
0.24457611141766985585199734032358
-0.55667840799966183951141829311382
0.42638720476743413589915121519880
