mlp_weights
I:4
J:5
K:1
V:
1.17917265102590840264440430473769
0.44787894604117794994380119533162
-0.92293540692057229879452506793314
0.82123863585755241256691761009279
-0.42526948671478692620695483128657
1.06750556494162252008095492783468
-1.01836884754866385804916717461310
-1.39103917735549376111237052100478
0.14391160042800052454303738613817
0.17262267706666645228352763297153
0.15799587734292255825074846598000
-0.76673521922950949036845713635557
-1.05938136861372056429786425724160
-0.45664789018157792011010087662726
-0.68614839942205008149755940394243
-1.48412746928247574196291225234745
-0.40639215098228020917048297633301
-1.04432942617721380429429700598121
1.67791361807784533688447936583543
-0.53590246664532326104080084405723
-0.78340621888351935631078504229663
-0.96840227143618784477752114980831
0.64446087741611057797541661784635
0.04419470279945156288015084555809
0.19943457403607503519715749007446
W:
0.65445358846141776787419530592160
-0.32569207536676947345455346294330
1.20698027900380155941206794523168
-2.13760404101768042295361738069914
-1.21451797750929957331322839308996
1.08066342230758349884922608907800
