mlp_weights
I:4
J:5
K:1
V:
0.91597393547260375079588357039029
-0.20758562388388779318404431251111
0.72366243825929299493537882881355
0.48712193304409295846468808122154
-0.82402514947679250667533779051155
-0.15203449123267184783792060898122
1.77922527433612498448667338379892
1.11287549517109485286425751837669
-1.88969807024514335758169636392267
-0.01108538247523019326656879002257
-0.32810859842697559507485038921004
-0.17610472532585391691739573616360
-1.19704901431648380594197078607976
1.49125284114506717614290209894534
-0.04944857915706012824186288412420
-0.07197338500436252506364809278239
1.66629747610130829471586366707925
0.07378415602289484231945948522480
1.99583161905401418323435791535303
-0.03668720109892215086588862504868
-1.94972165301423205896469426079420
0.82741960406563019869707886755350
-1.04399442875935744012849681894295
-0.38544763821650146473629661159066
1.00793657444166928627282686647959
W:
0.52348212275964012274442893613013
-0.34680631594436961417926568174153
-2.29972106193517245031898710294627
0.98575505815836927947515277992352
-1.49959978615841915683404295123182
-1.06633271555714781442247840459459
