mlp_weights
I:4
J:5
K:1
V:
1.39654108633474072220792550069746
-0.91100975633509095885642636858393
-1.24440128479378442349911892961245
-0.20386130198507784738737314000900
0.80179323161466065084113097327645
2.17157765587466888845824541931506
-0.25217804843122065827643041302508
-0.79716794153037828785102192341583
0.36590923796356816799502098547237
0.10518294851399843936601286031873
-0.88082573992335733148451026863768
-0.67756583967614580910066024443950
0.36562146616053270431478949831217
-1.27346855715786944074352504685521
1.58999384949480382367426045675529
-0.51300942909800262281549976250972
-1.94987235273052483819355984451249
1.30546888617491507744716727756895
-0.76561678905865881983316967307474
0.73363963066398363288556083716685
-0.41420223683989532137417199919582
-1.79747366124195329106782992312219
-0.91684385106130217302222717989935
-0.25999569971534131074264450944611
-0.92180011204826639570342194929253
W:
0.86701336174962562175494440452894
1.50995388756508308603088153176941
-0.30862766575386318956830677961989
1.32800384458588061065142937877681
0.60977879518242450451737113326089
-1.72742035258499115890629127534339
