mlp_weights
I:4
J:5
K:1
V:
0.30034263751122286523198567920190
0.45144454966322516975552048279496
0.35454981158818982267533215235744
0.42050773869623664369399307361164
-2.92359960627669623889346439682413
0.15344641663078673055053968710126
0.00668616951087505628770202292799
0.84525698713962427177648351062089
-1.02703508536552301499966688425047
-0.09318152050242389794476594033767
1.43108376729500297308561584941344
0.13412744230286116620121106279839
0.89051856066313206383711076341569
0.15836025334198100544824683311163
0.26384658578831460262748009881761
1.62768502765714906388438976136968
-1.32506226088207568203358732716879
-1.19108296349217313014889896294335
-0.99508066689194463183554262286634
0.56308336605524789142407371400623
-1.39568356080633226845577610220062
0.24510991215936800413643936735753
0.44227987433788956694868943486654
-0.07124402378263412771719487182054
0.72476337829864478923269643928506
W:
-0.89578547353693449561973238814971
-0.02381480095732442514577797965103
1.00275573945212714832564415701199
-0.87577497341075671855037398927379
-2.03107942619572057196819514501840
-0.45127943028780764800345082221611
