mlp_weights
I:4
J:5
K:1
V:
-0.04482731397812116103107626940982
0.63685764932723798459335284860572
-0.01212899252089971735557583087939
0.68179816591791175817149905924452
0.64694076238557818303576141261146
-0.38793357311551796007265124899277
0.48087638074031691104437413741834
-0.31222535223718833607975398081180
0.25608456420129588337886161752976
0.35380142507969658538513613166288
1.56299139019715283005496075929841
0.68730471598594533588766353204846
-0.18746545044620227526976918852597
-0.94521716779580144951466991187772
0.49844567745318846263558043574449
-0.68766328162918632926903228508309
1.55935020294253323669408928253688
-1.20380255628075061302695303311339
-2.14630013992306389880582173645962
1.18857438125077141677365943905897
0.81759193062747881342033906548750
-0.44431318312332890307914112781873
0.06937756851593922247101176026263
-0.20710590130273104358948899061943
-0.30036345566991251576638433107291
W:
-0.68479907036671883169276497937972
-2.61685430687039266572924134379718
0.37833001786623998707881355585414
-2.42632194122208266762186212872621
-0.32144327580941245425805163904442
0.43306079526492813336346898722695
