mlp_weights
I:4
J:5
K:1
V:
2.09722546761448036534147831844166
0.97085196639658577488773971708724
-0.48402809375754518583789831609465
-0.49894149784263086555569088886841
-0.68252217581658758405183107242920
-0.97930236229466494091155936985160
-0.42081818712920965319668198389991
-2.60215183139889250085730054706801
0.28032218209086523508233312895754
-0.35055620393404873791354248169228
1.56449534071371698651375936606200
1.30280721007056032867410522158025
-1.04479128782436792022281224490143
-0.09095639567146091009064434729225
-1.53779021304020924176825246831868
1.27215546951449942625345101987477
0.87228250174525434612604612993891
-0.25697990438690820891309840590111
-2.02818980300177731379562828806229
-0.20499096738269007023092171948520
-1.20513273780628593634389744693181
-0.71184440492131306754686193016823
-0.01210765465352645758878580295459
0.11529932827102609693703527682374
-0.66791523139256492314075330796186
W:
1.85152222713947867127615154458908
0.32006826411993483105788982356898
-0.10883343127680916717636705470795
0.40846306485116484763508992728021
0.06267730213982961040564134691522
0.80651693492792642103950129239820
