mlp_weights
I:4
J:5
K:1
V:
2.05121527375543699633908545365557
-0.18123518827727122526560776805127
1.19922239067978675386427767080022
-1.15446766311555748529826814774424
0.13109335170847313811748335865559
0.73351495970532520907170237478567
1.40897841542671464765135169727728
1.87812390524706795957854410517029
-0.77653035395939129514886190008838
0.58639723894902728851263873366406
0.11404626827391212140483389703149
1.07614525452587517229119384865044
1.23627537355280647801691884524189
0.40791377275886109288194347755052
-2.37725925517435410228017644840293
0.14595621444977219249850008964131
1.03805689014421242966079717007233
-0.50200503306823773819189682399156
0.95121636421552557827396867651260
-0.65605982667505058358869973744731
1.08012610506635553520027315244079
0.66339297323673351858275282211252
-0.52306604043751159238695436215494
0.14039617393207665108079140736663
0.72143227371891294197325805725995
W:
0.38744427843895140606278459927125
0.70848038963115844701690093643265
-0.37358820238411433178882248284935
-0.93231553626962793135390938914497
2.25661703376491384887003732728772
-1.00834999006059766735177163354820
