mlp_weights
I:4
J:5
K:1
V:
-1.89633903426182737206318051903509
-2.93488572281458015567068287055008
-1.73261787710399861595078618847765
2.36516652985332687109121252433397
0.12642052735493158888147036122973
-0.56015024885631736761837373705930
1.66002973667918429789835954579758
-0.38467183415348793484866973813041
0.30919107403137680023519351379946
1.35075292412283864962319057667628
-0.25881406234360604390332127877627
-0.33757513293142837884630580447265
0.32868853723660590437916084738390
0.57209260378120696532988631588523
0.16071246459322677258008127409994
0.83280842293983847746119408839149
-0.12618107429635352922936419872713
1.18336938102735667044385081680957
-0.22441210474462297552733502925548
-0.24872614284296606923518879739277
-0.75842177997735515937449690682115
-0.25170285188375912666103317860689
-2.63483892920003714976928677060641
-0.72928307008617632156699528422905
0.55855731168219191484780594691983
W:
-0.54622743088269609668117254841491
-0.28421054802805395533837895527540
-0.09729965922878215656144362810664
1.67352382808367350364164849452209
-0.57591765647517467741067775932606
-0.41159379458328720913229403777223
