mlp_weights
I:4
J:5
K:1
V:
-0.47845596689419639391260830052488
2.09879757944294675908736280689482
0.31636485321495388944867954705842
0.36270794655628096903043910970155
1.10622105668837789060887644154718
-1.09301654333221276438337099534692
-0.65287013169030150283589364335057
1.20933720393066823639571794046788
0.60423264717273439394773504318437
0.57325995423970499409449530503480
0.62253695868986136385814234017744
-1.15678548765564803701977325545158
0.53195393200115947962558493600227
-0.18500448097326299690124074004416
1.46534247108239168433385657408508
0.56970194002167517943746588571230
0.72297268533255087952227313508047
0.32864785077355768150297876672994
0.04009505166233898881822383941653
1.01426617762016335611008344130823
-2.11372836317873069589268197887577
-0.21240741221876482947017450442218
1.83849462481174286132556972006569
-0.60466841268199300607477653102251
-0.37252947716532180955084641027497
W:
-1.55404728332043395866435275820550
-0.53835839404120444662282807257725
-0.10394222782592242582122565863756
1.58140296618764319980243726604385
-0.81025306022738952105299858885701
1.07406679697407891893590203835629
