mlp_weights
I:4
J:5
K:1
V:
0.95773841607013820986793461997877
1.19845052360594817031369530013762
-1.13949107988722686535254524642369
0.37624434231704806386176187515957
-0.76760189011252755175718220925773
-0.67069549248042548139636664927821
1.32323118565556008263683906989172
-1.64716765037998880139014090673300
0.03192874161853862663429381996139
-0.88849345895585285504125749866944
-0.23246915088958952644304645218654
-1.69649216834362093209165323060006
0.23801075170546337478327814096701
-0.94843895198504502008773897614446
-1.27569171608279918750383785663871
-1.97876297873944162475368102604989
-0.59628084035522488370872906671138
-0.99614241179891138688873297724058
1.19751334055185676419341689324938
-1.68239440652532645792405219253851
1.33184205346411976833564949629363
0.72480446115741259394127382620354
0.27021103644299387935845402353152
0.17281783929627786422500435037364
0.26788225263489368055402906065865
W:
1.83900937631077354694753012154251
-0.23721182110483429728020610127714
1.58311828494879325290867200237699
-1.72956265294808586574504261079710
0.48764780664882184657571428942902
-1.95024488434766429811872967547970
