mlp_weights
I:4
J:5
K:1
V:
0.00021594084987798002617243042778
-0.27030622645792456992808183713350
-1.54349905481953220132140813802835
1.05126221164779676264799945784034
-0.64280763112292760297350469045341
-1.18686313834014733892274762183661
0.26701359831384563481293525910587
-1.26258153684272556027679001999786
0.38145477284647161253516856049828
-0.54021251970143679965730143521796
-0.23810358662098227156000973536720
0.23309901402838598127864599973691
-0.10302262320922982163917680509257
0.27863415670792923695131548811332
2.04897707015809960040542136994191
0.87168307714733583857480425649555
0.01382883761505943054359590860258
-0.61671827738412787756061561594834
1.38120449153063984404354869184317
-0.79987301270867439129119702556636
1.41435410036595943239490225096233
-0.13023131316444291893930085279862
-0.86134251440707954028397352885804
0.65609912667980063716299810039345
-1.15011354457052661359739431645721
W:
0.28326530980956593497310791462951
-0.33838094690983544499118806925253
1.07037090888675323618883794551948
0.91177902510255981471942732241587
1.30566566615587120736563520040363
1.40118696370292350472652742610080
