mlp_weights
I:4
J:5
K:1
V:
-2.03221929493449993131548581004608
-0.45779115735591641156432274328836
0.85523612236250667884007725660922
0.92389192174210676977708089907537
0.90292955816722242357030836501508
-2.57299833994573301509944940335117
0.20352871690811211169425121170207
-0.57212225635169466908536151095177
1.35165427230726087337586704961723
-0.99970032011689580198066096272669
0.53473750814150589061313212368987
0.43784270556344229152756497569499
-0.35739765754805280506545273055963
-0.40206643089064825202783026725228
-0.27420124165735404453414503223030
2.41815031517221701307107650791295
0.36914650950522831518441080334014
0.38139565119485829836065704512293
0.29140384325103019236280488257762
-0.78304354414900090297635415481636
-0.88498178596774645932043767970754
-0.83813752833725974067391462085652
2.21985138536973281020436843391508
0.62168771146482793010790146581712
0.65703453095919694959547996404581
W:
-2.04584248105826871366730301815551
-0.84890283675122335527163386359462
1.29736469364356432620866144134197
0.80635776076256038269463033429929
0.07186778421611773881583218326341
-0.02480439551295032796218720250181
