mlp_weights
I:4
J:5
K:1
V:
-1.05725213887042479576905407157028
0.58213674417385830039961547299754
2.51354515301796777038134678150527
-1.04671114568358003538151024258696
-1.08943202330859856274969388323370
-1.55835313201189085141606938123005
0.35656141525594009511479498542030
0.43698119348747860302140111343761
-1.23353999987618978551040527236182
0.37713632713049488609513559822517
0.09116151299598607149476947597577
0.05072244086398744467025778703828
0.36590020147622259738540151374764
-0.53017911524794514299685488367686
-1.51415046434966638067010080703767
-1.07908611709288582147792112664320
-0.24081003200020456578300809269422
2.15571179052395756059468112653121
0.68025998149713839957541949843289
-1.79096805342501474989092002942925
-0.33510726729076967256304442344117
-1.85668218578825294784451216401067
-2.00526281182492738253131392411888
-1.07972091189236607533530332148075
-0.05484069912898054122152302625182
W:
-1.25402802474138996835506532079307
-0.79992021392192225182071751987678
1.00575418152203654997833837114740
-1.03553027613183545874164792621741
-0.43439143658474310694117548337090
0.35091199919140636520609177750885
