mlp_weights
I:4
J:5
K:1
V:
2.67072436444091776408527039166074
0.06777555243475696933330709725851
0.19999332327743696291477704107820
-0.44444062088155927847665793706255
-0.85377633121459284293308655833243
1.47969522050780821764703887311043
-1.33146391883673143041733055724762
-0.05222540581826989880553924194828
1.29825627697350198808123877824983
-0.37408500915455350499527753527218
-1.24892538305522515784673487360124
-1.28209604098493845647510624985443
0.23648449835965074106169936385413
1.06598044464453800550529649626696
-0.02822023355766772878538972690876
0.16613366145421620823086072959995
-1.43472926344742557347444744664244
1.27474342559397046947822218498914
-2.73942457796164928751636580273043
0.37591345571392309476976834048401
0.72177422849351646760851508588530
-1.13049127656355530291421018773690
-2.39763266939546149103534844471142
0.00333126059030625087942212303460
-0.26931780773699687259181700937916
W:
1.12650525913329757621283988555660
0.45641901705757303986388251360040
-0.13149874234625377744656304912496
-1.59276663605283586022665076598059
1.08241256914679651046640174172353
-0.01454919169005200289823687143098
