mlp_weights
I:4
J:5
K:1
V:
-2.20258189671088233652085364155937
1.33014756077415419177611966006225
-0.83055665248040300152609916040092
-0.28384410717390906597756838891655
-1.12439793474928140248891850205837
-0.08795356459968542428562443546980
1.38036781895487825622126365487929
0.41976416190823251373132052322035
-0.77721005162460110593514173160656
0.49304597953317252923000069131376
-1.15248785155535227175960244494490
-0.35413444723252646140210231351375
-0.02598230341956946423676022561722
-0.28538036863908172735548873788503
1.04721137009879372570253508456517
0.29808601301621173718103818828240
-0.45914474016223022490024163744238
0.33855207860539077158179566140461
-1.28189349949593811572867707582191
1.22754949179237660139563104166882
-0.06559406519942301283521146615385
-1.49950883483246344418660100927809
-0.61660812540216292099160000361735
1.25546224566188602267402529832907
0.49234151186761121454793510565651
W:
-0.61848281934790116931566217317595
-0.34623243994645258592157688326552
-2.44559116150016864210670064494479
2.21516631285398268857989023672417
0.16929037452580947276103984222573
-2.50389832278071233773175663372967
