mlp_weights
I:4
J:5
K:1
V:
-0.30522594717347178994160117326828
-1.55009994113486349043284917570418
0.11656287197069971350860129177818
-1.44892656300232314237064201734029
-1.17535634724161841546674622804858
1.34143486549889789927192396135069
0.12987839180069193911748470782186
-0.09882806981148072045240127181387
3.63589729823776552919412097253371
-1.34128900006860929394747472542804
1.65233076981818016726322184695164
0.27761277042797743996871417948569
1.00789361440404978687013226590352
0.31650829785927392379107914166525
-0.25357031932327744883082232263405
-0.32911521491454648336016930443293
-0.55630686202792933858773949395982
1.28440854084951205926756756525720
-1.17693387629295487251113172533223
-1.52051834719244682858629857946653
0.32409339175497742235876330596511
-3.14897350202560843968058179598302
0.59894697068803737227682404409279
-2.12037313028274621018454126897268
-0.58449140741884753058599244468496
W:
0.38933542905632884112421265854209
0.53736897305885922282442379582790
1.19296393848552861882694742234889
-0.92531974092916613461312635990907
-0.46514931840202711210707775535411
-0.63997626622087655512416404235410
