mlp_weights
I:4
J:5
K:1
V:
1.71689585735148897427393421821762
0.15858046542955328561674832599238
1.17689172342229353418474602221977
1.33077159697196845122846298181685
-0.37714593435874588234213433679543
-2.59559835325217003187958653143141
0.46317676247649675058681850714493
-2.16091369602915195358150413085241
-0.23663681410492734547013071733090
-0.04413126361147411830243569852428
0.66523193181631934400854788691504
0.23685325500899870321269702344580
0.10441764518202577283201293312231
-0.32121011390971565546692545467522
-1.72513034127457220989754205220379
-1.49813496414277058654818119975971
0.02285220672376921113855274825255
-0.09139244443969950226769327628062
-1.90598580662282235387294804240810
0.46808046530776697968789790138544
1.47487423586513233253469934425084
0.07236531969483728232717112405226
0.52892320537774228927929698329535
-1.77961015507073616603861410112586
-1.24051264734955513091563261696137
W:
-0.12393922506332373523196821452075
-0.25937566003747147824753938039066
-0.61136809102530431658806264749728
-0.48983167617788242464982317869726
2.89411313516969626036257068335544
0.62801781178902693625332176452503
