mlp_weights
I:4
J:5
K:1
V:
-3.17354283382911095401368584134616
-1.61730062902251026102362629899289
-1.51211983539804961651498160790652
-1.67091411823674018677365893381648
2.02234164810913918941537303908262
0.10726943405403341347259527083224
-0.73581371739645340390723049495136
-0.64866676220225594207136055047158
-0.53692559278368212627441380391247
-2.63132620330364552785340492846444
0.49532079666593831213106113864342
-0.21773402137178310411513848521281
-0.16679707495406101425139411276177
1.53659101993428737209512746630935
0.66423470171553256058416536689037
-1.63203908811029108072432336484781
-0.65598213194183385699176369598717
0.08067102715243260058208818463754
0.29136079352634891570517083891900
0.13407136246953543778914763606736
1.48502416994872254996096216927981
-0.35895811239073449616654443161679
1.00958476744970093719189208059106
-3.49253956476295490674033317191061
-1.51807109028134923356390117987758
W:
-0.39206675594443984866899199914769
0.58999141725538728486810668982798
1.08413078859136913223437659326009
-1.40928112301825292362877917184960
1.86409517294270599130356913519790
1.69565119591829893685996921703918
