mlp_weights
I:4
J:5
K:1
V:
-1.46526339181298626002103446808178
-0.38390125467129027070356528383854
-1.45768803926599122000595798454015
1.51025843508399582049150922102854
0.07863645895384009654183188331444
-0.35017384296781983721302822232246
2.99154505128391390300635066523682
0.10337566737044590059468873732840
1.47355733999056992544751665263902
-0.94983504704963062081901625788305
0.39226651321554395490665001489106
0.50392586121648375030446231903625
-0.77498031034948389184080497216200
0.80686715396829200575012919216533
-2.17284117428989809184258774621412
-1.32566017025926696781823466153583
1.02087584570747624823638943780679
-0.66099793830160069596502125932602
1.03610666599338396842711063072784
0.55836270772550344876350436607026
1.37653338028467775444596554734744
0.00859622688607661333826115424017
-0.27813694052989579308388101708260
-1.36174205098562106641679747554008
-0.36915563429376985205010441859486
W:
-0.86078699664019575621409785526339
2.07139889538540789004628095426597
-1.08553912075010572380051598884165
-0.76586065746469145221198004946928
1.54684427131815582789897689508507
-1.67559861131410969825594747817377
