mlp_weights
I:4
J:5
K:1
V:
0.22570738668440293306360899805441
1.40911071568894907812818928505294
-0.28326039193047081177212476177374
-0.26291561090261500455156351563346
1.74670576891034023958582110935822
1.64588519157945500914763670152752
-0.54585472751715458095134181348840
-2.35475459760765248873326527245808
-2.42977554388504790594538462755736
-0.19033698099854226559735081991676
-0.77508036783618583509536392739392
-0.32616098111133207115841514678323
-0.07217675055755090607334523156169
0.40827676522730504959923791830079
0.31363027600587728427328215730086
2.01271946037959237330028372525703
-0.61341250736873853544040002816473
-0.21456524189398185065158486395376
-0.39742364470597901782156213812414
1.41556986614615420982943305716617
-1.19225509685736130727207182644634
-2.41666966240443548130656381545123
-0.22095039129215068851586067921744
-1.26741525115083208952171389682917
1.82974181074474606667479292809730
W:
1.27448609271812474119656144466717
1.36976502471780992031824553123442
-0.60628439315346338567280781717272
0.82634447729815352357007895989227
0.30409452952944165948778731944913
0.44077982690441980251350173602987
