mlp_weights
I:4
J:5
K:1
V:
-2.15755900944679623876254481729120
0.24212086769178964296145295520546
-0.76365092180289817491711801267229
-1.30875087019311475700078517547809
1.70155110537424847372278691182146
-0.78620457625649375899001825018786
-0.46124140696700177688427402244997
-1.94156533246898721500883766566403
0.37203170568614968294340883403493
0.93161854986336922745948641022551
0.81490237851598523732832290988881
-1.45825874434093716303095789044164
0.26456192441007714277745321851398
0.36076650021213613195314451331797
0.66246630297766206929566124017583
-1.85228950548719661917118628480239
1.28585371684916882628613166161813
-0.89813631318405895420653450855752
0.96544503955739102707411802839488
-0.82034458633515383585432800828130
-0.28613442937264021992405105265789
-0.04527288086082870144366552267456
1.30076925734191228833935838338220
0.81973792403718037657966988263070
-0.96097733912282101709223525176640
W:
-1.67475658502969149132866277795983
0.04734771895901207505730212687922
0.57471020491764324145123055131990
-1.33438087241700986673720308317570
-1.50633926074753365931258031196194
-0.80029728415465783974980240600416
