mlp_weights
I:4
J:5
K:1
V:
1.14900762227487729383312853315147
1.59082440288302540132292506314116
-0.82472039297359511778040541685186
-0.09254237183360874974269449921849
-0.86800327840790458822084474377334
1.05904041304290674752053291740594
-0.63595825853501419810953620981309
-0.23774903941383460082015233183483
1.33336599866947724812860087695299
0.51714379758358064442802515259245
-1.48332277563272274534256212064065
-0.78661856583166434031539893112495
0.95074236026369352003939638962038
-0.39813331207723012816757091059117
1.13204828756901676456436689477414
-1.35952938441872017705236430629157
0.75229409574330818877285764756380
-0.21264018103033133222368178394390
0.08605030404126198795289326426428
-1.86767975642558203830390084476676
1.68314532229767288562527483009035
0.48430706569484371915024212285061
1.10638241082615729204974286403740
1.33306994405194734198971673322376
2.41376118120071003758653205295559
W:
-1.55509163326730970311473356559873
2.06404458617530917052818040247075
-2.60138891190440002532113794586621
0.95827304075808916739021015018807
0.34378372223542880137259203365829
0.50787222287849376201052109536249
