mlp_weights
I:4
J:5
K:1
V:
-0.94389182680642758072053766227327
-0.39159091422187697340007161983522
-1.46282705589760841924373835354345
2.29457013262350351112672797171399
0.03293637110737348411282354732066
0.70087607397139972675859098671935
-0.85557982984162805895067549499799
0.45310236666043024467143141009728
-0.68608246685668128339585791763966
-0.47952245896394329882639340212336
-1.93607491546680487992659891460789
1.41260209768599653834542095864890
-0.22464949490465344061895791583083
1.04639681839940168472935511090327
-1.12240148140080275851460100966506
1.28376452319286271652742925653001
1.02553991007070011143298415845493
1.08361493117538532082733127026586
1.94539454019417523689128302066820
-0.84315498215023820804958631924819
-0.85768085888164180552450943650911
0.68802117615212643464417396899080
-0.85327196915100012031274445689633
0.79896188426745562427555569229298
-0.30502295293654424490625842736335
W:
-2.86403806371383273798869595339056
-2.06626927229225598736661595467012
-0.20418464713521533582252232008614
0.58367652835420291701495898450958
-2.16247937719835547909497108776122
-0.53144561970961623487141878285911
