mlp_weights
I:4
J:5
K:1
V:
2.02286494241530911963877770176623
-0.02023263259114406811822739484796
-1.02168153517089033144316090329085
-1.10224642451086363159618031204445
0.15340961004237588238829914644157
-0.08978826553085911266194329982682
-0.48890687623612461010225160862319
-1.14960940564940283792338959756307
1.80252311387315389268337639805395
-1.86004020154739246883934811194194
1.35617172696308108115204049681779
0.34942435309653963049214553393540
0.95648827443660267011438236295362
2.06568827379720154624465067172423
-2.34174324968923963652400743740145
-0.09685889982333006908987727001659
-2.34228507490360460252531993319280
0.05758120641448011278740182206093
-1.44751565437685481008145416126354
-1.95597389709086622033851199375931
0.54198462388192014671517426904757
0.76693585471368497241684281107155
0.76060615897627714687700972717721
0.01100755138595064901163578241494
0.70080033045472989172708366822917
W:
2.31571343528000062050864471530076
0.23733257044535893687253746975330
-2.52265530259619197295251069590449
-1.03941633026842206177775551623199
0.74992133925843540431799283396685
-2.46605803341878493384342618810479
