mlp_weights
I:4
J:5
K:1
V:
-2.55014737923841305899941289681010
0.02912711807825330012633457954507
1.12481878674164437192928289732663
-0.69955680258416441663626983427093
-1.61897027359998935125418029201683
0.98481366226887756543106888784678
-0.41163301765147825017621130427870
0.66986558147595298695620158468955
0.47060596498977425028442667098716
1.66036088683943394705977425473975
1.19994910586903613669562673749169
1.20962361826044384471856574236881
1.21866003041961623587496887921588
2.02158842630756563352179000503384
-1.99776164439695635977045640174765
0.59581493139853913820758180008852
0.16965507470330501438304793282441
-1.27657847439137350775695267657284
-0.27497379636499308386277107274509
-0.20363237944498929765657635471143
-1.44520363359760506405393698514672
0.51375355590060078903036355768563
-0.15585528386957073210261626172723
1.03100044691672798613524264510488
0.47148411556588487592023284378229
W:
-1.40360735404019787431195709359599
0.53444265818104630394458354203380
1.30680172366737723521623593114782
-1.28667517466492853372983518056571
-0.70062406227788298629377550241770
0.24586090665934473564746554075100
