mlp_weights
I:4
J:5
K:1
V:
0.64336339506030904011879556492204
0.22744345912555258282239378786471
0.04564905436397291571548606725628
0.31128384154923544047122163647145
-2.21866722847260966489102429477498
1.05055238152951280206082174117910
-1.19378556424068871244514866702957
-0.50963319437656617871823527821107
-0.50059440090895601649378932052059
-0.39841996225805198506009219272528
-1.74752469216292372067300675553270
0.08072903971103091713690247388513
0.78246490169896365518553693618742
-2.38071315633244529053058613499161
-0.16061346069461127084032625589316
-0.03909727818065084070653369963111
-2.65880734409831154252401574922260
0.67821374031143522032039072655607
0.48644399575926849932372419971216
-1.22491447140273512772523645253386
-2.02560759339182316907113090564962
-0.05086698016029135571702823881424
-0.72859914244192802712518641783390
0.04218874733547625655027957236598
0.86841253323707079392335117518087
W:
0.26764159303237061715563527286577
0.77982254193030975386591308051720
-3.01900612032806581197519335546531
-0.52412608448574582453716175223235
0.24124279508505541702589880515006
0.82110495888628676208753631726722
