mlp_weights
I:4
J:5
K:1
V:
1.22971877797451045744026032480178
-0.43517044354051642729430682265956
0.37332493630374885551503894021153
1.46669865672158450387030370620778
0.01196396119923133320728236839159
-0.70828762093387243048425716551719
1.39994543126966797252919150196249
-1.30240074716813136745940937544219
-0.82326280393931272616470096181729
0.35787331013185108563590119956643
-0.51246841502945572610627777976333
-1.77937531596061893068849713017698
0.06652775453575150710339158877105
0.30700289550823717243943633548042
-1.17103519158880375883313718077261
0.30402799255588153215512647875585
0.56302905036566075480664039787371
-1.54670708379682508848418365232646
-1.67470499638390291075040750001790
1.72730922568638600722579212742858
-1.03627906752737231066419099079212
0.06796869764796258095440606439297
0.11171217692398699439237930164381
-2.31899419941094198094333478366025
0.47132905951656994814058521114930
W:
1.30932734437056752518913071980933
-0.02807931377229518077331960057563
-0.27994574661781318480890945465944
-0.06945258834164882988382316852949
-0.37647307392012052673635480459780
-0.74155700116838285662623775351676
