mlp_weights
I:4
J:5
K:1
V:
-0.17508804067282932037663556457119
0.52868089867252565650090900817304
-1.10075891312034213065373933204683
0.24160520851394415298152296145417
0.44486436972535559064567678433377
-0.37851766704722517031811435117561
2.11372043536029696753075768356211
-2.43611843523106941233891120646149
-0.16852078050557456334601624803327
-0.49028777208526430619883740291698
-1.32286557804839066676549919066019
1.36091306677844237071894895052537
-1.56227723256773942672737121029058
1.29607717157180446498898618301610
-0.60933682360416530077174002144602
-0.96017306013038250522839689438115
-0.27224853959728428920428200399328
0.85640815718220997254661597253289
0.98392805380479353427602973169996
1.42005313676824629354200624220539
1.55355065737106134982070670957910
0.76919218807153877381921347478055
-1.18890762474322175812346813472686
-0.08848377759140929610381931524898
-1.18551608894628657253633718937635
W:
1.69697677320390671873440169292735
-1.64442307387450492583980121708009
0.25968701599435584093100715108449
-0.83552254605775200246853273711167
-0.71111997041065355684708038097597
1.16563090327296348114316515420796
