mlp_weights
I:4
J:5
K:1
V:
0.15437521762234324151918940515316
0.04230101267975325263215324866906
0.43717067135353260276531273120781
-0.19201565025479006010300508933142
-0.66136240918908362207417894751416
1.07409874381028735967902321135625
-0.14252053469201969582158540106320
0.59629237440444626816571371819009
0.82419333486000589950037920061732
-0.37380378422143412109335258719511
1.56164380102158184548954977799440
0.21054338613457190820810183140566
-1.83169808750716223144650030008052
1.42255672000440225311024278198602
-0.71915351396094640001876996393548
1.05556308477939397860723147459794
0.50590145327939961550356429142994
0.75006266940437604784364111765171
0.64598588991144700877100603975123
-1.05211878997459806761582967737922
0.21313095380151608759788928182388
-0.57622021961108915721894163652905
1.60362630232118608120117642101832
-1.49577334578555354305251512414543
0.13803806717491678979214952960319
W:
3.19676032113943531243194229318760
-0.69311375385693774209272532971227
3.19192330231989052080621149798390
2.79528792472285037007395658292808
-0.41351939070981985624442245352839
-0.47550826986621425040979715959111
