mlp_weights
I:4
J:5
K:1
V:
0.48303271656633950392745191493304
0.64650521467313870616067106311675
-0.12864144868284951850334607570403
-2.14580255961009536136430142505560
-1.44779203712136750326067158312071
-2.30152504775816524329457024578005
0.53961560324303514679655791042023
-0.10114200709876207395776503972229
-1.20103069707391507670024566323264
-1.30533739896771194821667450014502
0.19796561494928427427097972213232
0.03010373105877911514838274342765
-1.06359003001322682813167830317980
1.56290279506451912361342238000361
0.29869151808686633664535747811897
1.49669024104271675135180430515902
-0.75756405760021738871046181884594
0.11523786765183202662754524681077
0.04306801192211336115622799525227
1.17746329100729885119847040186869
0.29774341588924690960027419350808
1.49194230983186892913749943545554
-0.12201018549157199855059729998175
1.72277354818275663106419415271375
-0.99682102979896125560799191589467
W:
-0.64579416445760884357696340885013
-1.69840288512440507062706274155062
2.00241379494113802550714353856165
1.68177551544244674452954768639756
2.91628129643069256005105671647470
0.56214733104072789338090387900593
