mlp_weights
I:4
J:5
K:1
V:
-2.13155973094401174350309702276718
0.38132742610544684280782234964136
-0.58217691544733440878189867362380
0.01442605888342433917426177458765
-0.13844415324543718481820064880594
-3.23853006779538521442418641527183
0.97927573958385072394605685985880
0.59320626829494083054328257276211
-0.55974512446506075047381045806105
-0.84916481850649150331378223199863
-1.70032433223650802922577440767782
-1.23257735907712562273275125335203
-1.23526351564243896952177692583064
1.03881256504807839569082261732547
0.75187321104271753746672857232625
0.32775578977312669337607076158747
-1.75929712453810704886336679919623
0.96703512064879992848887013678905
-0.70671515372627835560592757246923
-1.35624437224279836833318313438212
1.86939350762882305900802748510614
2.43491318318227856210000936698634
0.62648527753839977627592361386633
-2.03926417736626630627938538964372
0.49892173151828556054709906675271
W:
-1.47952221916053683337111124274088
-1.35914793845376169478811334556667
0.14052457965001236006585827453819
1.29987551576891768867483278881991
1.14597527838148560697106859151972
0.46988086146086704975033399023232
