mlp_weights
I:4
J:5
K:1
V:
-1.61928411145849282526398837944726
-0.42227517191204139157534314108489
-1.21948171420087514427166297537042
-1.56979029856033069911802613205509
0.26750511214190664244227946255705
1.47735140520344598868973662320059
0.42349623065541069921735584102862
1.27533183594982491015912273724098
-0.68716727870635951891387094292440
-0.08941494493330950921183841728634
0.51026619417179519544447430234868
-0.94200425374029883585080824559554
-1.11450180105492790971766225993633
1.14705780899928222460459892317886
-1.05864060009499683090439248189796
0.43326576740671440823859938973328
0.27479265848777872927044541029318
-2.33646253218946053920035410556011
-0.37674388008316189724311584541283
0.21064558275194658620854681885248
-0.64424919091170440577087674682843
0.81436722411711270908085680275690
-1.01031681546213714106841052853270
-0.65246489025976384112937012105249
0.74347304051097984345375380144105
W:
-0.16709256043873854657988431426929
1.29377395439189513126621022820473
-0.94000920607079407886885746847838
1.82318249354204664491874154919060
-1.04139924343018930308346625679405
0.30433242676907878987435651652049
