mlp_weights
I:4
J:5
K:1
V:
-0.69144399269053469225809749332257
-1.73306822432021223612252924795030
-0.06170516984532406490338019011688
1.73693782959958142875223074952373
1.86158100762084366408544156001881
-2.56150490271665987052074342500418
0.29177688713125438102480302404729
-1.25151325409640534758182184305042
0.23900529418483845711662638677808
-2.11811945082276054108660900965333
1.04414678776419123096275143325329
-0.53262578559243078935026005638065
-0.91072924318529879794681392013445
1.20550518915625026750149118015543
-2.10545987936328993228585204633418
-1.73031278216559125660012341541005
-0.08031078372425777545107195010132
-1.63143771221032141127693648741115
-0.43273989270589274802603085845476
1.25078925758470727025439828139497
-0.94399742464399249985973483489943
1.07521512073720737490134524705354
0.87634433045836090947489083191613
0.40829661085112078922065848018974
-0.21068470823119117563138047444227
W:
-0.20125734010396906237261305250286
1.35431901882827632199735035101185
-0.42353696443168781238242104336678
-1.81134010699012915068806250928901
-1.02950110408920814109023922355846
1.49665411693606942300505124876508
