mlp_weights
I:4
J:5
K:1
V:
0.98862982237156360465490934075206
0.85391910803919623962343621315085
0.17492458825608989125832692934637
0.56948574294261433692554419394583
-1.21196209394009479787257532734657
-2.29720180440460852722139861725736
0.23239228292606259329566853466531
1.88766662204752644349525780853583
-0.97786218441892314157115606576554
-0.62079065849224990270016633076011
-0.07328511193388270728021893773985
-2.48929387623503606263852816482540
0.66465743798333543068679318821523
0.43462380888883200835692832697532
0.60074207916224398040583309921203
-0.09805812899208976585185837393510
0.53898968020767790143565889593447
2.77378573980744569382750341901556
-1.00966419483388292199776969937375
-0.16293289632330637539681106318312
-0.26376077904011502317516146831622
0.50858048423423918293906353937928
1.82797432424660177829878193733748
0.30072620573731490001279098578379
0.73215193459066274517255124010262
W:
0.60060378859882934676761578884907
-2.05532628263013261715741464286111
-0.88281705305044511078449431806803
-0.39976966645969191915810370119289
0.30152175478041443046350877921213
-0.39439252581996397939434473300935
