mlp_weights
I:4
J:5
K:1
V:
1.71653167036518605748085519735469
0.42814704611129061895269387605367
0.10426041249955320111553191964049
-2.93851420848388134032802554429509
-2.80843305819967037351148064772133
1.06971742221149401785851296153851
0.67534440755007552059652198295225
0.34063161478578207752576645361842
1.67994753448682576646433517453261
0.49516620371534914024636009344249
-0.42280233787159449132531108261901
0.10960200140882647712459174726973
0.86601132633523547621479110603104
-0.57681331547166470041787533773459
-1.08591503473214867625529223005287
0.59579696425751227373268648079829
-0.87489296559543183740004224091535
0.13602085378765110812437910681183
0.04606391966786272523792789002073
0.03438032949804675775240525581466
-0.56635197144376181466185471435892
0.35549114916830681920600909506902
-0.08537695803571124231190481168596
0.40587447181971181286996852577431
-2.12538101013932179128573807247449
W:
0.10975442333498547364811770421511
1.93507283461285206627167099213693
-1.05589925918976912377900134742958
0.58178387845355483687370679035666
1.35881759045020156229099939082516
-0.67916026992304467935213097007363
