mlp_weights
I:4
J:5
K:1
V:
0.01211839899581754198543137590605
-2.62065591784436469069419217703398
-1.14527145195368129648727517633233
2.07909119589789170845506305340677
2.25170351992870987345440880744718
1.49359693453900099768816289724782
-0.98712072242735171556660134228878
1.32033907581646015039211761177285
1.59430104520264581680066839908250
-1.19563298223694336464006937603699
-0.54674080266912827852365808212198
0.65468068268859869185405386815546
1.97566225701220465893470645823982
0.86521979090000167289531418646220
0.52930284806575988998389448170201
-1.08316953576653807189700273738708
-0.06418237076102190075133080426895
-2.00488874506042247247705745394342
0.42507997520783635803098832184332
0.35206334697546737277917827668716
-0.13603321586449490521175675894483
-1.74134263140258349622513378562871
1.31214343350318340952753715100698
-0.50991760574591982191350325592794
1.51974541881487024141961228451692
W:
1.73378736134889965825323088211007
-0.01487153611856037449534539973683
0.39372968892418358510809639483341
-3.39955111203730320212912374699954
-2.36061063636485934935649311228190
-0.56413469811480521087787565193139
