mlp_weights
I:4
J:5
K:1
V:
1.16016434157330516896422523132060
-1.17853297661232403470421559177339
0.10533458786869123735563391619507
1.22346667463025915445484770316398
-0.03947492153595593550319264863901
-2.31823825685048667821774870390072
0.14100857241504630157358235464926
-0.40622981482926029395130740340392
0.31494955184895756516993969853502
-1.10775548064802475956014404800953
0.12638635876207665598158769171278
0.21591677573182155303044282845804
0.69645107264202388286378209159011
0.53030559103133745324498704576399
0.73543583937107992465342931609484
0.12055784643486655571820165278041
1.52665932876483911861953401967185
-0.32190776161164397217717692001315
1.87628374373640838257415452972054
-1.11140806803885960896138840325875
-2.48592223786407418018029602535535
0.93140751680185551730772886003251
0.32014200870463593862069728857023
-0.36893761577083750147210139402887
1.85804790590273194439419057744090
W:
0.61421135477919075462693854206009
2.53156845727765178466484030650463
0.88087348636946916080603386944858
-0.35734731493445115457774363676435
-0.43425884886104970661335755721666
0.89743654054594812485845523042371
