mlp_weights
I:4
J:5
K:1
V:
-2.54238618618715550567799255077261
0.80751893809762254061723751874524
0.74989217459774426544072412070818
0.62630561603527579173089634423377
1.49916305697334251156860318587860
1.51412164481032984753028358682059
1.03269411765517138412917574896710
0.53360823669287749115852648174041
1.57933870723228131360826864693081
-0.76452857643529681386240781648667
2.02310430756533676799335808027536
0.28047851727740774618879981971986
-2.15603761237434721209638155414723
-0.82963828538514272636916757619474
-0.13386601976380568812530214017897
0.60061996102669634733928205605480
0.68619832443019779244508526971913
-0.02738252145577661778030886807755
-0.62330754080511319159541017143056
0.66123959721160951996665744445636
-2.10964570169022058720997847558465
2.08351345259568931922444789961446
-0.92990137765398073188549687984050
1.17922735334762385228657421976095
-1.15993797753249272552977799932705
W:
0.49605452122534521297581022736267
0.61807838402436843239229347091168
0.97414221898992681136775217964896
0.68288373176637462425020430600853
-1.37415861912586390047863460495137
0.35479333977284893686388045352942
