mlp_weights
I:4
J:5
K:1
V:
0.04080098878444778087715150149961
2.69349905386924248773539147805423
-1.33296785137792750397522922867211
0.32206507583337912192789076470945
-0.84225146039480558446399527383619
-1.35546780390456578224700479040621
-0.06412885221564834647978159409831
-0.11301013221870326308504672851996
-0.02079801455922607178461447574591
-0.26971716106670023949121173245658
0.80806323482547159908762068880606
-1.75770336660592363386967917904258
0.38973653851372352940884979943803
1.28110334634996614333601883117808
0.11911693647732622680646130675086
1.44038952254741747793786998954602
0.71514742556165034059745266858954
-0.15377887199716000488081135699758
-0.60070990910219668190705988308764
-0.74307033797733068603008632635465
0.90320644175508446593880762520712
-1.98826030020853727897645057964837
0.42128278813511382816514583282697
0.51030064269854236158607818651944
0.03908904659645520696109599612100
W:
0.68539853432013753131712974209222
-1.10360633482824765927432508760830
1.10433595242639603917211843508994
0.19781341396277368760436843331263
-0.19947696602179712521696330895793
-0.00836513524770587935108778765425
