mlp_weights
I:4
J:5
K:1
V:
4.14720801873937006121195736341178
1.30323484287086088784235471393913
1.02463329143415582400677976693260
2.10383735294117935055169255065266
-1.46867009966535544407406632672064
3.57234947794026647116538697446231
2.96163667934758345623436071036849
-0.43119607171636137321613091444306
-1.50331275331873093215051540028071
1.07001536915250494708118367270799
0.23361181733198915777549586891837
-4.23614940646888094022415316430852
0.14755011535708664749400043092464
-4.10917953803174373916817785357125
-0.65834294078083088752606499838294
-1.35912970949117895003155354061164
-0.35718008144584428853463009545521
2.25568058640926016877870097232517
1.21785795307729638459193211019738
0.47097549187094883693660563039884
-2.98867542918253725758859218331054
-0.43332726239309565796631318335130
0.53415329274803025061402195206028
-1.90611418173646662843623289518291
0.58508893592109423309466365026310
W:
1.24262316439736086870482267840998
2.32523540441213549812005112471525
-0.12863342440690483936549526333692
-0.27336670089040576714367603017308
-1.22215112230585898345225359662436
-1.76201393066757239225239572988357
