mlp_weights
I:4
J:5
K:1
V:
1.30880222713243643539726690505631
1.21688010688814207682639789709356
1.93065747251931818517789452016586
-3.29667882911768339582181397418026
0.82720059717860550119183926653932
2.07322207724571638820521002344321
-2.80203897070414109649050260486547
0.09835902691129963515415113306517
-2.44693690759438275961201725294814
5.98839853542195754698695964179933
-1.50506892644811540726834664383205
0.51877499554419370664248845059774
-0.01732360435193824876876078633359
-2.85143228776518586897736895480193
-1.73562943656505508371878931939136
0.23407980645343476333586352211569
0.43565515263209653173959168270812
0.68987993397286562213821525801904
-0.15265614767588442379775415247423
-1.27638645713624576671918475767598
1.60886668492429896204498618317302
1.97897836672689519943446612160187
-1.11431814639765747187993838451803
-0.29775914057609809137971978998394
1.34040839406673861766705613263184
W:
2.05061944815230967620323099254165
2.23414911001634841625218541594222
-2.50480563915541543096310306282248
2.33674155880673239948919217567891
0.61900830574869281086591854545986
-1.26605809990659801123058514349395
